crop_file,true_label,pred_label,logits,softmax,goodness
00011152.npy,1,1,"[-0.10377895832061768, 0.271331250667572]","[0.4073067903518677, 0.5926932096481323]",0.5926932096481323
00011153.npy,1,1,"[-0.02949620969593525, 0.5552510619163513]","[0.35784095525741577, 0.6421590447425842]",0.6421590447425842
00011154.npy,1,1,"[0.03683217614889145, 0.1100531741976738]","[0.48170289397239685, 0.5182970762252808]",0.5182970762252808
00011155.npy,1,1,"[-0.0327463336288929, 0.18665286898612976]","[0.445369154214859, 0.5546308159828186]",0.5546308159828186
00011156.npy,1,1,"[-0.10021311044692993, 0.12935173511505127]","[0.4428594708442688, 0.5571404695510864]",0.5571404695510864
00011157.npy,0,1,"[-0.2954701781272888, -0.24901491403579712]","[0.4883882999420166, 0.5116117596626282]",0.5116117596626282
00011158.npy,1,1,"[-0.23304253816604614, 0.11809539049863815]","[0.4131065011024475, 0.5868934392929077]",0.5868934392929077
00011159.npy,1,1,"[-0.07755360007286072, 0.16440662741661072]","[0.4398033618927002, 0.5601966977119446]",0.5601966977119446
00011160.npy,1,1,"[0.06124396622180939, 0.2761818766593933]","[0.4464714825153351, 0.5535285472869873]",0.5535285472869873
00011161.npy,1,1,"[0.07913770526647568, 0.48894885182380676]","[0.39895740151405334, 0.601042628288269]",0.601042628288269
00011162.npy,1,1,"[-0.12796643376350403, -0.08358809351921082]","[0.48890724778175354, 0.5110927820205688]",0.5110927820205688
00011163.npy,1,1,"[-0.3314173221588135, 0.12904375791549683]","[0.3868764638900757, 0.6131235361099243]",0.6131235361099243
00011164.npy,1,1,"[0.00618584081530571, 0.28507912158966064]","[0.4307251274585724, 0.56927490234375]",0.56927490234375
00011165.npy,1,1,"[0.023969970643520355, 0.30927756428718567]","[0.4291530251502991, 0.5708469748497009]",0.5708469748497009
00011166.npy,1,1,"[0.1694558560848236, 0.38904091715812683]","[0.44532325863838196, 0.5546767115592957]",0.5546767115592957
00011167.npy,1,1,"[-0.017294861376285553, 0.26830944418907166]","[0.42908036708831787, 0.5709196329116821]",0.5709196329116821
00011168.npy,1,1,"[-0.16765540838241577, 0.29684916138648987]","[0.3859177827835083, 0.6140822768211365]",0.6140822768211365
00011169.npy,1,1,"[-0.1863141655921936, 0.22539454698562622]","[0.3985024690628052, 0.6014975309371948]",0.6014975309371948
00011170.npy,1,1,"[-0.294207364320755, 0.42246213555336]","[0.32812678813934326, 0.671873152256012]",0.671873152256012
00011171.npy,1,1,"[-0.2734399735927582, 0.21291324496269226]","[0.3807530403137207, 0.6192469596862793]",0.6192469596862793
00011172.npy,0,1,"[-0.12633143365383148, 0.13510647416114807]","[0.43501028418540955, 0.5649897456169128]",0.5649897456169128
00011173.npy,1,1,"[-0.2120259702205658, 0.10844913870096207]","[0.42056000232696533, 0.5794400572776794]",0.5794400572776794
00011174.npy,1,1,"[0.14436891674995422, 0.35608789324760437]","[0.447267085313797, 0.5527328848838806]",0.5527328848838806
00011175.npy,1,1,"[-0.03017505817115307, 0.22781607508659363]","[0.4358575940132141, 0.5641424059867859]",0.5641424059867859
00011176.npy,1,1,"[0.041091687977313995, 0.2527676820755005]","[0.4472777247428894, 0.5527222752571106]",0.5527222752571106
00011177.npy,1,1,"[0.005191512405872345, 0.21574926376342773]","[0.44755417108535767, 0.5524458289146423]",0.5524458289146423
00011178.npy,1,1,"[0.1902453601360321, 0.4634520709514618]","[0.4321199953556061, 0.5678799748420715]",0.5678799748420715
00011179.npy,0,1,"[-0.28177610039711, 0.11527977138757706]","[0.4020198881626129, 0.5979800820350647]",0.5979800820350647
00011180.npy,1,1,"[0.11943385750055313, 0.3109542429447174]","[0.4522657096385956, 0.547734260559082]",0.547734260559082
00011181.npy,1,1,"[-0.22022539377212524, 0.15769946575164795]","[0.40662750601768494, 0.5933725237846375]",0.5933725237846375
00011182.npy,1,1,"[-0.001075558364391327, 0.31095176935195923]","[0.4226199984550476, 0.5773800611495972]",0.5773800611495972
00011183.npy,1,1,"[0.11569061130285263, 0.3471774160861969]","[0.44238534569740295, 0.5576146245002747]",0.5576146245002747
00011184.npy,1,0,"[0.17848166823387146, 0.1668609380722046]","[0.5029051899909973, 0.49709486961364746]",0.49709486961364746
00011185.npy,1,0,"[0.32598984241485596, 0.31647202372550964]","[0.5023794174194336, 0.497620552778244]",0.497620552778244
00011186.npy,1,1,"[0.09125981479883194, 0.4624551832675934]","[0.40825220942497253, 0.5917477607727051]",0.5917477607727051
00011187.npy,1,1,"[-0.1548522710800171, 0.13069763779640198]","[0.42909368872642517, 0.5709063410758972]",0.5709063410758972
00011188.npy,1,1,"[-0.06509505212306976, 0.23649951815605164]","[0.4251677095890045, 0.5748322606086731]",0.5748322606086731
00011189.npy,1,1,"[0.05784936249256134, 0.24260205030441284]","[0.45394277572631836, 0.5460572838783264]",0.5460572838783264
00011190.npy,1,1,"[0.07995437830686569, 0.33362463116645813]","[0.4369203448295593, 0.5630797147750854]",0.5630797147750854
00011191.npy,1,1,"[-0.16004493832588196, 0.10481565445661545]","[0.4341692328453064, 0.5658307075500488]",0.5658307075500488
00011192.npy,1,1,"[-0.12158947438001633, 0.2545398473739624]","[0.40706080198287964, 0.5929391980171204]",0.5929391980171204
00011193.npy,1,1,"[-0.1782074272632599, 0.028968729078769684]","[0.4483904242515564, 0.5516095757484436]",0.5516095757484436
00011194.npy,1,1,"[-0.09802436083555222, 0.2694667875766754]","[0.40914738178253174, 0.5908526182174683]",0.5908526182174683
00011195.npy,1,1,"[-0.1531074345111847, 0.13195741176605225]","[0.4292124807834625, 0.5707874894142151]",0.5707874894142151
00011196.npy,1,1,"[0.21069714426994324, 0.4847992956638336]","[0.4319003224372864, 0.5680997371673584]",0.5680997371673584
00011197.npy,1,1,"[-0.1027178019285202, 0.16332104802131653]","[0.4338798224925995, 0.5661201477050781]",0.5661201477050781
00011198.npy,1,1,"[0.005892906337976456, 0.23093000054359436]","[0.4439769387245178, 0.5560230612754822]",0.5560230612754822
00011199.npy,1,1,"[-0.1348666399717331, 0.31614795327186584]","[0.38911959528923035, 0.610880434513092]",0.610880434513092
00011200.npy,1,1,"[0.04599462449550629, 0.2963946461677551]","[0.4377250671386719, 0.5622749328613281]",0.5622749328613281
00011201.npy,1,1,"[0.0012719258666038513, 0.21292415261268616]","[0.44728362560272217, 0.5527164340019226]",0.5527164340019226
00011202.npy,1,1,"[-0.257135808467865, 0.036606669425964355]","[0.4270879030227661, 0.5729120969772339]",0.5729120969772339
00011203.npy,1,1,"[0.07731572538614273, 0.5067911744117737]","[0.39425158500671387, 0.6057484745979309]",0.6057484745979309
00011204.npy,1,1,"[-0.1373153030872345, 0.3380061686038971]","[0.3833574950695038, 0.6166424751281738]",0.6166424751281738
00011205.npy,1,1,"[-0.07863929122686386, 0.09740284830331802]","[0.45610275864601135, 0.5438972115516663]",0.5438972115516663
00011206.npy,1,1,"[0.25953835248947144, 0.6146902441978455]","[0.4121336340904236, 0.5878663063049316]",0.5878663063049316
00011207.npy,1,1,"[-0.09706692397594452, 0.14036107063293457]","[0.44092029333114624, 0.5590797662734985]",0.5590797662734985
00011208.npy,0,1,"[0.05624442547559738, 0.16130831837654114]","[0.47375816106796265, 0.5262418389320374]",0.5262418389320374
00011209.npy,1,1,"[-0.04900052770972252, 0.1741822361946106]","[0.4444347620010376, 0.5555652379989624]",0.5555652379989624
00011210.npy,1,0,"[-0.23447707295417786, -0.25271403789520264]","[0.5045590996742249, 0.49544087052345276]",0.49544087052345276
00011211.npy,1,1,"[0.10116814821958542, 0.4484458863735199]","[0.41404274106025696, 0.5859572887420654]",0.5859572887420654
00011212.npy,1,1,"[-0.3344555199146271, 0.003492586314678192]","[0.4163080155849457, 0.5836920142173767]",0.5836920142173767
00011213.npy,0,1,"[-0.058360856026411057, 0.024808049201965332]","[0.4792197346687317, 0.5207802653312683]",0.5207802653312683
00011214.npy,1,1,"[-0.1258082091808319, 0.18128085136413574]","[0.4238254427909851, 0.5761745572090149]",0.5761745572090149
00011215.npy,1,1,"[0.052034392952919006, 0.4278068542480469]","[0.4071469306945801, 0.5928530693054199]",0.5928530693054199
00011216.npy,0,1,"[0.10750021785497665, 0.5504322052001953]","[0.391042560338974, 0.6089574694633484]",0.6089574694633484
00011217.npy,0,1,"[0.06757206469774246, 0.24959388375282288]","[0.45461979508399963, 0.5453802347183228]",0.5453802347183228
00011218.npy,1,1,"[-0.15466830134391785, 0.14679372310638428]","[0.42520013451576233, 0.5747998952865601]",0.5747998952865601
00011219.npy,1,1,"[0.19791322946548462, 0.2397238314151764]","[0.48954886198043823, 0.5104511380195618]",0.5104511380195618
00011220.npy,0,1,"[0.227522075176239, 0.5594576001167297]","[0.41776978969573975, 0.582230269908905]",0.582230269908905
00011221.npy,1,1,"[-0.020180078223347664, 0.1500169038772583]","[0.4575531482696533, 0.5424467921257019]",0.5424467921257019
00011222.npy,1,1,"[0.11766273528337479, 0.3131292164325714]","[0.4512884020805359, 0.5487116575241089]",0.5487116575241089
00011223.npy,1,1,"[-0.11826631426811218, 0.4153885841369629]","[0.36966484785079956, 0.6303352117538452]",0.6303352117538452
00011224.npy,1,1,"[0.055935606360435486, 0.5918182134628296]","[0.369145929813385, 0.630854070186615]",0.630854070186615
00011225.npy,1,1,"[0.010784391313791275, 0.40755653381347656]","[0.40208813548088074, 0.5979118943214417]",0.5979118943214417
00011226.npy,0,1,"[-0.5645285248756409, -0.15746647119522095]","[0.3996167778968811, 0.6003832221031189]",0.6003832221031189
00011227.npy,1,1,"[0.22409331798553467, 0.3082899749279022]","[0.4789632558822632, 0.5210367441177368]",0.5210367441177368
00011228.npy,1,1,"[-0.06684437394142151, 0.3246060311794281]","[0.403368204832077, 0.5966318249702454]",0.5966318249702454
00011229.npy,1,1,"[-0.013989981263875961, 0.1594598889350891]","[0.4567459225654602, 0.5432540774345398]",0.5432540774345398
00011230.npy,1,1,"[-0.17766869068145752, 0.06180448830127716]","[0.44041621685028076, 0.559583842754364]",0.559583842754364
00011231.npy,0,1,"[-0.044493384659290314, 0.13228636980056763]","[0.4559198021888733, 0.5440801978111267]",0.5440801978111267
00011232.npy,1,1,"[-0.13351166248321533, 0.1891343593597412]","[0.42003104090690613, 0.5799689888954163]",0.5799689888954163
00011233.npy,1,1,"[-0.09052550792694092, 0.1821725070476532]","[0.43224483728408813, 0.5677551031112671]",0.5677551031112671
00011234.npy,1,1,"[-0.25833994150161743, 0.23200193047523499]","[0.3798130750656128, 0.620186984539032]",0.620186984539032
00011235.npy,1,1,"[0.08229842036962509, 0.36862313747406006]","[0.42890384793281555, 0.5710961222648621]",0.5710961222648621
00011236.npy,1,1,"[0.15034958720207214, 0.5908307433128357]","[0.3916263282299042, 0.6083737015724182]",0.6083737015724182
00011237.npy,1,0,"[-0.008173849433660507, -0.048307158052921295]","[0.5100319981575012, 0.4899680018424988]",0.4899680018424988
00011238.npy,0,1,"[-0.17605668306350708, 0.1984298825263977]","[0.4074573516845703, 0.5925426483154297]",0.5925426483154297
00011239.npy,1,1,"[-0.10878673195838928, 0.1804344356060028]","[0.428194522857666, 0.571805477142334]",0.571805477142334
00011240.npy,1,1,"[0.0640961304306984, 0.5814948678016663]","[0.37346068024635315, 0.6265392899513245]",0.6265392899513245
00011241.npy,1,1,"[-0.10026822984218597, 0.060100652277469635]","[0.459993451833725, 0.5400065183639526]",0.5400065183639526
00011242.npy,1,1,"[-0.15249544382095337, 0.10675594955682755]","[0.43554773926734924, 0.5644522309303284]",0.5644522309303284
00011243.npy,1,1,"[-0.09327098727226257, 0.37833288311958313]","[0.3842366933822632, 0.6157633066177368]",0.6157633066177368
00011244.npy,0,1,"[-0.013433229178190231, 0.2740028202533722]","[0.4286316931247711, 0.5713683366775513]",0.5713683366775513
00011245.npy,1,1,"[-0.14753273129463196, 0.1897035539150238]","[0.41648098826408386, 0.5835189819335938]",0.5835189819335938
00011246.npy,1,1,"[-0.35311704874038696, 0.17284101247787476]","[0.37146008014678955, 0.6285399198532104]",0.6285399198532104
00011247.npy,1,1,"[-0.2210536003112793, 0.1891128420829773]","[0.3988721966743469, 0.6011278033256531]",0.6011278033256531
00011248.npy,0,1,"[0.09364975243806839, 0.22140967845916748]","[0.4681033790111542, 0.5318965911865234]",0.5318965911865234
00011249.npy,0,1,"[-0.16791841387748718, 0.09103084355592728]","[0.4356220066547394, 0.5643779635429382]",0.5643779635429382
00011250.npy,1,1,"[-0.057275962084531784, 0.10622545331716537]","[0.4592154622077942, 0.5407845377922058]",0.5407845377922058
00011251.npy,1,1,"[0.10870685428380966, 0.2207331657409668]","[0.47202268242836, 0.5279772877693176]",0.5279772877693176
00011252.npy,1,1,"[-0.16817185282707214, 0.12524467706680298]","[0.4271676540374756, 0.5728323459625244]",0.5728323459625244
00011253.npy,1,1,"[0.1300058662891388, 0.554643452167511]","[0.3954075574874878, 0.6045924425125122]",0.6045924425125122
00011254.npy,1,1,"[0.027831658720970154, 0.18360009789466858]","[0.46113646030426025, 0.5388635993003845]",0.5388635993003845
00011255.npy,1,1,"[-0.15191255509853363, -0.10085266828536987]","[0.487237811088562, 0.512762188911438]",0.512762188911438
00011256.npy,1,1,"[-0.1716119796037674, 0.5173770785331726]","[0.3342580199241638, 0.6657419800758362]",0.6657419800758362
00011257.npy,1,1,"[0.10484369844198227, 0.38096854090690613]","[0.4314040541648865, 0.5685958862304688]",0.5685958862304688
00011258.npy,1,1,"[-0.2103070616722107, 0.2628077268600464]","[0.38387924432754517, 0.6161206960678101]",0.6161206960678101
00011259.npy,1,1,"[-0.43955931067466736, 0.02374066412448883]","[0.3862032890319824, 0.6137967705726624]",0.6137967705726624
00011260.npy,1,1,"[-0.3546821177005768, 0.05080238729715347]","[0.399995356798172, 0.6000046730041504]",0.6000046730041504
00011261.npy,1,1,"[-0.21059024333953857, 0.05112690478563309]","[0.4349416494369507, 0.5650583505630493]",0.5650583505630493
00011262.npy,0,1,"[-0.16469204425811768, 0.3420671224594116]","[0.3759535253047943, 0.6240464448928833]",0.6240464448928833
00011263.npy,0,1,"[-0.07144299894571304, 0.41913360357284546]","[0.37975776195526123, 0.6202422976493835]",0.6202422976493835
00011264.npy,1,1,"[-0.542741060256958, -0.11473197489976883]","[0.39460185170173645, 0.6053981184959412]",0.6053981184959412
00011265.npy,0,1,"[-0.12657514214515686, 0.35949862003326416]","[0.3808189034461975, 0.6191810369491577]",0.6191810369491577
00011266.npy,1,1,"[0.09868127852678299, 0.3004962205886841]","[0.44971680641174316, 0.5502831935882568]",0.5502831935882568
00011267.npy,1,0,"[0.07975108176469803, 0.07917008548974991]","[0.5001452565193176, 0.4998547434806824]",0.4998547434806824
00011268.npy,0,1,"[0.1515963077545166, 0.34917187690734863]","[0.4507661759853363, 0.5492338538169861]",0.5492338538169861
00011269.npy,0,1,"[0.3829548954963684, 0.7341963052749634]","[0.41308143734931946, 0.5869185924530029]",0.5869185924530029
00011270.npy,0,1,"[-0.009654268622398376, 0.13989096879959106]","[0.46268320083618164, 0.5373167991638184]",0.5373167991638184
00011271.npy,1,1,"[-0.08074676990509033, 0.05295885354280472]","[0.46662330627441406, 0.5333766937255859]",0.5333766937255859
00011272.npy,1,1,"[0.020995594561100006, 0.30192047357559204]","[0.4302270710468292, 0.5697729587554932]",0.5697729587554932
00011273.npy,1,1,"[-0.30776160955429077, 0.16034558415412903]","[0.38506433367729187, 0.6149356961250305]",0.6149356961250305
00011274.npy,1,1,"[0.0423690602183342, 0.4649180471897125]","[0.3959069550037384, 0.6040930151939392]",0.6040930151939392
00011275.npy,1,1,"[-0.3356998860836029, 0.035617709159851074]","[0.40822267532348633, 0.5917773246765137]",0.5917773246765137
00011276.npy,1,1,"[-0.2361074984073639, 0.14480528235435486]","[0.4059067666530609, 0.5940932035446167]",0.5940932035446167
00011277.npy,1,1,"[-0.041798025369644165, 0.23593449592590332]","[0.4310097396373749, 0.5689902305603027]",0.5689902305603027
00011278.npy,1,1,"[-0.0526927188038826, 0.07705648988485336]","[0.46760812401771545, 0.5323918461799622]",0.5323918461799622
00011279.npy,1,1,"[-0.18633565306663513, 0.12809842824935913]","[0.42203283309936523, 0.5779672265052795]",0.5779672265052795
00011280.npy,1,1,"[0.12817072868347168, 0.4961080849170685]","[0.4090394973754883, 0.5909604430198669]",0.5909604430198669
00011281.npy,1,1,"[-0.17267149686813354, 0.17285704612731934]","[0.41446712613105774, 0.5855328440666199]",0.5855328440666199
00011282.npy,1,1,"[-0.05445729196071625, 0.3545399010181427]","[0.39915260672569275, 0.6008473634719849]",0.6008473634719849
00011283.npy,1,1,"[0.038136765360832214, 0.4230393171310425]","[0.4049450159072876, 0.5950549840927124]",0.5950549840927124
00011284.npy,1,1,"[-0.13158735632896423, 0.04458104819059372]","[0.4560714662075043, 0.5439285635948181]",0.5439285635948181
00011285.npy,1,1,"[-0.03152953460812569, 0.04557187855243683]","[0.4807341694831848, 0.5192657709121704]",0.5192657709121704
00011286.npy,1,1,"[-0.10543068498373032, 0.4105756878852844]","[0.3737865686416626, 0.6262134313583374]",0.6262134313583374
00011287.npy,0,1,"[-0.1624617576599121, 0.3305763900279999]","[0.37917813658714294, 0.6208218336105347]",0.6208218336105347
00011288.npy,1,1,"[-0.3837929964065552, -0.3173348009586334]","[0.48339155316352844, 0.5166084170341492]",0.5166084170341492
00011289.npy,1,1,"[-0.133281871676445, 0.39243564009666443]","[0.37151625752449036, 0.6284837126731873]",0.6284837126731873
00011290.npy,1,1,"[-0.07171168178319931, 0.1421419084072113]","[0.44673943519592285, 0.5532606244087219]",0.5532606244087219
00011291.npy,1,1,"[-0.11453618109226227, 0.2888887822628021]","[0.4004897475242615, 0.5995102524757385]",0.5995102524757385
00011292.npy,1,1,"[-0.06983990222215652, 0.010205395519733429]","[0.4799993336200714, 0.5200006365776062]",0.5200006365776062
00011293.npy,1,1,"[-0.17015691101551056, 0.23521891236305237]","[0.40002143383026123, 0.5999786257743835]",0.5999786257743835
00011294.npy,1,1,"[-0.12569591403007507, 0.1416858732700348]","[0.4335499703884125, 0.5664499998092651]",0.5664499998092651
00011295.npy,1,1,"[-0.10504567623138428, 0.21787986159324646]","[0.41996294260025024, 0.5800370573997498]",0.5800370573997498
00011296.npy,1,1,"[-0.17308585345745087, 0.3896408677101135]","[0.3629167675971985, 0.6370832324028015]",0.6370832324028015
00011297.npy,1,1,"[-0.09008322656154633, -0.06599731743335724]","[0.4939788281917572, 0.5060212016105652]",0.5060212016105652
00011298.npy,1,1,"[-0.08156245201826096, 0.2028360664844513]","[0.4293757677078247, 0.5706242322921753]",0.5706242322921753
00011299.npy,0,1,"[-0.23104101419448853, 0.03246109187602997]","[0.4345029890537262, 0.5654969811439514]",0.5654969811439514
00011300.npy,1,1,"[0.029782980680465698, 0.52281254529953]","[0.3791801333427429, 0.6208198070526123]",0.6208198070526123
00011301.npy,1,1,"[-0.15323957800865173, 0.2318156659603119]","[0.4049082398414612, 0.5950918197631836]",0.5950918197631836
00011302.npy,1,1,"[-0.010113026946783066, 0.21591690182685852]","[0.4437319040298462, 0.5562681555747986]",0.5562681555747986
00011303.npy,1,1,"[-0.2747950255870819, 0.2783460319042206]","[0.36513593792915344, 0.6348640322685242]",0.6348640322685242
00011304.npy,1,1,"[-0.17035675048828125, -0.061260536313056946]","[0.47275295853614807, 0.5272470712661743]",0.5272470712661743
00011305.npy,0,1,"[-0.18644049763679504, 0.35851067304611206]","[0.3670365512371063, 0.6329634785652161]",0.6329634785652161
00011306.npy,1,1,"[-0.09793195873498917, 0.03746963292360306]","[0.46620121598243713, 0.5337987542152405]",0.5337987542152405
00011307.npy,1,1,"[-0.09394736588001251, 0.1153949424624443]","[0.4478547275066376, 0.55214524269104]",0.55214524269104
00011308.npy,1,1,"[0.3736143112182617, 0.56586754322052]","[0.45208418369293213, 0.5479158163070679]",0.5479158163070679
00011309.npy,1,1,"[0.14463603496551514, 0.3415818512439728]","[0.4509221017360687, 0.5490779280662537]",0.5490779280662537
00011310.npy,1,1,"[-0.023098472505807877, 0.1515243649482727]","[0.45645490288734436, 0.543545126914978]",0.543545126914978
00011311.npy,1,1,"[-0.3172844350337982, -0.081720270216465]","[0.4413797855377197, 0.5586202144622803]",0.5586202144622803
00011312.npy,1,1,"[-0.3127520680427551, -0.11372434347867966]","[0.4504067003726959, 0.5495933294296265]",0.5495933294296265
00011313.npy,1,1,"[-0.22726735472679138, 0.23154032230377197]","[0.38726872205734253, 0.6127312779426575]",0.6127312779426575
00011314.npy,1,1,"[0.03497793525457382, 0.3892679512500763]","[0.41234248876571655, 0.5876575112342834]",0.5876575112342834
00011315.npy,1,1,"[-0.10381173342466354, 0.21922877430915833]","[0.4199349284172058, 0.5800650715827942]",0.5800650715827942
00011316.npy,1,1,"[0.03474359214305878, 0.060797110199928284]","[0.49348700046539307, 0.5065129995346069]",0.5065129995346069
00011317.npy,0,1,"[-0.0688391774892807, 0.25175267457962036]","[0.4205315113067627, 0.5794684886932373]",0.5794684886932373
00011318.npy,1,1,"[-0.13899853825569153, 0.17211320996284485]","[0.42284339666366577, 0.5771566033363342]",0.5771566033363342
00011319.npy,1,1,"[0.05160298943519592, 0.1354411244392395]","[0.47905272245407104, 0.520947277545929]",0.520947277545929
00011320.npy,1,1,"[0.12603089213371277, 0.2174181342124939]","[0.47716909646987915, 0.5228309631347656]",0.5228309631347656
00011321.npy,1,1,"[-0.39772266149520874, -0.16227968037128448]","[0.4414096772670746, 0.5585903525352478]",0.5585903525352478
00011322.npy,0,1,"[-0.46928659081459045, 0.07314590364694595]","[0.36762189865112305, 0.632378101348877]",0.632378101348877
00011323.npy,1,1,"[-0.2402207851409912, 0.07590944319963455]","[0.42161914706230164, 0.578380823135376]",0.578380823135376
00011324.npy,1,1,"[-0.19792678952217102, 0.2713392972946167]","[0.38478994369506836, 0.6152100563049316]",0.6152100563049316
00011325.npy,0,1,"[-0.0366206169128418, 0.23625585436820984]","[0.4322010278701782, 0.567798912525177]",0.567798912525177
00011326.npy,0,1,"[0.0525442510843277, 0.20180374383926392]","[0.4627542793750763, 0.5372457504272461]",0.5372457504272461
00011327.npy,0,1,"[-0.01781882345676422, 0.18950119614601135]","[0.4483548402786255, 0.5516451001167297]",0.5516451001167297
00011328.npy,0,1,"[-0.2884884774684906, 0.21429121494293213]","[0.37688764929771423, 0.6231123805046082]",0.6231123805046082
00011329.npy,1,1,"[0.10680600255727768, 0.40337032079696655]","[0.42639756202697754, 0.5736024379730225]",0.5736024379730225
00011330.npy,1,1,"[-0.2570731043815613, 0.2721225321292877]","[0.3707045018672943, 0.6292954683303833]",0.6292954683303833
00011331.npy,1,1,"[0.02737562358379364, 0.3309674859046936]","[0.4246796667575836, 0.5753203630447388]",0.5753203630447388
00011332.npy,1,1,"[-0.03932887688279152, 0.2576804757118225]","[0.42628875374794006, 0.5737112760543823]",0.5737112760543823
00011333.npy,1,1,"[0.17263278365135193, 0.5588393807411194]","[0.4046308398246765, 0.5953692197799683]",0.5953692197799683
00011334.npy,1,1,"[-0.05489714443683624, 0.016132548451423645]","[0.48225003480911255, 0.5177499651908875]",0.5177499651908875
00011335.npy,1,1,"[-0.05748791992664337, 0.2758186161518097]","[0.41743630170822144, 0.5825636386871338]",0.5825636386871338
00011336.npy,1,1,"[-0.12529698014259338, -0.06758634001016617]","[0.4855763614177704, 0.514423668384552]",0.514423668384552
00011337.npy,1,1,"[-0.275605171918869, 0.04313579946756363]","[0.42098262906074524, 0.5790174007415771]",0.5790174007415771
00011338.npy,1,1,"[-0.22724169492721558, -0.0625312402844429]","[0.45891520380973816, 0.5410847663879395]",0.5410847663879395
00011339.npy,0,1,"[0.2923213541507721, 0.7389041781425476]","[0.3901735544204712, 0.6098264455795288]",0.6098264455795288
00011340.npy,0,1,"[-0.13046279549598694, 0.4999772608280182]","[0.34741079807281494, 0.6525892615318298]",0.6525892615318298
00011341.npy,0,1,"[-0.5484368205070496, -0.12202882766723633]","[0.3949844241142273, 0.6050156354904175]",0.6050156354904175
00011342.npy,1,1,"[-0.02888364903628826, 0.2665106952190399]","[0.4266837537288666, 0.573316216468811]",0.573316216468811
00011343.npy,1,1,"[-0.12810784578323364, 0.2800687849521637]","[0.3993494212627411, 0.6006506085395813]",0.6006506085395813
00011344.npy,1,1,"[-0.23456132411956787, -0.041845109313726425]","[0.4519695043563843, 0.5480304956436157]",0.5480304956436157
00011345.npy,0,1,"[-0.1290290653705597, 0.0766359493136406]","[0.44876420497894287, 0.5512357950210571]",0.5512357950210571
00011346.npy,0,1,"[0.1425418257713318, 0.3581172227859497]","[0.44631391763687134, 0.5536860823631287]",0.5536860823631287
00011347.npy,1,1,"[-0.2647864818572998, 0.14296022057533264]","[0.3994525372982025, 0.6005474925041199]",0.6005474925041199
00011348.npy,1,1,"[-0.14077910780906677, 0.01081807166337967]","[0.46217310428619385, 0.5378268957138062]",0.5378268957138062
00011349.npy,1,1,"[-0.1066427156329155, 0.06686129420995712]","[0.45673248171806335, 0.543267548084259]",0.543267548084259
00011350.npy,0,1,"[-0.06426920741796494, 0.4178312122821808]","[0.3817562758922577, 0.6182437539100647]",0.6182437539100647
00011351.npy,1,1,"[-0.07499866187572479, 0.37223297357559204]","[0.39001917839050293, 0.6099808812141418]",0.6099808812141418
00011352.npy,0,1,"[0.20856982469558716, 0.5245091319084167]","[0.42166566848754883, 0.5783343315124512]",0.5783343315124512
00011353.npy,1,1,"[-0.385509192943573, 0.10450398176908493]","[0.37989047169685364, 0.6201095581054688]",0.6201095581054688
00011354.npy,1,1,"[0.0645793080329895, 0.3231317400932312]","[0.4357195794582367, 0.5642803907394409]",0.5642803907394409
00011355.npy,1,1,"[-0.03681694716215134, 0.3129701316356659]","[0.41343405842781067, 0.5865659713745117]",0.5865659713745117
00011356.npy,1,1,"[0.020476482808589935, 0.4153313934803009]","[0.402549147605896, 0.597450852394104]",0.597450852394104
00011357.npy,1,1,"[-0.19213688373565674, 0.04066383093595505]","[0.44206124544143677, 0.5579387545585632]",0.5579387545585632
00011358.npy,1,1,"[-0.1884308159351349, 0.8258964419364929]","[0.2661338448524475, 0.7338661551475525]",0.7338661551475525
00011359.npy,0,1,"[-0.16863198578357697, 0.21226277947425842]","[0.4059111177921295, 0.5940888524055481]",0.5940888524055481
00011360.npy,1,1,"[-0.014147460460662842, 0.20347213745117188]","[0.4458087682723999, 0.5541911721229553]",0.5541911721229553
00011361.npy,1,1,"[0.13002640008926392, 0.2472822666168213]","[0.470719575881958, 0.529280424118042]",0.529280424118042
00011362.npy,0,1,"[-0.022581614553928375, 0.16802158951759338]","[0.45249295234680176, 0.5475070476531982]",0.5475070476531982
00011363.npy,1,1,"[-0.19244447350502014, 0.11190428584814072]","[0.42449474334716797, 0.575505256652832]",0.575505256652832
00011364.npy,1,1,"[-0.021380430087447166, 0.5594614148139954]","[0.35873889923095703, 0.641261100769043]",0.641261100769043
00011365.npy,0,1,"[0.09551145881414413, 0.24521508812904358]","[0.4626438319683075, 0.5373561382293701]",0.5373561382293701
00011366.npy,0,1,"[-0.5149637460708618, -0.1578456461429596]","[0.4116573631763458, 0.5883426070213318]",0.5883426070213318
00011367.npy,1,1,"[-0.07455286383628845, 0.2713288962841034]","[0.4143814444541931, 0.5856186151504517]",0.5856186151504517
00011368.npy,1,1,"[-0.041584163904190063, 0.2598496377468109]","[0.4252070188522339, 0.5747929811477661]",0.5747929811477661
00011369.npy,0,1,"[-0.19397014379501343, 0.37457677721977234]","[0.3615722060203552, 0.6384277939796448]",0.6384277939796448
00011370.npy,1,1,"[-0.08557218313217163, 0.1396740972995758]","[0.4439253509044647, 0.5560746788978577]",0.5560746788978577
00011371.npy,1,1,"[-0.3312961757183075, 0.17278644442558289]","[0.37658169865608215, 0.6234182715415955]",0.6234182715415955
00011372.npy,1,1,"[-0.0772632509469986, 0.43744802474975586]","[0.37408971786499023, 0.625910222530365]",0.625910222530365
00011373.npy,1,1,"[0.09630104154348373, 0.25234684348106384]","[0.4610675275325775, 0.5389325022697449]",0.5389325022697449
00011374.npy,0,1,"[-0.2261277437210083, 0.31642600893974304]","[0.3675937056541443, 0.6324062943458557]",0.6324062943458557
00011375.npy,1,1,"[0.05817350745201111, 0.15149754285812378]","[0.47668591141700745, 0.5233141183853149]",0.5233141183853149
00011376.npy,1,1,"[-0.13527534902095795, 0.25653383135795593]","[0.4032818675041199, 0.5967181324958801]",0.5967181324958801
00011377.npy,1,1,"[-0.0029440633952617645, 0.36534515023231506]","[0.4089544713497162, 0.5910454988479614]",0.5910454988479614
00011378.npy,1,1,"[-0.02172628417611122, 0.5028299689292908]","[0.3717874586582184, 0.628212571144104]",0.628212571144104
00011379.npy,1,1,"[0.06333588063716888, 0.0847143903374672]","[0.4946555495262146, 0.5053443908691406]",0.5053443908691406
00011380.npy,1,1,"[-0.049623042345047, 0.10918337851762772]","[0.4603815972805023, 0.5396183729171753]",0.5396183729171753
00011381.npy,1,1,"[-0.04915004223585129, 0.2896823585033417]","[0.4160931408405304, 0.583906888961792]",0.583906888961792
00011382.npy,1,1,"[-0.024555062875151634, 0.40848490595817566]","[0.3934006690979004, 0.6065993905067444]",0.6065993905067444
00011383.npy,1,1,"[-0.12636087834835052, 0.1868802011013031]","[0.4223238527774811, 0.5776761770248413]",0.5776761770248413
00011384.npy,1,1,"[-0.020265886560082436, 0.220359206199646]","[0.4401323199272156, 0.5598676800727844]",0.5598676800727844
00011385.npy,0,1,"[0.09901260584592819, 0.33610987663269043]","[0.4410018026828766, 0.558998167514801]",0.558998167514801
00011386.npy,1,1,"[0.17316678166389465, 0.5622020363807678]","[0.4039495587348938, 0.5960504412651062]",0.5960504412651062
00011387.npy,1,1,"[-0.08752842247486115, -0.023164689540863037]","[0.48391464352607727, 0.5160853862762451]",0.5160853862762451
00011388.npy,1,1,"[-0.25033190846443176, -0.054586492478847504]","[0.4512193202972412, 0.5487806797027588]",0.5487806797027588
00011389.npy,1,1,"[0.036232851445674896, 0.22890406847000122]","[0.45198068022727966, 0.5480193495750427]",0.5480193495750427
00011390.npy,1,1,"[-0.269991397857666, -0.013326995074748993]","[0.4361838698387146, 0.5638161897659302]",0.5638161897659302
00011391.npy,1,1,"[0.23138117790222168, 0.6306884288787842]","[0.4014787971973419, 0.5985211730003357]",0.5985211730003357
00011392.npy,1,1,"[0.07143614441156387, 0.2879331409931183]","[0.44608616828918457, 0.5539138317108154]",0.5539138317108154
00011393.npy,1,1,"[-0.33944880962371826, 0.038824357092380524]","[0.40654346346855164, 0.5934565663337708]",0.5934565663337708
00011394.npy,1,1,"[0.08830457180738449, 0.2230038046836853]","[0.46637600660324097, 0.533623993396759]",0.533623993396759
00011395.npy,1,1,"[0.06650719046592712, 0.17249596118927002]","[0.47352758049964905, 0.5264723896980286]",0.5264723896980286
00011396.npy,1,1,"[0.028993643820285797, 0.07673721760511398]","[0.4880663752555847, 0.5119336247444153]",0.5119336247444153
00011397.npy,1,1,"[0.10330624133348465, 0.29302099347114563]","[0.4527130424976349, 0.5472869277000427]",0.5472869277000427
00011398.npy,1,1,"[-0.3101184368133545, 0.06893476098775864]","[0.40635526180267334, 0.5936446785926819]",0.5936446785926819
00011399.npy,1,1,"[0.006070449948310852, 0.32851552963256836]","[0.4200799763202667, 0.5799199938774109]",0.5799199938774109
00011400.npy,1,1,"[0.08208516985177994, 0.47877368330955505]","[0.40210822224617004, 0.5978917479515076]",0.5978917479515076
00011401.npy,1,1,"[-0.03136876970529556, 0.17725345492362976]","[0.44803279638290405, 0.551967203617096]",0.551967203617096
00011402.npy,1,1,"[0.19574257731437683, 0.8999660015106201]","[0.33087652921676636, 0.6691235303878784]",0.6691235303878784
00011403.npy,1,1,"[-0.013976890593767166, 0.21320205926895142]","[0.4434482753276825, 0.5565516948699951]",0.5565516948699951
00011404.npy,1,1,"[-0.28392449021339417, 0.2657778263092041]","[0.36593347787857056, 0.6340665221214294]",0.6340665221214294
00011405.npy,1,1,"[-0.04768203943967819, -0.03142419084906578]","[0.4959356188774109, 0.5040643811225891]",0.5040643811225891
00011406.npy,1,1,"[-0.30785101652145386, -0.217038094997406]","[0.4773123562335968, 0.5226876735687256]",0.5226876735687256
00011407.npy,1,1,"[-0.01567736640572548, 0.276187539100647]","[0.4275473654270172, 0.5724526643753052]",0.5724526643753052
00011408.npy,1,1,"[-0.03583258390426636, 0.1501801311969757]","[0.4536304473876953, 0.5463695526123047]",0.5463695526123047
00011409.npy,0,1,"[-0.16278380155563354, 0.08254776149988174]","[0.4389728903770447, 0.5610271692276001]",0.5610271692276001
00011410.npy,1,1,"[0.2562656104564667, 0.5109055638313293]","[0.43668174743652344, 0.5633181929588318]",0.5633181929588318
00011411.npy,1,1,"[0.02112959325313568, 0.4756235182285309]","[0.3882928192615509, 0.6117071509361267]",0.6117071509361267
00011412.npy,1,1,"[0.17799553275108337, 0.3262345492839813]","[0.46300795674324036, 0.5369920134544373]",0.5369920134544373
00011413.npy,1,1,"[-0.05307382345199585, 0.20615658164024353]","[0.4355528950691223, 0.5644470453262329]",0.5644470453262329
00011414.npy,0,1,"[-0.013227544724941254, 0.27892494201660156]","[0.4274769723415375, 0.5725229978561401]",0.5725229978561401
00011415.npy,1,1,"[-0.17415238916873932, 0.30475229024887085]","[0.38251081109046936, 0.617489218711853]",0.617489218711853
00011416.npy,1,1,"[-0.12737955152988434, 0.15097978711128235]","[0.43085601925849915, 0.5691439509391785]",0.5691439509391785
00011417.npy,1,1,"[0.10260462015867233, 0.2922937870025635]","[0.45271942019462585, 0.5472806096076965]",0.5472806096076965
00011418.npy,1,1,"[0.08284229785203934, 0.370888888835907]","[0.42848214507102966, 0.571517825126648]",0.571517825126648
00011419.npy,1,1,"[-0.17826515436172485, 0.3626749515533447]","[0.36796891689300537, 0.6320310831069946]",0.6320310831069946
00011420.npy,1,1,"[-0.17288243770599365, 0.1072353646159172]","[0.43042489886283875, 0.5695751309394836]",0.5695751309394836
00011421.npy,1,1,"[-0.10195498168468475, 0.10430771857500076]","[0.4486163854598999, 0.5513836145401001]",0.5513836145401001
00011422.npy,1,1,"[0.2748261094093323, 0.8023891448974609]","[0.37108543515205383, 0.6289145350456238]",0.6289145350456238
00011423.npy,1,1,"[-0.10083683580160141, 0.03362136334180832]","[0.4664360284805298, 0.533564031124115]",0.533564031124115
00011424.npy,1,1,"[0.025645658373832703, 0.3183296322822571]","[0.4273469150066376, 0.57265305519104]",0.57265305519104
00011425.npy,1,1,"[-0.08671347796916962, 0.12340844422578812]","[0.44766196608543396, 0.5523380637168884]",0.5523380637168884
00011426.npy,1,1,"[-0.14285731315612793, 0.17135551571846008]","[0.4220867455005646, 0.577913224697113]",0.577913224697113
00011427.npy,1,1,"[0.11849675327539444, 0.4212334454059601]","[0.42488861083984375, 0.5751113891601562]",0.5751113891601562
00011428.npy,1,1,"[-0.41253966093063354, 0.17675596475601196]","[0.3567964732646942, 0.6432035565376282]",0.6432035565376282
00011429.npy,1,1,"[0.030577681958675385, 0.23098748922348022]","[0.4500645697116852, 0.5499354004859924]",0.5499354004859924
00011430.npy,1,1,"[-0.036185599863529205, 0.3021192252635956]","[0.41622135043144226, 0.5837786793708801]",0.5837786793708801
00011431.npy,1,1,"[-0.05890834331512451, 0.2884683310985565]","[0.4140187203884125, 0.5859813094139099]",0.5859813094139099
00011432.npy,1,1,"[-0.20949697494506836, 0.12938398122787476]","[0.41608133912086487, 0.5839186310768127]",0.5839186310768127
00011433.npy,1,1,"[-0.1299077272415161, 0.07288538664579391]","[0.4494747519493103, 0.5505252480506897]",0.5505252480506897
00011434.npy,1,1,"[-0.0815730169415474, 0.27505603432655334]","[0.4117758274078369, 0.5882241129875183]",0.5882241129875183
00011435.npy,1,1,"[0.005517162382602692, 0.42173412442207336]","[0.39742234349250793, 0.6025776863098145]",0.6025776863098145
00011436.npy,1,1,"[-0.11404602974653244, 0.20372644066810608]","[0.4212186932563782, 0.578781247138977]",0.578781247138977
00011437.npy,1,1,"[-0.3914729952812195, 0.07213785499334335]","[0.38612958788871765, 0.6138704419136047]",0.6138704419136047
00011438.npy,1,1,"[0.011968635022640228, 0.3313511312007904]","[0.420826256275177, 0.579173743724823]",0.579173743724823
00011439.npy,1,1,"[0.1885892152786255, 0.35541799664497375]","[0.4583892822265625, 0.5416107177734375]",0.5416107177734375
00011440.npy,1,1,"[-0.1222761794924736, -0.06710987538099289]","[0.4862119257450104, 0.513788104057312]",0.513788104057312
00011441.npy,1,1,"[-0.07970590144395828, 0.12449391931295395]","[0.4491266906261444, 0.5508732795715332]",0.5508732795715332
00011442.npy,1,1,"[-0.0649755671620369, 0.30341076850891113]","[0.4089309871196747, 0.5910689830780029]",0.5910689830780029
00011443.npy,1,1,"[0.11934187263250351, 0.37216663360595703]","[0.43712836503982544, 0.5628716349601746]",0.5628716349601746
00011444.npy,1,1,"[-0.07827584445476532, 0.2761320173740387]","[0.41231393814086914, 0.5876860618591309]",0.5876860618591309
00011445.npy,1,1,"[0.02555225044488907, 0.31247907876968384]","[0.42875638604164124, 0.5712435841560364]",0.5712435841560364
00011446.npy,1,1,"[0.028163373470306396, 0.23007625341415405]","[0.44969257712364197, 0.5503074526786804]",0.5503074526786804
00011447.npy,1,1,"[-0.22146683931350708, 0.24367114901542664]","[0.3857676684856415, 0.6142323613166809]",0.6142323613166809
00011448.npy,1,1,"[0.10279851406812668, 0.19924747943878174]","[0.4759064316749573, 0.5240935683250427]",0.5240935683250427
00011449.npy,1,1,"[0.060380756855010986, 0.41248929500579834]","[0.41287121176719666, 0.5871288180351257]",0.5871288180351257
00011450.npy,1,1,"[0.18115124106407166, 0.6347010135650635]","[0.3885171115398407, 0.6114829182624817]",0.6114829182624817
00011451.npy,1,1,"[0.10758016258478165, 0.2696214020252228]","[0.45957809686660767, 0.5404219031333923]",0.5404219031333923
00011452.npy,1,1,"[-0.13193242251873016, 0.21294090151786804]","[0.4146261513233185, 0.5853738188743591]",0.5853738188743591
00011453.npy,1,1,"[0.06343504041433334, 0.45473775267601013]","[0.40340375900268555, 0.5965962409973145]",0.5965962409973145
00011454.npy,1,1,"[-0.15696045756340027, 0.0900297537446022]","[0.4385644495487213, 0.5614355802536011]",0.5614355802536011
00011455.npy,1,1,"[-0.011698730289936066, 0.23650547862052917]","[0.4382655620574951, 0.5617344379425049]",0.5617344379425049
00011456.npy,1,1,"[0.2799331843852997, 0.4800185263156891]","[0.45014485716819763, 0.54985511302948]",0.54985511302948
00011457.npy,1,1,"[0.028561383485794067, 0.4900825321674347]","[0.3866250514984131, 0.6133749485015869]",0.6133749485015869
00011458.npy,1,1,"[0.1802980601787567, 0.581673800945282]","[0.4009818434715271, 0.5990181565284729]",0.5990181565284729
00011459.npy,1,1,"[-0.10246745496988297, 0.2485542893409729]","[0.4131346642971039, 0.5868653059005737]",0.5868653059005737
00011460.npy,1,1,"[-0.06260234117507935, 0.16663548350334167]","[0.44294020533561707, 0.5570597648620605]",0.5570597648620605
00011461.npy,1,1,"[0.4341099262237549, 0.7630874514579773]","[0.4184894263744354, 0.5815105438232422]",0.5815105438232422
00011462.npy,0,1,"[0.06119222193956375, 0.2656433582305908]","[0.4490645229816437, 0.5509354472160339]",0.5509354472160339
00011463.npy,1,1,"[-0.15509530901908875, 0.16336777806282043]","[0.42105036973953247, 0.5789496302604675]",0.5789496302604675
00011464.npy,1,1,"[0.059664614498615265, 0.44546207785606384]","[0.40472936630249023, 0.595270574092865]",0.595270574092865
00011465.npy,1,1,"[-0.1805904507637024, -0.032814934849739075]","[0.4631232023239136, 0.5368767976760864]",0.5368767976760864
00011466.npy,1,1,"[-0.024456525221467018, 0.11296293884515762]","[0.46569910645484924, 0.5343008637428284]",0.5343008637428284
00011467.npy,1,1,"[-0.4028777480125427, 0.20272845029830933]","[0.35306215286254883, 0.646937906742096]",0.646937906742096
00011468.npy,1,1,"[0.12682577967643738, 0.6567367315292358]","[0.3705376982688904, 0.6294623613357544]",0.6294623613357544
00011469.npy,1,1,"[-0.10252132266759872, 0.1583060324192047]","[0.435160368680954, 0.5648396611213684]",0.5648396611213684
00011470.npy,1,1,"[0.12497589737176895, 0.5070903897285461]","[0.40561699867248535, 0.5943830013275146]",0.5943830013275146
00011471.npy,1,1,"[-0.04962024837732315, 0.33976244926452637]","[0.40386587381362915, 0.5961340665817261]",0.5961340665817261
00011472.npy,1,1,"[0.3829897344112396, 0.7016600966453552]","[0.4209998548030853, 0.5790001749992371]",0.5790001749992371
00011473.npy,0,1,"[0.037214137613773346, 0.357807457447052]","[0.42053118348121643, 0.579468846321106]",0.579468846321106
00011474.npy,1,1,"[0.2117539942264557, 0.718765377998352]","[0.37589436769485474, 0.6241056323051453]",0.6241056323051453
00011475.npy,1,1,"[-0.16500398516654968, 0.054902464151382446]","[0.44524386525154114, 0.5547561049461365]",0.5547561049461365
00011476.npy,1,1,"[0.01731465756893158, 0.20412448048591614]","[0.4534328579902649, 0.5465670824050903]",0.5465670824050903
00011477.npy,1,1,"[-0.19234618544578552, 0.06986384838819504]","[0.4348205327987671, 0.5651794672012329]",0.5651794672012329
00011478.npy,1,1,"[0.36126765608787537, 0.8604274988174438]","[0.3777381479740143, 0.6222618818283081]",0.6222618818283081
00011479.npy,1,1,"[0.006607159972190857, 0.26791590452194214]","[0.43504202365875244, 0.5649579763412476]",0.5649579763412476
00011480.npy,1,1,"[0.0020221956074237823, 0.22401905059814453]","[0.4447276294231415, 0.5552724003791809]",0.5552724003791809
00011481.npy,1,1,"[-0.02033952623605728, 0.3673778176307678]","[0.40426692366600037, 0.595733106136322]",0.595733106136322
00011482.npy,1,1,"[-0.014790162444114685, 0.5697259306907654]","[0.3578941226005554, 0.6421059370040894]",0.6421059370040894
00011483.npy,1,1,"[-0.3142508864402771, -0.08549489080905914]","[0.4430590867996216, 0.5569409132003784]",0.5569409132003784
00011484.npy,1,1,"[0.015292420983314514, 0.18552130460739136]","[0.4575452208518982, 0.542454719543457]",0.542454719543457
00011485.npy,1,1,"[-0.016597509384155273, 0.19537624716758728]","[0.4472041130065918, 0.5527958869934082]",0.5527958869934082
00011486.npy,1,1,"[0.011667869985103607, 0.36786603927612305]","[0.4118801951408386, 0.5881198048591614]",0.5881198048591614
00011487.npy,1,1,"[-0.022084292024374008, -0.009958740323781967]","[0.49696865677833557, 0.503031313419342]",0.503031313419342
00011488.npy,1,1,"[0.10293545573949814, 0.35750019550323486]","[0.4367002844810486, 0.5632997155189514]",0.5632997155189514
00011489.npy,1,1,"[-0.1005655974149704, 0.2583494186401367]","[0.4112222492694855, 0.5887777805328369]",0.5887777805328369
00011490.npy,1,1,"[-0.04694678261876106, 0.2176252007484436]","[0.4342401325702667, 0.5657598376274109]",0.5657598376274109
00011491.npy,1,1,"[-0.028037099167704582, 0.24572435021400452]","[0.4319838881492615, 0.5680160522460938]",0.5680160522460938
00011492.npy,1,1,"[-0.048072513192892075, 0.2546597421169281]","[0.4248896837234497, 0.5751103162765503]",0.5751103162765503
00011493.npy,1,1,"[0.07517590373754501, 0.4485660493373871]","[0.4077220857143402, 0.5922778844833374]",0.5922778844833374
00011494.npy,1,1,"[-0.09802554547786713, 0.19395849108695984]","[0.42751821875572205, 0.5724817514419556]",0.5724817514419556
00011495.npy,1,1,"[-0.2388615608215332, 0.18995937705039978]","[0.39440789818763733, 0.6055920720100403]",0.6055920720100403
00011496.npy,1,1,"[-0.06336715817451477, 0.3380081057548523]","[0.40098199248313904, 0.5990180373191833]",0.5990180373191833
00011497.npy,1,1,"[0.033459872007369995, 0.5068790316581726]","[0.38380730152130127, 0.6161926984786987]",0.6161926984786987
00011498.npy,1,1,"[0.038045816123485565, 0.15962040424346924]","[0.4696437418460846, 0.5303562879562378]",0.5303562879562378
00011499.npy,1,1,"[-0.07017330080270767, 0.006925836205482483]","[0.48073476552963257, 0.5192652344703674]",0.5192652344703674
00011500.npy,0,1,"[-0.11719637364149094, 0.13333800435066223]","[0.43769198656082153, 0.5623080134391785]",0.5623080134391785
00011501.npy,0,1,"[-0.006434038281440735, 0.19400227069854736]","[0.4500580132007599, 0.5499419569969177]",0.5499419569969177
00011502.npy,1,1,"[-0.01603333279490471, 0.1611592173576355]","[0.45581740140914917, 0.5441825985908508]",0.5441825985908508
00011503.npy,1,1,"[-0.0421975702047348, 0.4243839681148529]","[0.3854256868362427, 0.6145743727684021]",0.6145743727684021
00011504.npy,1,1,"[-0.3957573175430298, 0.04374101012945175]","[0.3918605446815491, 0.6081395149230957]",0.6081395149230957
00011505.npy,1,1,"[0.017634384334087372, 0.4088098108768463]","[0.4034343659877777, 0.5965656638145447]",0.5965656638145447
00011506.npy,1,1,"[-0.17537295818328857, 0.27891209721565247]","[0.3883424401283264, 0.6116575598716736]",0.6116575598716736
00011507.npy,1,1,"[0.04688091576099396, 0.31976810097694397]","[0.4321984350681305, 0.5678015351295471]",0.5678015351295471
00011508.npy,1,1,"[-0.2028575837612152, 0.0595506876707077]","[0.4347718060016632, 0.5652281641960144]",0.5652281641960144
00011509.npy,1,1,"[-0.14835307002067566, 0.15368026494979858]","[0.425060510635376, 0.5749395489692688]",0.5749395489692688
00011510.npy,1,1,"[-0.08020800352096558, 0.4919276535511017]","[0.3607441782951355, 0.6392558217048645]",0.6392558217048645
00011511.npy,1,1,"[-0.12408853322267532, 0.36253821849823]","[0.38068851828575134, 0.6193114519119263]",0.6193114519119263
00011512.npy,1,1,"[-0.08714661002159119, 0.26877692341804504]","[0.41194671392440796, 0.588053286075592]",0.588053286075592
00011513.npy,1,1,"[0.14426171779632568, 0.4680955111980438]","[0.419741690158844, 0.580258309841156]",0.580258309841156
00011514.npy,1,1,"[0.07114057242870331, 0.27238374948501587]","[0.44985833764076233, 0.5501416921615601]",0.5501416921615601
00011515.npy,1,1,"[-0.2083936333656311, 0.09751603752374649]","[0.4241134524345398, 0.5758865475654602]",0.5758865475654602
00011516.npy,1,1,"[0.22735604643821716, 0.3943925201892853]","[0.458337664604187, 0.5416622757911682]",0.5416622757911682
00011517.npy,1,1,"[0.015208162367343903, 0.20290091633796692]","[0.4532140791416168, 0.5467858910560608]",0.5467858910560608
00011518.npy,1,1,"[-0.1769336462020874, 0.24431049823760986]","[0.39621907472610474, 0.6037809252738953]",0.6037809252738953
00011519.npy,0,1,"[-0.2992974519729614, -0.10713963955640793]","[0.45210781693458557, 0.547892153263092]",0.547892153263092
00011520.npy,1,1,"[0.02105523645877838, 0.3422582149505615]","[0.4203825891017914, 0.5796173810958862]",0.5796173810958862
00011521.npy,1,1,"[-0.11356250196695328, -0.09883531928062439]","[0.4963182806968689, 0.5036817789077759]",0.5036817789077759
00011522.npy,1,1,"[-0.017519839107990265, 0.41815200448036194]","[0.39277276396751404, 0.6072272062301636]",0.6072272062301636
00011523.npy,1,1,"[-0.3044137954711914, 0.21419692039489746]","[0.3731771409511566, 0.6268228888511658]",0.6268228888511658
00011524.npy,1,1,"[-0.15027645230293274, 0.15230441093444824]","[0.4249266982078552, 0.5750733017921448]",0.5750733017921448
00011525.npy,1,1,"[-0.0032203756272792816, 0.2888723611831665]","[0.42749157547950745, 0.5725083947181702]",0.5725083947181702
00011526.npy,1,1,"[0.0997675284743309, 0.6158102750778198]","[0.3737780451774597, 0.6262220144271851]",0.6262220144271851
00011527.npy,1,1,"[0.09355846792459488, 0.37722036242485046]","[0.4295562505722046, 0.5704437494277954]",0.5704437494277954
00011528.npy,1,1,"[-0.020107749849557877, 0.34976357221603394]","[0.40857210755348206, 0.5914278626441956]",0.5914278626441956
00011529.npy,1,1,"[-0.1889360249042511, 0.05252721905708313]","[0.43992581963539124, 0.5600742101669312]",0.5600742101669312
00011530.npy,1,1,"[-0.0470770001411438, 0.1996566355228424]","[0.4386276304721832, 0.5613723993301392]",0.5613723993301392
00011531.npy,1,1,"[-0.05086406692862511, 0.3537793457508087]","[0.40019723773002625, 0.5998027920722961]",0.5998027920722961
00011532.npy,1,1,"[0.08046620339155197, 0.3238721489906311]","[0.43944719433784485, 0.5605528354644775]",0.5605528354644775
00011533.npy,1,1,"[0.04121243208646774, 0.33621108531951904]","[0.4267805516719818, 0.5732194185256958]",0.5732194185256958
00011534.npy,1,1,"[0.01414092630147934, 0.3507075309753418]","[0.4166437089443207, 0.5833562612533569]",0.5833562612533569
00011535.npy,1,1,"[0.16315916180610657, 0.5219751000404358]","[0.4112462103366852, 0.5887537598609924]",0.5887537598609924
00011536.npy,1,1,"[-0.019946187734603882, 0.12362537533044815]","[0.46416863799095154, 0.5358313322067261]",0.5358313322067261
00011537.npy,1,1,"[0.03485870361328125, 0.14686444401741028]","[0.47202783823013306, 0.5279721617698669]",0.5279721617698669
00011538.npy,1,1,"[0.028222739696502686, 0.5037936568260193]","[0.3832985460758209, 0.6167014837265015]",0.6167014837265015
00011539.npy,1,1,"[0.037739552557468414, 0.5277063250541687]","[0.37990137934684753, 0.6200985908508301]",0.6200985908508301
00011540.npy,1,1,"[0.03529888391494751, 0.38852396607398987]","[0.412600576877594, 0.587399423122406]",0.587399423122406
00011541.npy,1,1,"[0.01678365468978882, 0.3271709680557251]","[0.42302021384239197, 0.5769798159599304]",0.5769798159599304
00011542.npy,1,1,"[-0.011087644845247269, 0.30647337436676025]","[0.4212702810764313, 0.5787297487258911]",0.5787297487258911
00011543.npy,1,1,"[-0.10140664875507355, -0.042497530579566956]","[0.485276997089386, 0.514723002910614]",0.514723002910614
00011544.npy,1,1,"[0.00775398313999176, 0.4094504714012146]","[0.4009048044681549, 0.5990952253341675]",0.5990952253341675
00011545.npy,1,1,"[0.2796081304550171, 0.8776181936264038]","[0.3547990918159485, 0.6452009081840515]",0.6452009081840515
00011546.npy,1,1,"[0.09087800234556198, 0.4195175766944885]","[0.4185716509819031, 0.5814282894134521]",0.5814282894134521
00011547.npy,1,1,"[-0.20766714215278625, 0.21295621991157532]","[0.3963675796985626, 0.603632390499115]",0.603632390499115
00011548.npy,1,1,"[0.19449704885482788, 0.4079917371273041]","[0.446828156709671, 0.5531718730926514]",0.5531718730926514
00011549.npy,1,1,"[-0.2537681758403778, 0.18427634239196777]","[0.3922070264816284, 0.6077929735183716]",0.6077929735183716
00011550.npy,1,1,"[-0.25471919775009155, 0.11298186331987381]","[0.4090966582298279, 0.5909033417701721]",0.5909033417701721
00011551.npy,1,1,"[-0.128957599401474, 0.28061357140541077]","[0.3990149199962616, 0.600985050201416]",0.600985050201416
00011552.npy,1,1,"[0.05358355492353439, 0.4390794038772583]","[0.4048020541667938, 0.5951979756355286]",0.5951979756355286
00011553.npy,1,1,"[0.07565761357545853, 0.22294726967811584]","[0.4632439911365509, 0.5367559790611267]",0.5367559790611267
00011554.npy,1,1,"[0.03209976851940155, 0.2605203688144684]","[0.4431418478488922, 0.5568581223487854]",0.5568581223487854
00011555.npy,1,1,"[0.08893806487321854, 0.2351456880569458]","[0.463513046503067, 0.5364869236946106]",0.5364869236946106
00011556.npy,1,1,"[0.1091519221663475, 0.3619338870048523]","[0.4371388852596283, 0.5628611445426941]",0.5628611445426941
00011557.npy,1,1,"[0.13061445951461792, 0.42848527431488037]","[0.42607805132865906, 0.5739219188690186]",0.5739219188690186
00011558.npy,1,1,"[-0.03839503973722458, 0.12070871144533157]","[0.4603077471256256, 0.539692223072052]",0.539692223072052
00011559.npy,1,1,"[0.10463690012693405, 0.6074455380439758]","[0.37688085436820984, 0.6231191158294678]",0.6231191158294678
00011560.npy,1,1,"[-0.16035042703151703, 0.05737929046154022]","[0.4457816183567047, 0.5542184114456177]",0.5542184114456177
00011561.npy,1,1,"[0.06821956485509872, 0.14063704013824463]","[0.4819035530090332, 0.5180964469909668]",0.5180964469909668
00011562.npy,1,1,"[-0.20473113656044006, 0.07957495003938675]","[0.42939841747283936, 0.5706015825271606]",0.5706015825271606
00011563.npy,1,1,"[-0.48638224601745605, -0.07006456702947617]","[0.3973982632160187, 0.6026017665863037]",0.6026017665863037
00011564.npy,1,1,"[0.012236341834068298, 0.4499618113040924]","[0.3922830820083618, 0.6077169179916382]",0.6077169179916382
00011565.npy,1,1,"[-0.007673531770706177, 0.4305027723312378]","[0.3921756148338318, 0.6078243851661682]",0.6078243851661682
00011566.npy,1,1,"[-0.02254101075232029, 0.15848645567893982]","[0.45486631989479065, 0.545133650302887]",0.545133650302887
00011567.npy,1,1,"[0.1769597828388214, 0.30746573209762573]","[0.46741974353790283, 0.5325802564620972]",0.5325802564620972
00011568.npy,1,1,"[-0.024958480149507523, 0.31019124388694763]","[0.41698816418647766, 0.5830118656158447]",0.5830118656158447
00011569.npy,0,1,"[-0.053482744842767715, 0.11794120818376541]","[0.45724865794181824, 0.5427513718605042]",0.5427513718605042
00011570.npy,1,1,"[-0.06048249453306198, 0.49828311800956726]","[0.36383312940597534, 0.6361668705940247]",0.6361668705940247
00011571.npy,1,1,"[-0.13752683997154236, 0.15325593948364258]","[0.42781227827072144, 0.5721877813339233]",0.5721877813339233
00011572.npy,1,1,"[-0.12448021024465561, 0.15175461769104004]","[0.4313770830631256, 0.568622887134552]",0.568622887134552
00011573.npy,1,1,"[-0.1142941415309906, 0.43647637963294983]","[0.36568567156791687, 0.6343143582344055]",0.6343143582344055
00011574.npy,1,1,"[0.11490654200315475, 0.6715269088745117]","[0.36432981491088867, 0.6356701850891113]",0.6356701850891113
00011575.npy,1,1,"[0.11432803422212601, 0.44339719414711]","[0.41846713423728943, 0.5815328359603882]",0.5815328359603882
00011576.npy,1,1,"[0.11579572409391403, 0.501773476600647]","[0.40468594431877136, 0.5953140258789062]",0.5953140258789062
00011577.npy,1,1,"[-0.13115668296813965, 0.1117083951830864]","[0.43958041071891785, 0.5604195594787598]",0.5604195594787598
00011578.npy,1,1,"[-0.25255849957466125, 0.1996643841266632]","[0.3888323903083801, 0.6111676096916199]",0.6111676096916199
00011579.npy,1,1,"[0.06041892617940903, 0.33530133962631226]","[0.4317088723182678, 0.5682911276817322]",0.5682911276817322
00011580.npy,1,1,"[-0.247572124004364, 0.13483074307441711]","[0.40554746985435486, 0.5944525003433228]",0.5944525003433228
00011581.npy,1,1,"[-0.05205821990966797, 0.07426043599843979]","[0.4684622585773468, 0.5315377712249756]",0.5315377712249756
00011582.npy,1,1,"[0.013917014002799988, 0.45993760228157043]","[0.39030736684799194, 0.6096926927566528]",0.6096926927566528
00011583.npy,1,1,"[-0.20262259244918823, 0.12467535585165024]","[0.41889822483062744, 0.5811017751693726]",0.5811017751693726
00011584.npy,1,1,"[0.2035556137561798, 0.4528360068798065]","[0.4380006194114685, 0.5619993209838867]",0.5619993209838867
00011585.npy,1,1,"[-0.19495472311973572, 0.304959774017334]","[0.3775607645511627, 0.6224392652511597]",0.6224392652511597
00011586.npy,0,1,"[-0.02588152512907982, 0.11041102558374405]","[0.46597951650619507, 0.5340204834938049]",0.5340204834938049
00011587.npy,1,1,"[-0.15931425988674164, 0.09483817964792252]","[0.4368017315864563, 0.5631983280181885]",0.5631983280181885
00011588.npy,1,1,"[-0.10663855075836182, 0.23724529147148132]","[0.4148663580417633, 0.5851336121559143]",0.5851336121559143
00011589.npy,1,1,"[-0.17152217030525208, 0.28748437762260437]","[0.3872215449810028, 0.6127784848213196]",0.6127784848213196
00011590.npy,1,1,"[-0.13775962591171265, 0.10207874327898026]","[0.44032618403434753, 0.5596737861633301]",0.5596737861633301
00011591.npy,1,1,"[-0.3707035183906555, 0.27818334102630615]","[0.3432404398918152, 0.6567595601081848]",0.6567595601081848
00011592.npy,1,1,"[-0.11394716799259186, 0.07475120574235916]","[0.4529648721218109, 0.5470350980758667]",0.5470350980758667
00011593.npy,1,1,"[-0.09827706217765808, 0.2625589966773987]","[0.4107571840286255, 0.5892428159713745]",0.5892428159713745
00011594.npy,1,1,"[-0.018340520560741425, 0.16428887844085693]","[0.45446914434432983, 0.5455308556556702]",0.5455308556556702
00011595.npy,1,1,"[-0.02827628143131733, 0.3616708517074585]","[0.40373003482818604, 0.596269965171814]",0.596269965171814
00011596.npy,1,1,"[-0.08267059922218323, 0.05122789740562439]","[0.4665752947330475, 0.5334246754646301]",0.5334246754646301
00011597.npy,1,1,"[-0.020711839199066162, 0.510931134223938]","[0.37013378739356995, 0.6298662424087524]",0.6298662424087524
00011598.npy,1,1,"[-0.0626467913389206, 0.08523432165384293]","[0.46309694647789, 0.5369030833244324]",0.5369030833244324
00011599.npy,1,1,"[-0.09722020477056503, 0.2283252477645874]","[0.4193249046802521, 0.5806751251220703]",0.5806751251220703
00011600.npy,1,1,"[-0.2745051383972168, -0.08137455582618713]","[0.45186686515808105, 0.548133134841919]",0.548133134841919
00011601.npy,1,1,"[-0.22205188870429993, 0.5159959197044373]","[0.32343119382858276, 0.676568865776062]",0.676568865776062
00011602.npy,1,1,"[-0.2843461036682129, 0.22849324345588684]","[0.3745281398296356, 0.625471830368042]",0.625471830368042
00011603.npy,1,1,"[-0.10886881500482559, 0.1832316815853119]","[0.427489697933197, 0.572510302066803]",0.572510302066803
00011604.npy,1,1,"[0.0025955550372600555, 0.2812683880329132]","[0.4307791590690613, 0.5692208409309387]",0.5692208409309387
00011605.npy,1,1,"[0.021975398063659668, 0.2814180850982666]","[0.43550071120262146, 0.5644992589950562]",0.5644992589950562
00011606.npy,1,1,"[-0.040688470005989075, 0.24583783745765686]","[0.42885446548461914, 0.5711454749107361]",0.5711454749107361
00011607.npy,1,1,"[0.13966181874275208, 0.4740813672542572]","[0.4171656668186188, 0.5828343033790588]",0.5828343033790588
00011608.npy,1,1,"[-0.16334541141986847, 0.3863586485385895]","[0.36593306064605713, 0.6340669393539429]",0.6340669393539429
00011609.npy,1,1,"[-0.19260799884796143, 0.18720871210098267]","[0.40617111325263977, 0.5938289165496826]",0.5938289165496826
00011610.npy,1,1,"[-0.3812916874885559, -0.042014479637145996]","[0.4159850478172302, 0.584014892578125]",0.584014892578125
00011611.npy,1,1,"[0.20478129386901855, 0.6267508864402771]","[0.3960455358028412, 0.6039544343948364]",0.6039544343948364
00011612.npy,1,1,"[-0.05572318285703659, 0.5584020018577576]","[0.3511187732219696, 0.648881196975708]",0.648881196975708
00011613.npy,1,1,"[-0.18337500095367432, 0.18808886408805847]","[0.4081873595714569, 0.5918126106262207]",0.5918126106262207
00011614.npy,1,1,"[-0.5125442147254944, 0.08479636162519455]","[0.354952335357666, 0.645047664642334]",0.645047664642334
00011615.npy,1,1,"[0.012622542679309845, 0.10780984908342361]","[0.47622114419937134, 0.5237789154052734]",0.5237789154052734
00011616.npy,1,1,"[-0.08770725131034851, 0.08929530531167984]","[0.4558645486831665, 0.5441354513168335]",0.5441354513168335
00011617.npy,1,1,"[0.056090615689754486, 0.2881039083003998]","[0.44225549697875977, 0.5577445030212402]",0.5577445030212402
00011618.npy,1,1,"[-0.19972935318946838, 0.1356271207332611]","[0.416937917470932, 0.5830621123313904]",0.5830621123313904
00011619.npy,1,1,"[-0.1676969826221466, -0.08871214091777802]","[0.4802640378475189, 0.5197359323501587]",0.5197359323501587
00011620.npy,1,1,"[-0.09272295236587524, 0.28657639026641846]","[0.40629589557647705, 0.593704104423523]",0.593704104423523
00011621.npy,1,1,"[-0.035833410918712616, 0.28951790928840637]","[0.4193721413612366, 0.5806278586387634]",0.5806278586387634
00011622.npy,1,1,"[0.14961594343185425, 0.3084651231765747]","[0.4603709876537323, 0.5396289825439453]",0.5396289825439453
00011623.npy,1,1,"[-0.2060021460056305, 0.07684596627950668]","[0.42975565791130066, 0.5702443718910217]",0.5702443718910217
00011624.npy,1,1,"[-0.2967676818370819, 0.2659716010093689]","[0.3629138767719269, 0.6370860934257507]",0.6370860934257507
00011625.npy,1,1,"[-0.24956169724464417, 0.1359265148639679]","[0.4048038721084595, 0.5951960682868958]",0.5951960682868958
00011626.npy,1,1,"[-0.040223367512226105, 0.3003371059894562]","[0.4156733453273773, 0.5843266248703003]",0.5843266248703003
00011627.npy,1,1,"[-0.11115313321352005, 0.3663639426231384]","[0.38283857703208923, 0.6171613931655884]",0.6171613931655884
00011628.npy,1,1,"[-0.08520610630512238, 0.17533966898918152]","[0.4352295696735382, 0.5647704601287842]",0.5647704601287842
00011629.npy,1,1,"[-0.09742423892021179, 0.601272702217102]","[0.3321011960506439, 0.6678988337516785]",0.6678988337516785
00011630.npy,1,1,"[-0.15526741743087769, 0.29955819249153137]","[0.38821402192115784, 0.6117859482765198]",0.6117859482765198
00011631.npy,1,1,"[-0.18756958842277527, 0.43401357531547546]","[0.3494214713573456, 0.6505785584449768]",0.6505785584449768
00011632.npy,1,1,"[-0.008281096816062927, 0.2986110746860504]","[0.42387354373931885, 0.5761265158653259]",0.5761265158653259
00011633.npy,1,1,"[-0.1838693916797638, 0.16887345910072327]","[0.41271746158599854, 0.5872825980186462]",0.5872825980186462
00011634.npy,1,1,"[0.014832228422164917, 0.45661547780036926]","[0.39131611585617065, 0.6086838245391846]",0.6086838245391846
00011635.npy,1,1,"[0.01064012199640274, 0.3586241900920868]","[0.4138713479042053, 0.5861286520957947]",0.5861286520957947
00011636.npy,1,1,"[-0.32386472821235657, 0.04905715584754944]","[0.4078351855278015, 0.5921648144721985]",0.5921648144721985
00011637.npy,1,1,"[-0.3074219524860382, 0.2246343493461609]","[0.37003740668296814, 0.6299625635147095]",0.6299625635147095
00011638.npy,1,1,"[-0.2557187080383301, 0.24016103148460388]","[0.37850943207740784, 0.6214905977249146]",0.6214905977249146
00011639.npy,1,1,"[-0.1457744836807251, 0.1880621612071991]","[0.41730740666389465, 0.582692563533783]",0.582692563533783
00011640.npy,1,1,"[-0.2665763795375824, 0.03781673312187195]","[0.42448389530181885, 0.5755161046981812]",0.5755161046981812
00011641.npy,1,1,"[-0.0016956217586994171, 0.35173115134239197]","[0.4125517010688782, 0.5874482989311218]",0.5874482989311218
00011642.npy,1,1,"[0.06526006013154984, 0.31654512882232666]","[0.4375072419643402, 0.5624927282333374]",0.5624927282333374
00011643.npy,1,1,"[0.17545631527900696, 0.5498132705688477]","[0.4074886441230774, 0.5925113558769226]",0.5925113558769226
00011644.npy,1,1,"[-0.032115522772073746, 0.34371501207351685]","[0.40713292360305786, 0.5928670763969421]",0.5928670763969421
00011645.npy,1,1,"[-0.10443980991840363, 0.4215742349624634]","[0.37144702672958374, 0.6285529732704163]",0.6285529732704163
00011646.npy,1,1,"[0.00017940253019332886, 0.4935707151889801]","[0.3790949881076813, 0.6209049820899963]",0.6209049820899963
00011647.npy,1,1,"[0.2542954683303833, 0.5452239513397217]","[0.42777660489082336, 0.572223424911499]",0.572223424911499
00011648.npy,1,1,"[-0.08298449218273163, 0.4368552565574646]","[0.3728896975517273, 0.6271103024482727]",0.6271103024482727
00011649.npy,1,1,"[-0.007824420928955078, 0.45200780034065247]","[0.3870256543159485, 0.6129743456840515]",0.6129743456840515
00011650.npy,1,1,"[0.012577764689922333, 0.15825730562210083]","[0.4636443555355072, 0.5363556146621704]",0.5363556146621704
00011651.npy,1,1,"[-0.14893639087677002, 0.15752142667770386]","[0.42397958040237427, 0.5760204195976257]",0.5760204195976257
00011652.npy,1,1,"[0.016459092497825623, 0.30522194504737854]","[0.4283067584037781, 0.5716932415962219]",0.5716932415962219
00011653.npy,1,1,"[0.04080038517713547, 0.32237619161605835]","[0.4300675094127655, 0.5699325203895569]",0.5699325203895569
00011654.npy,0,1,"[0.2382892370223999, 0.4479321539402008]","[0.44778043031692505, 0.5522196292877197]",0.5522196292877197
00011655.npy,1,1,"[-0.11328335106372833, 0.434639036655426]","[0.3663465976715088, 0.6336534023284912]",0.6336534023284912
00011656.npy,1,1,"[-0.16990265250205994, 0.2906230390071869]","[0.386861115694046, 0.6131388545036316]",0.6131388545036316
00011657.npy,1,1,"[-0.03221841901540756, 0.33887505531311035]","[0.40827682614326477, 0.5917232036590576]",0.5917232036590576
00011658.npy,1,1,"[0.09067169576883316, 0.4191981554031372]","[0.4185992181301117, 0.5814007520675659]",0.5814007520675659
00011659.npy,1,1,"[-0.0646698921918869, 0.3588629961013794]","[0.39567166566848755, 0.6043283343315125]",0.6043283343315125
00011660.npy,1,1,"[-0.0604020319879055, 0.22553443908691406]","[0.4289989471435547, 0.5710009932518005]",0.5710009932518005
00011661.npy,1,1,"[-0.040608249604701996, 0.271405428647995]","[0.42262333631515503, 0.5773767232894897]",0.5773767232894897
00011662.npy,1,1,"[-0.13937994837760925, 0.12621602416038513]","[0.4339885711669922, 0.566011369228363]",0.566011369228363
00011663.npy,1,1,"[0.031860388815402985, 0.2335960865020752]","[0.44973641633987427, 0.5502635836601257]",0.5502635836601257
00011664.npy,1,1,"[-0.30102720856666565, 0.17288538813591003]","[0.38369056582450867, 0.616309404373169]",0.616309404373169
00011665.npy,1,1,"[-0.4003186523914337, 0.12938192486763]","[0.37058672308921814, 0.6294132471084595]",0.6294132471084595
00011666.npy,1,1,"[-0.08622615039348602, 0.4306946098804474]","[0.37357255816459656, 0.6264274716377258]",0.6264274716377258
00011667.npy,1,1,"[0.04918175935745239, 0.3962691128253937]","[0.4140889048576355, 0.5859110951423645]",0.5859110951423645
00011668.npy,1,1,"[-0.11822505295276642, 0.34690359234809875]","[0.38576987385749817, 0.6142300963401794]",0.6142300963401794
00011669.npy,1,1,"[-0.08919376879930496, 0.15325716137886047]","[0.4396824240684509, 0.5603175163269043]",0.5603175163269043
00011670.npy,1,1,"[-0.05819028243422508, 0.24165716767311096]","[0.4255947470664978, 0.5744051933288574]",0.5744051933288574
00011671.npy,1,1,"[0.10150938481092453, 0.34297609329223633]","[0.4399249255657196, 0.560075044631958]",0.560075044631958
00011672.npy,1,1,"[-0.27426669001579285, -0.028552968055009842]","[0.43887877464294434, 0.5611212849617004]",0.5611212849617004
00011673.npy,1,1,"[0.0023308880627155304, 0.045771755278110504]","[0.4891414940357208, 0.5108584761619568]",0.5108584761619568
00011674.npy,1,1,"[-0.013018477708101273, 0.0809422954916954]","[0.47652706503868103, 0.5234729647636414]",0.5234729647636414
00011675.npy,1,1,"[-0.3764009177684784, 0.2507195472717285]","[0.3481637239456177, 0.6518362760543823]",0.6518362760543823
00011676.npy,1,1,"[-0.09830839931964874, 0.3246421217918396]","[0.39581093192100525, 0.6041890382766724]",0.6041890382766724
00011677.npy,1,1,"[0.05506443232297897, 0.46653464436531067]","[0.3985596299171448, 0.6014403700828552]",0.6014403700828552
00011678.npy,1,1,"[-0.20759034156799316, 0.2694683372974396]","[0.3829469382762909, 0.6170530319213867]",0.6170530319213867
00011679.npy,1,1,"[-0.06310589611530304, 0.10344196110963821]","[0.4584590196609497, 0.5415409803390503]",0.5415409803390503
00011680.npy,1,1,"[-0.29443782567977905, 0.22798046469688416]","[0.37228697538375854, 0.6277130842208862]",0.6277130842208862
00011681.npy,1,1,"[-0.05724727362394333, 0.2900941073894501]","[0.41402727365493774, 0.5859727263450623]",0.5859727263450623
00011682.npy,1,1,"[-0.09545069932937622, 0.30127084255218506]","[0.40210026502609253, 0.5978996753692627]",0.5978996753692627
00011683.npy,1,1,"[0.1377040445804596, 0.6759152412414551]","[0.36860379576683044, 0.6313962340354919]",0.6313962340354919
00011684.npy,1,1,"[0.10130498558282852, 0.45214924216270447]","[0.4131776988506317, 0.5868222713470459]",0.5868222713470459
00011685.npy,1,1,"[-0.14802898466587067, 0.12392101436853409]","[0.4324284493923187, 0.5675715804100037]",0.5675715804100037
00011686.npy,1,1,"[-0.30154794454574585, 0.1916458010673523]","[0.37914150953292847, 0.6208584904670715]",0.6208584904670715
00011687.npy,1,1,"[0.10618806630373001, 0.30939552187919617]","[0.44937223196029663, 0.5506277680397034]",0.5506277680397034
00011688.npy,1,1,"[-0.027210457250475883, 0.3020170331001282]","[0.4184286296367645, 0.5815714001655579]",0.5815714001655579
00011689.npy,0,1,"[0.19880464673042297, 0.5151805281639099]","[0.42155924439430237, 0.57844078540802]",0.57844078540802
00011690.npy,1,1,"[-0.20234456658363342, 0.25021255016326904]","[0.3887529671192169, 0.6112470626831055]",0.6112470626831055
00011691.npy,0,1,"[0.1301540732383728, 0.5643545985221863]","[0.3931237757205963, 0.6068762540817261]",0.6068762540817261
00011692.npy,1,1,"[-0.1679498255252838, 0.3592533767223358]","[0.37116941809654236, 0.6288305521011353]",0.6288305521011353
00011693.npy,1,1,"[0.21319952607154846, 0.43370521068573]","[0.44509589672088623, 0.5549041628837585]",0.5549041628837585
00011694.npy,1,1,"[-0.0760062038898468, 0.31110963225364685]","[0.40441179275512695, 0.595588207244873]",0.595588207244873
00011695.npy,0,1,"[0.010971371084451675, 0.3926350176334381]","[0.4057256877422333, 0.5942742824554443]",0.5942742824554443
00011696.npy,1,1,"[0.07275877147912979, 0.3372005224227905]","[0.4342721402645111, 0.5657278299331665]",0.5657278299331665
00011697.npy,1,1,"[-0.007540576159954071, 0.10148782283067703]","[0.4727698862552643, 0.5272301435470581]",0.5272301435470581
00011698.npy,1,1,"[0.042808517813682556, 0.47730395197868347]","[0.3930533528327942, 0.6069466471672058]",0.6069466471672058
00011699.npy,1,1,"[-0.10297299176454544, 0.13903436064720154]","[0.4397917687892914, 0.560208261013031]",0.560208261013031
00011700.npy,1,1,"[-0.0006569474935531616, 0.26040592789649963]","[0.4351024627685547, 0.5648975968360901]",0.5648975968360901
00011701.npy,1,1,"[0.0031305551528930664, 0.28541800379753113]","[0.4298930764198303, 0.5701069235801697]",0.5701069235801697
00011702.npy,1,1,"[-0.1044749766588211, 0.172856867313385]","[0.4311080574989319, 0.5688920021057129]",0.5688920021057129
00011703.npy,1,1,"[0.0757967010140419, 0.5375359654426575]","[0.38657331466674805, 0.6134267449378967]",0.6134267449378967
00011704.npy,1,1,"[-0.26663219928741455, 0.2707675099372864]","[0.36879268288612366, 0.6312073469161987]",0.6312073469161987
00011705.npy,1,1,"[-0.2614164352416992, 0.17296680808067322]","[0.3930801451206207, 0.6069198250770569]",0.6069198250770569
00011706.npy,0,1,"[-0.008976466953754425, 0.5512948036193848]","[0.3634846806526184, 0.6365152597427368]",0.6365152597427368
00011707.npy,1,1,"[0.12940344214439392, 0.3731516897678375]","[0.43936285376548767, 0.5606371164321899]",0.5606371164321899
00011708.npy,1,1,"[0.10899335891008377, 0.4782719910144806]","[0.4087153375148773, 0.5912846326828003]",0.5912846326828003
00011709.npy,1,1,"[0.09590337425470352, 0.27296626567840576]","[0.4558495879173279, 0.5441504716873169]",0.5441504716873169
00011710.npy,1,1,"[-0.10928674787282944, 0.1905619502067566]","[0.4255944788455963, 0.5744055509567261]",0.5744055509567261
00011711.npy,1,1,"[0.09537754207849503, 0.3677067160606384]","[0.43233537673950195, 0.567664623260498]",0.567664623260498
00011712.npy,1,1,"[-0.018484361469745636, 0.21841216087341309]","[0.44105127453804016, 0.5589486956596375]",0.5589486956596375
00011713.npy,1,1,"[0.0933132991194725, 0.4965653717517853]","[0.40053123235702515, 0.5994687676429749]",0.5994687676429749
00011714.npy,1,1,"[-0.2165028154850006, 0.14519158005714417]","[0.41054946184158325, 0.5894505381584167]",0.5894505381584167
00011715.npy,1,1,"[-0.024339871481060982, 0.31261754035949707]","[0.4165487587451935, 0.5834512114524841]",0.5834512114524841
00011716.npy,1,1,"[0.03792855143547058, 0.2902645766735077]","[0.4372486174106598, 0.5627514123916626]",0.5627514123916626
00011717.npy,1,1,"[-0.09960217773914337, 0.2828400135040283]","[0.40553802251815796, 0.5944620370864868]",0.5944620370864868
00011718.npy,1,1,"[-0.07454109936952591, 0.31528034806251526]","[0.40376028418540955, 0.5962397456169128]",0.5962397456169128
00011719.npy,1,1,"[-0.14489111304283142, 0.30755460262298584]","[0.3887794315814972, 0.6112205386161804]",0.6112205386161804
00011720.npy,1,1,"[-0.2184596061706543, -0.028676997870206833]","[0.4526962637901306, 0.5473037362098694]",0.5473037362098694
00011721.npy,1,1,"[-0.16788816452026367, 0.16877144575119019]","[0.4166211485862732, 0.5833789110183716]",0.5833789110183716
00011722.npy,1,1,"[-0.15338987112045288, 0.24276626110076904]","[0.4022362530231476, 0.5977637767791748]",0.5977637767791748
00011723.npy,1,1,"[-0.11941399425268173, 0.0840558335185051]","[0.44930732250213623, 0.5506926774978638]",0.5506926774978638
00011724.npy,1,1,"[-0.07206610590219498, 0.16028964519500732]","[0.44217100739479065, 0.5578290224075317]",0.5578290224075317
00011725.npy,1,1,"[0.21726107597351074, 0.5388128161430359]","[0.42029762268066406, 0.5797023773193359]",0.5797023773193359
00011726.npy,1,1,"[0.007984567433595657, 0.22975245118141174]","[0.44478416442871094, 0.5552158355712891]",0.5552158355712891
00011727.npy,1,1,"[0.21370413899421692, 0.9895124435424805]","[0.3152239918708801, 0.6847760081291199]",0.6847760081291199
00011728.npy,0,1,"[-0.05125993862748146, 0.4014416038990021]","[0.3887186348438263, 0.6112813353538513]",0.6112813353538513
00011729.npy,1,1,"[0.32431891560554504, 0.8559908866882324]","[0.37012699246406555, 0.6298729777336121]",0.6298729777336121
00011730.npy,1,1,"[0.015041083097457886, 0.33946478366851807]","[0.4195980429649353, 0.5804020166397095]",0.5804020166397095
00011731.npy,1,1,"[-0.07722078263759613, 0.10440950840711594]","[0.45471686124801636, 0.5452831983566284]",0.5452831983566284
00011732.npy,1,1,"[-0.30155715346336365, 0.37343958020210266]","[0.3373788893222809, 0.6626210808753967]",0.6626210808753967
00011733.npy,1,1,"[0.1538608968257904, 0.36261314153671265]","[0.44800063967704773, 0.5519993305206299]",0.5519993305206299
00011734.npy,1,1,"[-0.13528293371200562, 0.20746928453445435]","[0.4151410758495331, 0.5848588943481445]",0.5848588943481445
00011735.npy,1,1,"[-0.041601672768592834, 0.1923041045665741]","[0.4417887330055237, 0.5582112669944763]",0.5582112669944763
00011736.npy,1,1,"[0.0027834512293338776, 0.39520028233528137]","[0.40313562750816345, 0.5968644022941589]",0.5968644022941589
00011737.npy,0,1,"[0.2313549816608429, 0.5876980423927307]","[0.4118451178073883, 0.5881549119949341]",0.5881549119949341
00011738.npy,1,1,"[-0.18831181526184082, 0.4767819941043854]","[0.33959630131721497, 0.6604037284851074]",0.6604037284851074
00011739.npy,1,1,"[-0.16151747107505798, 0.39077043533325195]","[0.3653337359428406, 0.6346662044525146]",0.6346662044525146
00011740.npy,1,1,"[-0.0850829929113388, 0.25468727946281433]","[0.41586530208587646, 0.5841346979141235]",0.5841346979141235
00011741.npy,1,1,"[-0.09335958957672119, 0.21165767312049866]","[0.4243314564228058, 0.5756685733795166]",0.5756685733795166
00011742.npy,1,1,"[0.0018526874482631683, 0.27840864658355713]","[0.43129831552505493, 0.5687016844749451]",0.5687016844749451
00011743.npy,1,1,"[-0.04348652437329292, 0.35572299361228943]","[0.4015022814273834, 0.5984976887702942]",0.5984976887702942
00011744.npy,1,1,"[0.021213151514530182, 0.178322434425354]","[0.46080324053764343, 0.5391967296600342]",0.5391967296600342
00011745.npy,1,1,"[0.049472302198410034, 0.3714646100997925]","[0.4201902449131012, 0.5798097252845764]",0.5798097252845764
00011746.npy,1,1,"[-0.05242754518985748, 0.18311265110969543]","[0.4413856863975525, 0.5586143136024475]",0.5586143136024475
00011747.npy,1,1,"[-0.20504459738731384, 0.15163525938987732]","[0.4117635190486908, 0.5882364511489868]",0.5882364511489868
00011748.npy,1,1,"[0.16075536608695984, 0.35405969619750977]","[0.4518238604068756, 0.5481761693954468]",0.5481761693954468
00011749.npy,1,1,"[-0.2782868444919586, -0.0451059490442276]","[0.4419674873352051, 0.5580325126647949]",0.5580325126647949
00011750.npy,1,1,"[-0.04132630676031113, 0.10590823739767075]","[0.46325773000717163, 0.5367423295974731]",0.5367423295974731
00011751.npy,1,1,"[0.1881575882434845, 0.5251497626304626]","[0.41654032468795776, 0.583459734916687]",0.583459734916687
00011752.npy,1,1,"[0.04498550295829773, 0.19486480951309204]","[0.46260014176368713, 0.5373998284339905]",0.5373998284339905
00011753.npy,1,1,"[-0.12209412455558777, 0.2484268844127655]","[0.4084151089191437, 0.5915848612785339]",0.5915848612785339
00011754.npy,1,1,"[0.13441398739814758, 0.29741576313972473]","[0.45933955907821655, 0.5406604409217834]",0.5406604409217834
00011755.npy,1,1,"[0.055846914649009705, 0.4022933840751648]","[0.4142443835735321, 0.5857555866241455]",0.5857555866241455
00011756.npy,1,1,"[-0.33666038513183594, 0.1544385850429535]","[0.37963470816612244, 0.6203652620315552]",0.6203652620315552
00011757.npy,1,1,"[0.12206695228815079, 0.3999956250190735]","[0.43096163868904114, 0.5690383315086365]",0.5690383315086365
00011758.npy,1,1,"[-0.173742413520813, 0.15685200691223145]","[0.41809600591659546, 0.5819039940834045]",0.5819039940834045
00011759.npy,1,1,"[-0.0228529404848814, 0.3819706439971924]","[0.4001539945602417, 0.5998460054397583]",0.5998460054397583
00011760.npy,1,1,"[-0.08244049549102783, 0.25157493352890015]","[0.417263925075531, 0.582736074924469]",0.582736074924469
00011761.npy,1,1,"[-0.04540697857737541, 0.19774523377418518]","[0.43950968980789185, 0.5604903697967529]",0.5604903697967529
00011762.npy,1,1,"[-0.08991515636444092, 0.2379332184791565]","[0.41876423358917236, 0.5812357068061829]",0.5812357068061829
00011763.npy,1,1,"[-0.0027117133140563965, 0.6670395731925964]","[0.3385525643825531, 0.6614474654197693]",0.6614474654197693
00011764.npy,1,1,"[-0.09232425689697266, 0.24606075882911682]","[0.4162018299102783, 0.5837981700897217]",0.5837981700897217
00011765.npy,1,1,"[-0.08482548594474792, 0.10210000723600388]","[0.4534042179584503, 0.5465958118438721]",0.5465958118438721
00011766.npy,1,1,"[0.21927028894424438, 0.3006685972213745]","[0.4796616733074188, 0.5203383564949036]",0.5203383564949036
00011767.npy,1,1,"[-0.21930357813835144, 0.280262291431427]","[0.3776426911354065, 0.6223572492599487]",0.6223572492599487
00011768.npy,1,1,"[-0.2777688801288605, 0.004140816628932953]","[0.4299856424331665, 0.5700143575668335]",0.5700143575668335
00011769.npy,1,1,"[-0.13860554993152618, 0.24930286407470703]","[0.4042208790779114, 0.5957791209220886]",0.5957791209220886
00011770.npy,1,1,"[0.12165676802396774, 0.3941095471382141]","[0.4323050379753113, 0.5676949620246887]",0.5676949620246887
00011771.npy,1,1,"[-0.2634109854698181, -0.05164550244808197]","[0.44725558161735535, 0.5527443885803223]",0.5527443885803223
00011772.npy,1,1,"[-0.16200703382492065, 0.19895124435424805]","[0.4107275903224945, 0.5892723798751831]",0.5892723798751831
00011773.npy,1,1,"[-0.057878196239471436, 0.44566068053245544]","[0.37670937180519104, 0.6232905983924866]",0.6232905983924866
00011774.npy,1,1,"[-0.07345940172672272, 0.2654138505458832]","[0.4160832166671753, 0.5839167833328247]",0.5839167833328247
00011775.npy,1,1,"[-0.06892411410808563, 0.1540067493915558]","[0.4444969594478607, 0.5555030107498169]",0.5555030107498169
00011776.npy,1,1,"[-0.04760054126381874, 0.23451358079910278]","[0.4299355447292328, 0.5700644850730896]",0.5700644850730896
00011777.npy,1,1,"[-0.2529716193675995, 0.04057967662811279]","[0.4271346628665924, 0.5728653073310852]",0.5728653073310852
00011778.npy,1,1,"[-0.1395309716463089, 0.23211738467216492]","[0.4081428050994873, 0.5918572545051575]",0.5918572545051575
00011779.npy,1,1,"[-0.29561007022857666, 0.025423280894756317]","[0.4204239547252655, 0.5795760750770569]",0.5795760750770569
00011780.npy,1,1,"[0.01766315847635269, 0.1852721869945526]","[0.4581955671310425, 0.5418044328689575]",0.5418044328689575
00011781.npy,0,1,"[-0.1465456187725067, 0.2093588411808014]","[0.41195136308670044, 0.5880486369132996]",0.5880486369132996
00011782.npy,1,1,"[-0.23643359541893005, 0.15288162231445312]","[0.40388214588165283, 0.5961177945137024]",0.5961177945137024
00011783.npy,1,1,"[-0.06402379274368286, 0.19231382012367249]","[0.4362642168998718, 0.5637357831001282]",0.5637357831001282
00011784.npy,1,1,"[0.03617221862077713, 0.3442329466342926]","[0.4235881567001343, 0.5764118432998657]",0.5764118432998657
00011785.npy,1,1,"[-0.22438985109329224, 0.2962110638618469]","[0.3727116882801056, 0.627288281917572]",0.627288281917572
00011786.npy,1,1,"[-0.008640013635158539, 0.10334048420190811]","[0.4720340967178345, 0.5279659032821655]",0.5279659032821655
00011787.npy,1,1,"[-0.11909689754247665, 0.2130149006843567]","[0.41772687435150146, 0.5822731256484985]",0.5822731256484985
00011788.npy,1,1,"[0.02060382068157196, 0.370329350233078]","[0.4134489893913269, 0.5865510106086731]",0.5865510106086731
00011789.npy,1,1,"[0.13364598155021667, 0.3818168342113495]","[0.43827375769615173, 0.5617262125015259]",0.5617262125015259
00011790.npy,1,1,"[0.10266803950071335, 0.4948485195636749]","[0.40319254994392395, 0.5968074798583984]",0.5968074798583984
00011791.npy,1,1,"[0.05360521376132965, 0.4326711893081665]","[0.4063521921634674, 0.5936477780342102]",0.5936477780342102
00011792.npy,1,1,"[0.06302967667579651, 0.4377073645591736]","[0.40741121768951416, 0.5925887823104858]",0.5925887823104858
00011793.npy,1,1,"[-0.014731906354427338, 0.16207027435302734]","[0.4559142589569092, 0.5440857410430908]",0.5440857410430908
00011794.npy,0,1,"[0.05401216447353363, 0.3840514123439789]","[0.4182310998439789, 0.5817689299583435]",0.5817689299583435
00011795.npy,1,1,"[0.005143884569406509, 0.4810784161090851]","[0.3832125961780548, 0.6167874336242676]",0.6167874336242676
00011796.npy,1,1,"[-0.24548664689064026, -0.06152508780360222]","[0.4541388750076294, 0.5458611249923706]",0.5458611249923706
00011797.npy,1,1,"[0.2979835271835327, 0.606831967830658]","[0.4233958423137665, 0.5766041874885559]",0.5766041874885559
00011798.npy,1,1,"[-0.09665460884571075, 0.15797096490859985]","[0.43668532371520996, 0.56331467628479]",0.56331467628479
00011799.npy,1,1,"[-0.06977631151676178, 0.25318387150764465]","[0.4199545085430145, 0.5800454616546631]",0.5800454616546631
00011800.npy,1,1,"[-0.05283859372138977, 0.26971450448036194]","[0.4200536906719208, 0.5799463391304016]",0.5799463391304016
00011801.npy,1,1,"[0.03460633009672165, 0.5757049322128296]","[0.3679320514202118, 0.6320679783821106]",0.6320679783821106
00011802.npy,1,1,"[-0.019433356821537018, 0.22283372282981873]","[0.4397277235984802, 0.5602722764015198]",0.5602722764015198
00011803.npy,1,1,"[-0.3262496292591095, 0.24731960892677307]","[0.36041364073753357, 0.639586329460144]",0.639586329460144
00011804.npy,1,1,"[-0.07560531795024872, 0.3025047481060028]","[0.4065828025341034, 0.5934171676635742]",0.5934171676635742
00011805.npy,1,1,"[0.03793442249298096, 0.37639760971069336]","[0.41618284583091736, 0.5838171243667603]",0.5838171243667603
00011806.npy,1,1,"[-0.25642555952072144, -0.008048191666603088]","[0.43822288513183594, 0.5617770552635193]",0.5617770552635193
00011807.npy,1,1,"[-0.20602038502693176, -0.09585724025964737]","[0.47248703241348267, 0.5275129675865173]",0.5275129675865173
00011808.npy,1,1,"[0.06517159938812256, 0.3266070485115051]","[0.4350108802318573, 0.5649890899658203]",0.5649890899658203
00011809.npy,1,1,"[-0.06423657387495041, 0.31349578499794006]","[0.40667393803596497, 0.5933260917663574]",0.5933260917663574
00011810.npy,1,1,"[-0.3046668767929077, 0.04637503623962402]","[0.4131298065185547, 0.5868702530860901]",0.5868702530860901
00011811.npy,1,1,"[-0.12219598144292831, 0.21141716837882996]","[0.4173617660999298, 0.5826382637023926]",0.5826382637023926
00011812.npy,1,1,"[0.3022288680076599, 0.6340439319610596]","[0.41779905557632446, 0.5822009444236755]",0.5822009444236755
00011813.npy,1,1,"[-0.16477802395820618, 0.18974488973617554]","[0.41228607296943665, 0.5877139568328857]",0.5877139568328857
00011814.npy,1,1,"[0.05736891180276871, 0.3522939383983612]","[0.42679858207702637, 0.5732014179229736]",0.5732014179229736
00011815.npy,1,1,"[0.03374195098876953, 0.5230346322059631]","[0.38006022572517395, 0.6199398040771484]",0.6199398040771484
00011816.npy,1,1,"[-0.20648014545440674, 0.06367967277765274]","[0.4328678548336029, 0.5671321153640747]",0.5671321153640747
00011817.npy,1,1,"[0.01739584654569626, 0.2623722553253174]","[0.43906038999557495, 0.5609396696090698]",0.5609396696090698
00011818.npy,1,1,"[-0.010095160454511642, 0.3469608724117279]","[0.4116724133491516, 0.5883275866508484]",0.5883275866508484
00011819.npy,1,1,"[0.2123086154460907, 0.745247483253479]","[0.36983171105384827, 0.6301683187484741]",0.6301683187484741
00011820.npy,1,1,"[-0.38240623474121094, 0.08356168121099472]","[0.3855710029602051, 0.6144289374351501]",0.6144289374351501
00011821.npy,1,1,"[-0.06277035921812057, 0.3055030107498169]","[0.4089583158493042, 0.5910417437553406]",0.5910417437553406
00011822.npy,1,1,"[0.12479043751955032, 0.41800928115844727]","[0.4272160232067108, 0.5727839469909668]",0.5727839469909668
00011823.npy,1,1,"[0.016685999929904938, 0.14389514923095703]","[0.46824055910110474, 0.53175950050354]",0.53175950050354
00011824.npy,1,1,"[-0.2590445578098297, 0.1565273404121399]","[0.39757683873176575, 0.6024231314659119]",0.6024231314659119
00011825.npy,1,1,"[-0.01819893717765808, 0.2391616702079773]","[0.4360126256942749, 0.5639873743057251]",0.5639873743057251
00011826.npy,1,1,"[-0.21874341368675232, 0.4435621201992035]","[0.34022191166877747, 0.6597781181335449]",0.6597781181335449
00011827.npy,1,1,"[-0.10662265866994858, 0.352822482585907]","[0.3871174454689026, 0.6128825545310974]",0.6128825545310974
00011828.npy,1,1,"[0.029714956879615784, 0.31252917647361755]","[0.4297639727592468, 0.5702360272407532]",0.5702360272407532
00011829.npy,1,1,"[-0.023345205932855606, 0.3405613601207733]","[0.41001424193382263, 0.5899857878684998]",0.5899857878684998
00011830.npy,1,1,"[-0.06746108829975128, 0.34164294600486755]","[0.39912694692611694, 0.6008729934692383]",0.6008729934692383
00011831.npy,1,1,"[0.01618991047143936, 0.42973950505256653]","[0.3980613052845001, 0.6019386649131775]",0.6019386649131775
00011832.npy,1,1,"[-0.12752893567085266, 0.3286586105823517]","[0.38789063692092896, 0.612109363079071]",0.612109363079071
00011833.npy,1,1,"[-0.2349841296672821, 0.26753532886505127]","[0.3769487738609314, 0.6230512261390686]",0.6230512261390686
00011834.npy,1,1,"[-0.1398525834083557, 0.13365402817726135]","[0.43204641342163086, 0.5679535269737244]",0.5679535269737244
00011835.npy,1,1,"[-0.2969425320625305, 0.2982196807861328]","[0.3554512858390808, 0.6445487141609192]",0.6445487141609192
00011836.npy,1,1,"[-0.047529831528663635, 0.3080695569515228]","[0.41202524304389954, 0.5879747867584229]",0.5879747867584229
00011837.npy,1,1,"[-0.030510731041431427, -0.023762423545122147]","[0.49831292033195496, 0.5016870498657227]",0.5016870498657227
00011838.npy,1,1,"[-0.031110523268580437, 0.4228796660900116]","[0.3884124755859375, 0.6115875244140625]",0.6115875244140625
00011839.npy,1,1,"[-0.05810188502073288, 0.07350447028875351]","[0.46714580059051514, 0.5328541398048401]",0.5328541398048401
00011840.npy,0,1,"[-0.039468273520469666, 0.23943987488746643]","[0.4307214617729187, 0.5692784786224365]",0.5692784786224365
00011841.npy,1,1,"[-0.18880420923233032, 0.24345645308494568]","[0.3935866057872772, 0.6064133644104004]",0.6064133644104004
00011842.npy,1,1,"[-0.04580385237932205, 0.09727036207914352]","[0.46429234743118286, 0.5357076525688171]",0.5357076525688171
00011843.npy,1,1,"[0.09298107773065567, 0.44662269949913025]","[0.41249963641166687, 0.5875003933906555]",0.5875003933906555
00011844.npy,1,1,"[0.15735730528831482, 0.3920379877090454]","[0.4415976405143738, 0.5584023594856262]",0.5584023594856262
00011845.npy,1,1,"[-0.055525507777929306, 0.21440616250038147]","[0.4329238831996918, 0.5670761466026306]",0.5670761466026306
00011846.npy,1,1,"[-0.149865061044693, 0.1355666220188141]","[0.429122656583786, 0.5708773732185364]",0.5708773732185364
00011847.npy,1,1,"[-0.16568619012832642, 0.33842045068740845]","[0.37657609581947327, 0.6234239339828491]",0.6234239339828491
00011848.npy,1,1,"[-0.2828611731529236, 0.17436006665229797]","[0.38764524459838867, 0.6123548150062561]",0.6123548150062561
00011849.npy,1,1,"[0.12075921148061752, 0.2937375605106354]","[0.4568629264831543, 0.5431370735168457]",0.5431370735168457
00011850.npy,1,1,"[-0.026312394067645073, 0.2997363209724426]","[0.41920235753059387, 0.5807976722717285]",0.5807976722717285
00011851.npy,1,1,"[0.18931251764297485, 0.37689363956451416]","[0.453241765499115, 0.546758234500885]",0.546758234500885
00011852.npy,1,1,"[0.17050355672836304, 0.4781557023525238]","[0.4236879050731659, 0.5763120651245117]",0.5763120651245117
00011853.npy,1,1,"[-0.20945844054222107, -0.05459016188979149]","[0.4613600969314575, 0.5386398434638977]",0.5386398434638977
00011854.npy,1,1,"[-0.31433340907096863, 0.10575302690267563]","[0.3964960277080536, 0.603503942489624]",0.603503942489624
00011855.npy,1,1,"[0.010940313339233398, 0.23023414611816406]","[0.44539520144462585, 0.5546047687530518]",0.5546047687530518
00011856.npy,1,1,"[-0.3232630789279938, 0.17938730120658875]","[0.3769180178642273, 0.6230819821357727]",0.6230819821357727
00011857.npy,1,1,"[-0.2939319312572479, 0.07893838733434677]","[0.40784764289855957, 0.5921523571014404]",0.5921523571014404
00011858.npy,1,1,"[-0.11490920186042786, 0.2537080645561218]","[0.4088751971721649, 0.5911247730255127]",0.5911247730255127
00011859.npy,0,1,"[-0.36887285113334656, -0.0776178389787674]","[0.4276966452598572, 0.572303295135498]",0.572303295135498
00011860.npy,1,1,"[0.016270659863948822, 0.43717557191848755]","[0.39630022644996643, 0.6036997437477112]",0.6036997437477112
00011861.npy,1,1,"[0.07237961143255234, 0.2807772159576416]","[0.4480883777141571, 0.5519116520881653]",0.5519116520881653
00011862.npy,1,1,"[0.005462571978569031, 0.4104525148868561]","[0.4001140296459198, 0.5998859405517578]",0.5998859405517578
00011863.npy,1,1,"[0.02796720713376999, 0.3231322765350342]","[0.4267398416996002, 0.5732601284980774]",0.5732601284980774
00011864.npy,1,1,"[-0.0634782463312149, 0.4727151691913605]","[0.3690735399723053, 0.6309264898300171]",0.6309264898300171
00011865.npy,1,1,"[-0.05203993245959282, 0.33145439624786377]","[0.40528440475463867, 0.5947155952453613]",0.5947155952453613
00011866.npy,1,1,"[0.05386468768119812, 0.24895641207695007]","[0.45138120651245117, 0.5486188530921936]",0.5486188530921936
00011867.npy,1,1,"[-0.036508943885564804, 0.3243781328201294]","[0.4107448160648346, 0.589255154132843]",0.589255154132843
00011868.npy,1,1,"[-0.21109899878501892, 0.23544803261756897]","[0.3901820480823517, 0.6098179221153259]",0.6098179221153259
00011869.npy,1,1,"[-0.17939835786819458, 0.32572323083877563]","[0.37633785605430603, 0.6236621737480164]",0.6236621737480164
00011870.npy,1,1,"[-0.1753828525543213, 0.010072298347949982]","[0.45376861095428467, 0.5462313294410706]",0.5462313294410706
00011871.npy,1,1,"[-0.08263427019119263, 0.1815565526485443]","[0.43433380126953125, 0.5656661987304688]",0.5656661987304688
00011872.npy,1,1,"[-0.14931166172027588, 0.2832493782043457]","[0.3935149610042572, 0.6064850687980652]",0.6064850687980652
00011873.npy,1,1,"[0.12920859456062317, 0.3644844591617584]","[0.441450834274292, 0.5585491061210632]",0.5585491061210632
00011874.npy,1,1,"[-0.2859461307525635, -0.039255350828170776]","[0.4386381506919861, 0.5613617897033691]",0.5613617897033691
00011875.npy,1,1,"[0.25237837433815, 1.109532117843628]","[0.297934353351593, 0.702065646648407]",0.702065646648407
00011876.npy,1,1,"[0.22700202465057373, 0.5868298411369324]","[0.4110012352466583, 0.5889987945556641]",0.5889987945556641
00011877.npy,1,1,"[0.0891108438372612, 0.5345890522003174]","[0.39043641090393066, 0.6095635890960693]",0.6095635890960693
00011878.npy,1,1,"[-0.18217206001281738, 0.05967443436384201]","[0.43983134627342224, 0.5601686239242554]",0.5601686239242554
00011879.npy,1,1,"[-0.17361080646514893, 0.022773392498493195]","[0.45106109976768494, 0.5489388704299927]",0.5489388704299927
00011880.npy,1,1,"[0.15976786613464355, 0.4076204001903534]","[0.43835213780403137, 0.561647891998291]",0.561647891998291
00011881.npy,1,1,"[-0.15446177124977112, 0.2339375913143158]","[0.4041026830673218, 0.5958973169326782]",0.5958973169326782
00011882.npy,1,1,"[0.089584581553936, 0.5792709589004517]","[0.37996748089790344, 0.620032548904419]",0.620032548904419
00011883.npy,1,1,"[-0.1952759325504303, 0.03880883753299713]","[0.4417445659637451, 0.5582553744316101]",0.5582553744316101
00011884.npy,1,1,"[-0.11376514285802841, 0.1386185586452484]","[0.4372369050979614, 0.5627631545066833]",0.5627631545066833
00011885.npy,1,1,"[-0.5426616072654724, 0.13089755177497864]","[0.33770033717155457, 0.662299633026123]",0.662299633026123
00011886.npy,1,1,"[0.0018069706857204437, 0.3372204005718231]","[0.41692405939102173, 0.583076000213623]",0.583076000213623
00011887.npy,1,1,"[-0.25068819522857666, 0.1908610463142395]","[0.39137184619903564, 0.6086280941963196]",0.6086280941963196
00011888.npy,1,1,"[0.04152265936136246, 0.7422940731048584]","[0.33164122700691223, 0.6683588027954102]",0.6683588027954102
00011889.npy,1,1,"[-0.08374173939228058, 0.30399250984191895]","[0.40426284074783325, 0.5957371592521667]",0.5957371592521667
00011890.npy,1,1,"[-0.06988511979579926, 0.18027248978614807]","[0.43778470158576965, 0.562215268611908]",0.562215268611908
00011891.npy,1,1,"[0.028827086091041565, 0.38091641664505005]","[0.4128758907318115, 0.5871241688728333]",0.5871241688728333
00011892.npy,1,1,"[-0.033108003437519073, 0.30917686223983765]","[0.4152545630931854, 0.5847454071044922]",0.5847454071044922
00011893.npy,0,1,"[0.0613517090678215, 0.2536049783229828]","[0.45208418369293213, 0.5479158163070679]",0.5479158163070679
00011894.npy,1,1,"[-0.5920184850692749, -0.16296160221099854]","[0.3943515717983246, 0.6056484580039978]",0.6056484580039978
00011895.npy,1,1,"[-0.2101420760154724, 0.29221343994140625]","[0.3769872486591339, 0.6230127215385437]",0.6230127215385437
00011896.npy,1,1,"[-0.3394010365009308, 0.17822754383087158]","[0.37340694665908813, 0.6265930533409119]",0.6265930533409119
00011897.npy,1,1,"[0.09492003172636032, 0.2599376440048218]","[0.45883896946907043, 0.541161060333252]",0.541161060333252
00011898.npy,1,1,"[-0.10351932793855667, 0.11269361525774002]","[0.44615638256073, 0.5538436770439148]",0.5538436770439148
00011899.npy,1,1,"[0.013611018657684326, 0.17891830205917358]","[0.4587670564651489, 0.5412330031394958]",0.5412330031394958
00011900.npy,1,1,"[-0.16687068343162537, 0.09706234186887741]","[0.4343971610069275, 0.5656028389930725]",0.5656028389930725
00011901.npy,1,1,"[-0.03114858642220497, 0.3992467522621155]","[0.39403194189071655, 0.6059680581092834]",0.6059680581092834
00011902.npy,0,1,"[-0.13127590715885162, 0.2121892273426056]","[0.41496801376342773, 0.585032045841217]",0.585032045841217
00011903.npy,0,1,"[-0.06674578040838242, 0.3962520956993103]","[0.38627487421035767, 0.6137251257896423]",0.6137251257896423
00011904.npy,1,1,"[-0.38305941224098206, 0.08593598753213882]","[0.3848540484905243, 0.6151459813117981]",0.6151459813117981
00011905.npy,1,1,"[-0.36309486627578735, 0.15404874086380005]","[0.3735203742980957, 0.6264795660972595]",0.6264795660972595
00011906.npy,1,1,"[0.11026500910520554, 0.26908373832702637]","[0.4603785574436188, 0.5396214723587036]",0.5396214723587036
00011907.npy,1,1,"[0.06579450517892838, 0.2552257776260376]","[0.4527833163738251, 0.5472167134284973]",0.5472167134284973
00011908.npy,1,1,"[0.07030641287565231, 0.4514192044734955]","[0.40585851669311523, 0.5941414833068848]",0.5941414833068848
00011909.npy,1,1,"[-0.21837204694747925, 0.2146938145160675]","[0.39339447021484375, 0.6066055297851562]",0.6066055297851562
00011910.npy,1,1,"[0.07212354987859726, 0.36633533239364624]","[0.4269730746746063, 0.5730269551277161]",0.5730269551277161
00011911.npy,1,1,"[-0.14259767532348633, 0.18628200888633728]","[0.4185132682323456, 0.5814867615699768]",0.5814867615699768
00011912.npy,1,1,"[-0.19616365432739258, 0.1753939390182495]","[0.40816470980644226, 0.5918352603912354]",0.5918352603912354
00011913.npy,1,1,"[0.09972795099020004, 0.5515949726104736]","[0.388916939496994, 0.6110830307006836]",0.6110830307006836
00011914.npy,1,1,"[-0.20469191670417786, 0.09555134922266006]","[0.42549800872802734, 0.5745019912719727]",0.5745019912719727
00011915.npy,1,1,"[0.019921883940696716, 0.4634310305118561]","[0.39090514183044434, 0.6090948581695557]",0.6090948581695557
00011916.npy,1,1,"[-0.21051087975502014, 0.41869816184043884]","[0.3476898968219757, 0.6523100733757019]",0.6523100733757019
00011917.npy,1,1,"[-0.03752483054995537, 0.24252906441688538]","[0.4304405748844147, 0.5695594549179077]",0.5695594549179077
00011918.npy,1,1,"[-0.19242525100708008, 0.4261072874069214]","[0.35011526942253113, 0.6498847007751465]",0.6498847007751465
00011919.npy,1,1,"[-0.11296644806861877, 0.3476443886756897]","[0.38684090971946716, 0.6131590604782104]",0.6131590604782104
00011920.npy,1,1,"[-0.22899264097213745, 0.2910638451576233]","[0.3728390336036682, 0.6271609663963318]",0.6271609663963318
00011921.npy,1,1,"[-0.2576533854007721, 0.24365711212158203]","[0.37723276019096375, 0.6227672100067139]",0.6227672100067139
00011922.npy,1,1,"[0.03729371726512909, 0.28830423951148987]","[0.4375748038291931, 0.5624251961708069]",0.5624251961708069
00011923.npy,1,1,"[-0.24923601746559143, -0.04330965131521225]","[0.44869956374168396, 0.5513004064559937]",0.5513004064559937
00011924.npy,1,1,"[-0.18950405716896057, 0.14681169390678406]","[0.4167047142982483, 0.5832953453063965]",0.5832953453063965
00011925.npy,1,1,"[0.037839338183403015, 0.32266199588775635]","[0.4292718172073364, 0.5707281231880188]",0.5707281231880188
00011926.npy,1,1,"[-0.23886248469352722, 0.08516610413789749]","[0.4196942448616028, 0.5803056955337524]",0.5803056955337524
00011927.npy,1,1,"[-0.3339420258998871, 0.3639506697654724]","[0.33227962255477905, 0.667720377445221]",0.667720377445221
00011928.npy,1,1,"[-0.05867190286517143, 0.2272980511188507]","[0.42899078130722046, 0.5710092186927795]",0.5710092186927795
00011929.npy,1,1,"[-0.18411299586296082, 0.2879677414894104]","[0.38412386178970337, 0.6158760786056519]",0.6158760786056519
00011930.npy,1,1,"[-0.05380925163626671, 0.24063295125961304]","[0.4269167184829712, 0.5730833411216736]",0.5730833411216736
00011931.npy,1,1,"[-0.13476094603538513, 0.07329367846250534]","[0.4481731951236725, 0.5518268346786499]",0.5518268346786499
00011932.npy,1,1,"[-0.009059671312570572, 0.5091021656990051]","[0.37328213453292847, 0.6267178058624268]",0.6267178058624268
00011933.npy,1,1,"[0.05218108743429184, 0.1883716881275177]","[0.4660049080848694, 0.5339950919151306]",0.5339950919151306
00011934.npy,1,1,"[-0.1843978464603424, 0.46895018219947815]","[0.3422354459762573, 0.6577645540237427]",0.6577645540237427
00011935.npy,1,1,"[-0.11168272793292999, 0.2884196639060974]","[0.4012877643108368, 0.5987122654914856]",0.5987122654914856
00011936.npy,1,1,"[-0.2838889956474304, 0.1642511785030365]","[0.38980305194854736, 0.6101969480514526]",0.6101969480514526
00011937.npy,1,1,"[-0.04808536171913147, 0.35604000091552734]","[0.4003215730190277, 0.5996784567832947]",0.5996784567832947
00011938.npy,1,1,"[-0.0431365892291069, 0.2741225063800812]","[0.4213438928127289, 0.5786561369895935]",0.5786561369895935
00011939.npy,1,1,"[0.01615244895219803, 0.5179743766784668]","[0.37711262702941895, 0.6228874325752258]",0.6228874325752258
00011940.npy,1,1,"[-0.23925679922103882, 0.13745853304862976]","[0.40691936016082764, 0.5930806398391724]",0.5930806398391724
00011941.npy,1,1,"[0.06096690893173218, 0.18794551491737366]","[0.46829792857170105, 0.5317020416259766]",0.5317020416259766
00011942.npy,1,1,"[-0.04716223105788231, 0.31697654724121094]","[0.4099580645561218, 0.590041995048523]",0.590041995048523
00011943.npy,1,1,"[-0.01319066807627678, 0.26902806758880615]","[0.42990991473197937, 0.570090115070343]",0.570090115070343
00011944.npy,0,1,"[-0.0015932060778141022, 0.5193666219711304]","[0.3726278245449066, 0.627372145652771]",0.627372145652771
00011945.npy,1,1,"[0.030687540769577026, 0.2403375804424286]","[0.4477786123752594, 0.5522213578224182]",0.5522213578224182
00011946.npy,1,1,"[0.07624512165784836, 0.2899360656738281]","[0.44677963852882385, 0.5532203316688538]",0.5532203316688538
00011947.npy,1,1,"[-0.1536841094493866, 0.0805240347981453]","[0.44171416759490967, 0.5582858920097351]",0.5582858920097351
00011948.npy,1,1,"[-0.33495843410491943, 0.08207470923662186]","[0.39722689986228943, 0.6027730703353882]",0.6027730703353882
00011949.npy,1,1,"[-0.2649838328361511, -0.02356557920575142]","[0.43993687629699707, 0.5600631237030029]",0.5600631237030029
00011950.npy,1,1,"[0.024069420993328094, 0.5141789317131042]","[0.3798677623271942, 0.6201322078704834]",0.6201322078704834
00011951.npy,1,1,"[0.24828943610191345, 0.565204381942749]","[0.42142778635025024, 0.5785722136497498]",0.5785722136497498
00011952.npy,1,1,"[-0.09250093251466751, 0.29537439346313477]","[0.40422889590263367, 0.5957711338996887]",0.5957711338996887
00011953.npy,1,1,"[-0.3053406774997711, 0.19272518157958984]","[0.3779952824115753, 0.6220046877861023]",0.6220046877861023
00011954.npy,1,1,"[0.0174398273229599, 0.4395856559276581]","[0.3960033655166626, 0.6039965748786926]",0.6039965748786926
00011955.npy,1,1,"[0.03988496959209442, 0.5157375931739807]","[0.3832319378852844, 0.6167680621147156]",0.6167680621147156
00011956.npy,1,1,"[-0.3028084635734558, 0.023177124559879303]","[0.41921770572662354, 0.5807822942733765]",0.5807822942733765
00011957.npy,1,1,"[0.14284050464630127, 0.24803707003593445]","[0.4737250804901123, 0.5262748599052429]",0.5262748599052429
00011958.npy,1,1,"[-0.11737263202667236, 0.43726250529289246]","[0.3647896945476532, 0.6352103352546692]",0.6352103352546692
00011959.npy,1,1,"[-0.2430763840675354, 0.274111270904541]","[0.37351009249687195, 0.6264898777008057]",0.6264898777008057
00011960.npy,1,1,"[-0.18444204330444336, 0.11088565737009048]","[0.42670005559921265, 0.5732998847961426]",0.5732998847961426
00011961.npy,1,1,"[-0.008095800876617432, 0.553002119064331]","[0.36329346895217896, 0.636706531047821]",0.636706531047821
00011962.npy,1,1,"[-0.03575557470321655, 0.26743146777153015]","[0.4247785806655884, 0.5752214193344116]",0.5752214193344116
00011963.npy,1,1,"[0.0848001167178154, 0.27148616313934326]","[0.4534635543823242, 0.5465364456176758]",0.5465364456176758
00011964.npy,1,1,"[0.20417970418930054, 0.517885148525238]","[0.42221054434776306, 0.5777894854545593]",0.5777894854545593
00011965.npy,1,1,"[-0.16169077157974243, 0.008727431297302246]","[0.4574982821941376, 0.5425017476081848]",0.5425017476081848
00011966.npy,0,1,"[0.042892761528491974, 0.26199543476104736]","[0.44544240832328796, 0.5545575618743896]",0.5545575618743896
00011967.npy,0,1,"[0.12967950105667114, 0.2416442334651947]","[0.47203800082206726, 0.5279619693756104]",0.5279619693756104
00011968.npy,0,1,"[0.17420092225074768, 0.3253897428512573]","[0.46227461099624634, 0.5377253293991089]",0.5377253293991089
00011969.npy,0,1,"[-0.11041096597909927, 0.22801896929740906]","[0.4161909520626068, 0.5838090777397156]",0.5838090777397156
00011970.npy,1,1,"[0.08089689165353775, 0.4637394845485687]","[0.4054414629936218, 0.5945584774017334]",0.5945584774017334
00011971.npy,1,1,"[-0.2514994740486145, 0.4407830536365509]","[0.33352550864219666, 0.6664745211601257]",0.6664745211601257
00011972.npy,1,1,"[-0.1953999400138855, 0.31449440121650696]","[0.3752182722091675, 0.6247817277908325]",0.6247817277908325
00011973.npy,1,1,"[0.1714465618133545, 0.4417632520198822]","[0.4328293204307556, 0.5671706199645996]",0.5671706199645996
00011974.npy,1,1,"[-0.1172868087887764, -0.0723155066370964]","[0.4887591004371643, 0.5112409591674805]",0.5112409591674805
00011975.npy,1,1,"[-0.2921924889087677, 0.15862733125686646]","[0.38916584849357605, 0.6108341217041016]",0.6108341217041016
00011976.npy,0,1,"[0.051559410989284515, 0.3427462875843048]","[0.4277133345603943, 0.5722866654396057]",0.5722866654396057
00011977.npy,1,1,"[-0.14457857608795166, 0.1368599832057953]","[0.4301011562347412, 0.5698988437652588]",0.5698988437652588
00011978.npy,1,1,"[-0.019161026924848557, 0.5911973714828491]","[0.3519774377346039, 0.6480225324630737]",0.6480225324630737
00011979.npy,0,0,"[0.18648546934127808, 0.17364022135734558]","[0.503211259841919, 0.49678871035575867]",0.49678871035575867
00011980.npy,1,1,"[0.07059964537620544, 0.38753843307495117]","[0.42142197489738464, 0.5785780549049377]",0.5785780549049377
00011981.npy,0,1,"[-0.07662950456142426, 0.12608563899993896]","[0.44949406385421753, 0.5505059361457825]",0.5505059361457825
00011982.npy,1,1,"[-0.26305145025253296, -0.044898197054862976]","[0.4456769526004791, 0.5543230175971985]",0.5543230175971985
00011983.npy,1,1,"[-0.04988550394773483, 0.8802334666252136]","[0.2829005718231201, 0.7170994281768799]",0.7170994281768799
00011984.npy,1,1,"[0.1480819582939148, 0.6806915402412415]","[0.3699084520339966, 0.6300915479660034]",0.6300915479660034
00011985.npy,0,1,"[-0.09505301713943481, 0.18304196000099182]","[0.43092089891433716, 0.5690791010856628]",0.5690791010856628
00011986.npy,1,1,"[-0.05673226714134216, 0.1102982833981514]","[0.4583391845226288, 0.5416608452796936]",0.5416608452796936
00011987.npy,0,1,"[-0.10012738406658173, 0.28977760672569275]","[0.40374016761779785, 0.5962598323822021]",0.5962598323822021
00011988.npy,1,1,"[-0.16883495450019836, -0.05191393569111824]","[0.47080299258232117, 0.5291969776153564]",0.5291969776153564
00011989.npy,1,1,"[-0.09863725304603577, -0.030031457543373108]","[0.48285529017448425, 0.5171447396278381]",0.5171447396278381
00011990.npy,1,1,"[-0.17359885573387146, 0.13089677691459656]","[0.4244588613510132, 0.5755411386489868]",0.5755411386489868
00011991.npy,0,1,"[0.08736371248960495, 0.7062805891036987]","[0.35002782940864563, 0.649972140789032]",0.649972140789032
00011992.npy,1,1,"[0.2273673117160797, 0.4567982852458954]","[0.44289255142211914, 0.5571074485778809]",0.5571074485778809
00011993.npy,1,1,"[-0.25413283705711365, 0.19271525740623474]","[0.39011040329933167, 0.609889566898346]",0.609889566898346
00011994.npy,0,1,"[-0.18464526534080505, 0.11602839082479477]","[0.4253928065299988, 0.5746071934700012]",0.5746071934700012
00011995.npy,0,1,"[0.04684489220380783, 0.7680453658103943]","[0.32712867856025696, 0.6728712916374207]",0.6728712916374207
00011996.npy,0,1,"[-0.37572282552719116, -0.061734918504953384]","[0.4221416115760803, 0.5778583884239197]",0.5778583884239197
00011997.npy,1,1,"[-0.03318464010953903, 0.31715816259384155]","[0.4132992923259735, 0.5867007374763489]",0.5867007374763489
00011998.npy,0,1,"[0.15500286221504211, 0.42631030082702637]","[0.4325861632823944, 0.567413866519928]",0.567413866519928
00011999.npy,1,1,"[-0.18683183193206787, 0.2048356533050537]","[0.4033159613609314, 0.5966840386390686]",0.5966840386390686
00012000.npy,0,1,"[-0.12995877861976624, -0.011729039251804352]","[0.4704769253730774, 0.5295230746269226]",0.5295230746269226
00012001.npy,0,1,"[0.14342007040977478, 0.40831273794174194]","[0.43416136503219604, 0.565838634967804]",0.565838634967804
00012002.npy,0,1,"[-0.2846797704696655, 0.19972306489944458]","[0.38121297955513, 0.6187869906425476]",0.6187869906425476
00012003.npy,0,1,"[-0.07487396895885468, 0.4439578354358673]","[0.37312543392181396, 0.6268745064735413]",0.6268745064735413
00012004.npy,0,1,"[-0.13749286532402039, 0.5239782333374023]","[0.3404092490673065, 0.6595907807350159]",0.6595907807350159
00012005.npy,1,1,"[-0.44078192114830017, 0.045468561351299286]","[0.3807772099971771, 0.6192227602005005]",0.6192227602005005
00012006.npy,1,1,"[-0.1769828498363495, 0.23543712496757507]","[0.39833196997642517, 0.6016680002212524]",0.6016680002212524
00012007.npy,0,1,"[0.09477432817220688, 0.3283659517765045]","[0.4418662190437317, 0.5581337809562683]",0.5581337809562683
00012008.npy,1,1,"[0.03344765305519104, 0.32447507977485657]","[0.4277523458003998, 0.5722476243972778]",0.5722476243972778
00012009.npy,1,1,"[0.014928191900253296, 0.2538239657878876]","[0.4405584931373596, 0.5594415068626404]",0.5594415068626404
00012010.npy,0,1,"[0.16576364636421204, 0.547415018081665]","[0.40572866797447205, 0.5942713022232056]",0.5942713022232056
00012011.npy,1,1,"[-0.0663999393582344, 0.048853278160095215]","[0.4712185561656952, 0.5287814736366272]",0.5287814736366272
00012012.npy,0,1,"[0.2343999147415161, 0.5169808864593506]","[0.42982110381126404, 0.5701788663864136]",0.5701788663864136
00012013.npy,1,1,"[0.14218109846115112, 0.518774688243866]","[0.4069487452507019, 0.5930512547492981]",0.5930512547492981
00012014.npy,1,1,"[-0.0462467260658741, 0.27660563588142395]","[0.4199807345867157, 0.5800192356109619]",0.5800192356109619
00012015.npy,1,1,"[-0.16457197070121765, 0.2110445201396942]","[0.40718457102775574, 0.5928153991699219]",0.5928153991699219
00012016.npy,1,1,"[-0.14468401670455933, 0.3607170581817627]","[0.3762722313404083, 0.6237277388572693]",0.6237277388572693
00012017.npy,1,1,"[-0.1735016405582428, 0.2304278016090393]","[0.40036866068840027, 0.5996313691139221]",0.5996313691139221
00012018.npy,1,1,"[-0.15938416123390198, -0.03149114549160004]","[0.46807026863098145, 0.5319297313690186]",0.5319297313690186
00012019.npy,0,1,"[0.5370481014251709, 0.872345507144928]","[0.4169522523880005, 0.5830477476119995]",0.5830477476119995
00012020.npy,1,1,"[-0.09849215298891068, 0.08202017098665237]","[0.4549940526485443, 0.5450059175491333]",0.5450059175491333
00012021.npy,1,1,"[-0.02481190115213394, 0.12468225508928299]","[0.4626958966255188, 0.5373041033744812]",0.5373041033744812
00012022.npy,1,1,"[-0.2529335916042328, 0.17218470573425293]","[0.39529263973236084, 0.6047073602676392]",0.6047073602676392
00012023.npy,1,1,"[-0.1579057276248932, 0.1768619418144226]","[0.4170810282230377, 0.5829190015792847]",0.5829190015792847
00012024.npy,1,1,"[-0.2617252469062805, 0.6367335319519043]","[0.28936731815338135, 0.7106326818466187]",0.7106326818466187
00012025.npy,0,1,"[0.14223918318748474, 0.4842599332332611]","[0.41531869769096375, 0.5846813321113586]",0.5846813321113586
00012026.npy,1,1,"[-0.18491557240486145, 0.028454124927520752]","[0.4468590319156647, 0.5531409978866577]",0.5531409978866577
00012027.npy,0,1,"[0.4294237196445465, 0.7220895290374756]","[0.42735135555267334, 0.5726486444473267]",0.5726486444473267
00012028.npy,1,1,"[-0.01276354119181633, 0.41498681902885437]","[0.39466363191604614, 0.6053363084793091]",0.6053363084793091
00012029.npy,1,1,"[0.06148204952478409, 0.5572120547294617]","[0.3785446286201477, 0.6214553117752075]",0.6214553117752075
00012030.npy,1,1,"[-0.3167157769203186, 0.37432268261909485]","[0.33380210399627686, 0.6661978960037231]",0.6661978960037231
00012031.npy,1,1,"[-0.40066277980804443, -0.06382918357849121]","[0.41657882928848267, 0.5834211707115173]",0.5834211707115173
00012032.npy,1,1,"[0.10098394006490707, 0.28973448276519775]","[0.45295196771621704, 0.547048032283783]",0.547048032283783
00012033.npy,1,1,"[-0.16930314898490906, 0.3047355115413666]","[0.38366079330444336, 0.6163392066955566]",0.6163392066955566
00012034.npy,0,1,"[-0.26198309659957886, 0.36592215299606323]","[0.3479856848716736, 0.6520143747329712]",0.6520143747329712
00012035.npy,0,1,"[0.1028297170996666, 0.26600679755210876]","[0.45929601788520813, 0.5407039523124695]",0.5407039523124695
00012036.npy,1,1,"[-0.011651109904050827, 0.1804543137550354]","[0.4521208107471466, 0.5478792190551758]",0.5478792190551758
00012037.npy,1,1,"[0.07147803157567978, 0.5350497364997864]","[0.3861388862133026, 0.6138611435890198]",0.6138611435890198
00012038.npy,0,1,"[0.13739410042762756, 0.525007963180542]","[0.4042918384075165, 0.5957081317901611]",0.5957081317901611
00012039.npy,0,1,"[0.0012575127184391022, 0.4600924551486969]","[0.3872622549533844, 0.612737774848938]",0.612737774848938
00012040.npy,1,1,"[-0.06691018491983414, 0.32747241854667664]","[0.4026627242565155, 0.5973372459411621]",0.5973372459411621
00012041.npy,1,1,"[0.04237590730190277, 0.6446931958198547]","[0.3538137376308441, 0.6461862921714783]",0.6461862921714783
00012042.npy,1,1,"[-0.022052370011806488, 0.430111289024353]","[0.3888464570045471, 0.6111535429954529]",0.6111535429954529
00012043.npy,0,1,"[0.030689194798469543, 0.4655144512653351]","[0.39297470450401306, 0.6070253252983093]",0.6070253252983093
00012044.npy,1,1,"[-0.04826241359114647, 0.16130930185317993]","[0.4477980136871338, 0.552202045917511]",0.552202045917511
00012045.npy,0,1,"[-0.17961153388023376, 0.07909505814313889]","[0.43568170070648193, 0.5643183588981628]",0.5643183588981628
00012046.npy,1,1,"[-0.098563551902771, 0.2060348391532898]","[0.42443376779556274, 0.5755662322044373]",0.5755662322044373
00012047.npy,1,1,"[0.12734770774841309, 0.29731738567352295]","[0.4576095938682556, 0.5423904061317444]",0.5423904061317444
00012048.npy,1,1,"[-0.14377404749393463, 0.12404719740152359]","[0.43344205617904663, 0.5665579438209534]",0.5665579438209534
00012049.npy,1,1,"[-0.24625295400619507, 0.19894471764564514]","[0.3905031681060791, 0.6094967722892761]",0.6094967722892761
00012050.npy,0,1,"[0.1432371735572815, 0.6842628121376038]","[0.3679490089416504, 0.6320509314537048]",0.6320509314537048
00012051.npy,0,1,"[-0.18518978357315063, 0.18687671422958374]","[0.408041775226593, 0.591958224773407]",0.591958224773407
00012052.npy,1,1,"[-0.1390250027179718, 0.24919477105140686]","[0.4041459262371063, 0.5958541035652161]",0.5958541035652161
00012053.npy,1,1,"[-0.09170971810817719, 0.6964637637138367]","[0.3125610053539276, 0.6874390244483948]",0.6874390244483948
00012054.npy,0,1,"[0.10374323278665543, 0.16583168506622314]","[0.48448288440704346, 0.5155171155929565]",0.5155171155929565
00012055.npy,1,1,"[0.10635190457105637, 0.45447227358818054]","[0.413838267326355, 0.5861616730690002]",0.5861616730690002
00012056.npy,0,1,"[0.29037925601005554, 0.7888271808624268]","[0.3779054880142212, 0.6220945119857788]",0.6220945119857788
00012057.npy,0,1,"[-0.12478224188089371, 0.01256619393825531]","[0.46571680903434753, 0.5342832207679749]",0.5342832207679749
00012058.npy,1,1,"[-0.09383894503116608, 0.5186052322387695]","[0.3515018820762634, 0.6484981179237366]",0.6484981179237366
00012059.npy,0,1,"[-0.038763705641031265, 0.1503811776638031]","[0.4528542757034302, 0.5471457839012146]",0.5471457839012146
00012060.npy,0,1,"[-0.06966391205787659, 0.3353128731250763]","[0.4001172184944153, 0.5998827815055847]",0.5998827815055847
00012061.npy,1,1,"[-0.08072555810213089, 0.42704451084136963]","[0.3757164180278778, 0.6242835521697998]",0.6242835521697998
00012062.npy,0,1,"[0.16035306453704834, 0.4544895589351654]","[0.4269914925098419, 0.5730085372924805]",0.5730085372924805
00012063.npy,1,1,"[0.015773899853229523, 0.367643266916275]","[0.4129291772842407, 0.5870708227157593]",0.5870708227157593
00012064.npy,1,1,"[0.07984215766191483, 0.26437604427337646]","[0.45399701595306396, 0.5460030436515808]",0.5460030436515808
00012065.npy,0,1,"[0.13598504662513733, 0.45420095324516296]","[0.421110600233078, 0.5788893699645996]",0.5788893699645996
00012066.npy,1,1,"[-0.42491358518600464, 0.04730667173862457]","[0.3840908706188202, 0.6159091591835022]",0.6159091591835022
00012067.npy,0,1,"[0.07585545629262924, 0.38865241408348083]","[0.42243221402168274, 0.5775678157806396]",0.5775678157806396
00012068.npy,0,1,"[0.012237854301929474, 0.09834890812635422]","[0.4784855246543884, 0.5215144753456116]",0.5215144753456116
00012069.npy,1,1,"[-0.075833261013031, 0.6849716305732727]","[0.3184715509414673, 0.6815284490585327]",0.6815284490585327
00012070.npy,1,1,"[0.06283614784479141, 0.32654479146003723]","[0.4344522953033447, 0.5655477643013]",0.5655477643013
00012071.npy,1,1,"[-0.19125133752822876, -0.04516364634037018]","[0.4635429084300995, 0.5364571213722229]",0.5364571213722229
00012072.npy,0,1,"[-0.09454119205474854, 0.2477717101573944]","[0.41524776816368103, 0.5847522616386414]",0.5847522616386414
00012073.npy,0,1,"[0.018483459949493408, 0.2451750934123993]","[0.44356855750083923, 0.5564314723014832]",0.5564314723014832
00012074.npy,1,1,"[0.0670035257935524, 0.30499711632728577]","[0.4407808780670166, 0.5592191219329834]",0.5592191219329834
00012075.npy,1,1,"[-0.21313005685806274, 0.161565363407135]","[0.4074069559574127, 0.5925930738449097]",0.5925930738449097
00012076.npy,0,1,"[-0.4602659344673157, -0.28675320744514465]","[0.45673033595085144, 0.543269693851471]",0.543269693851471
00012077.npy,1,1,"[-0.29072049260139465, 0.0420299768447876]","[0.4175715446472168, 0.5824284553527832]",0.5824284553527832
00012078.npy,1,1,"[0.003872569650411606, 0.2313636839389801]","[0.4433712065219879, 0.5566287636756897]",0.5566287636756897
00012079.npy,0,1,"[-0.2821776270866394, -0.04750144109129906]","[0.4415987432003021, 0.5584012269973755]",0.5584012269973755
00012080.npy,1,1,"[-0.057380083948373795, 0.043534375727176666]","[0.4747927784919739, 0.5252072215080261]",0.5252072215080261
00012081.npy,1,1,"[0.18105342984199524, 0.815212607383728]","[0.3465680778026581, 0.6534319519996643]",0.6534319519996643
00012082.npy,1,1,"[-0.07902908325195312, 0.1732427477836609]","[0.4372643828392029, 0.5627355575561523]",0.5627355575561523
00012083.npy,0,1,"[-0.041915908455848694, 0.36119842529296875]","[0.4005643129348755, 0.5994356274604797]",0.5994356274604797
00012084.npy,1,1,"[-0.28514790534973145, 0.12637433409690857]","[0.3985471725463867, 0.6014528274536133]",0.6014528274536133
00012085.npy,1,1,"[-0.27591297030448914, 0.1588917374610901]","[0.39297962188720703, 0.607020378112793]",0.607020378112793
00012086.npy,0,1,"[-0.08962748199701309, 0.23477762937545776]","[0.41960254311561584, 0.5803974270820618]",0.5803974270820618
00012087.npy,1,1,"[-0.14946535229682922, 0.047011107206344604]","[0.45103830099105835, 0.5489616990089417]",0.5489616990089417
00012088.npy,1,1,"[-0.03461497277021408, 0.1921064257621765]","[0.4435611963272095, 0.5564388036727905]",0.5564388036727905
00012089.npy,1,1,"[-0.29520583152770996, 0.38678765296936035]","[0.33581653237342834, 0.664183497428894]",0.664183497428894
00012090.npy,0,1,"[0.5420098900794983, 0.8123041987419128]","[0.43283483386039734, 0.5671651363372803]",0.5671651363372803
00012091.npy,1,1,"[-0.12149341404438019, 0.1641603708267212]","[0.4290682375431061, 0.5709317922592163]",0.5709317922592163
00012092.npy,1,1,"[0.09211374074220657, 0.5916739106178284]","[0.37764406204223633, 0.6223559975624084]",0.6223559975624084
00012093.npy,1,1,"[-0.1535603404045105, 0.41655319929122925]","[0.3612106442451477, 0.6387894153594971]",0.6387894153594971
00012094.npy,1,1,"[-0.1659313142299652, 0.09411593526601791]","[0.43535205721855164, 0.564647912979126]",0.564647912979126
00012095.npy,0,1,"[0.004457287490367889, 0.5028195381164551]","[0.3779256343841553, 0.6220743656158447]",0.6220743656158447
00012096.npy,0,1,"[0.09505028277635574, 0.30652615427970886]","[0.4473271667957306, 0.552672803401947]",0.552672803401947
00012097.npy,0,1,"[0.22549808025360107, 0.36102166771888733]","[0.46617087721824646, 0.5338291525840759]",0.5338291525840759
00012098.npy,1,1,"[-0.0020386911928653717, 0.08035708218812943]","[0.479412704706192, 0.5205873250961304]",0.5205873250961304
00012099.npy,1,1,"[-0.42004823684692383, 0.07190356403589249]","[0.37943387031555176, 0.6205661296844482]",0.6205661296844482
00012100.npy,1,1,"[0.20960545539855957, 0.24301674962043762]","[0.49164795875549316, 0.5083520412445068]",0.5083520412445068
00012101.npy,0,1,"[0.03469832241535187, 0.23852050304412842]","[0.4492201507091522, 0.5507798790931702]",0.5507798790931702
00012102.npy,1,1,"[-0.09873487055301666, 0.03687283396720886]","[0.4661499559879303, 0.5338500738143921]",0.5338500738143921
00012103.npy,0,1,"[-0.3360612690448761, -0.07684126496315002]","[0.43555545806884766, 0.5644445419311523]",0.5644445419311523
00012104.npy,1,1,"[-0.013080067932605743, 0.2664749324321747]","[0.4305628538131714, 0.5694370865821838]",0.5694370865821838
00012105.npy,0,1,"[-0.025152137503027916, 0.49031904339790344]","[0.3739118278026581, 0.6260881423950195]",0.6260881423950195
00012106.npy,1,1,"[-0.13555337488651276, 0.07826594263315201]","[0.44674789905548096, 0.553252100944519]",0.553252100944519
00012107.npy,0,1,"[-0.23047232627868652, -0.014534242451190948]","[0.44622427225112915, 0.5537757277488708]",0.5537757277488708
00012108.npy,0,1,"[-0.009742025285959244, 0.3625248074531555]","[0.4079934060573578, 0.5920066237449646]",0.5920066237449646
00012109.npy,1,1,"[0.07725564390420914, 0.19000667333602905]","[0.47184208035469055, 0.5281579494476318]",0.5281579494476318
00012110.npy,0,1,"[-0.007953442633152008, 0.2923671305179596]","[0.42547908425331116, 0.5745208859443665]",0.5745208859443665
00012111.npy,0,1,"[0.09282293170690536, 0.2688498795032501]","[0.4561065435409546, 0.5438934564590454]",0.5438934564590454
00012112.npy,1,1,"[-0.16831550002098083, 0.11300628632307053]","[0.4301297664642334, 0.5698702335357666]",0.5698702335357666
00012113.npy,1,1,"[0.0041142962872982025, 0.8303714394569397]","[0.3044370710849762, 0.6955629587173462]",0.6955629587173462
00012114.npy,0,1,"[-0.21382614970207214, 0.38204121589660645]","[0.3552897572517395, 0.6447103023529053]",0.6447103023529053
00012115.npy,1,1,"[0.04895203560590744, 0.37627264857292175]","[0.4188927114009857, 0.5811073184013367]",0.5811073184013367
00012116.npy,1,1,"[-0.1116875410079956, 0.08472185581922531]","[0.4510549008846283, 0.5489451289176941]",0.5489451289176941
00012117.npy,1,1,"[0.013934239745140076, 0.1460990011692047]","[0.4670068323612213, 0.5329931974411011]",0.5329931974411011
00012118.npy,1,1,"[-0.09878954291343689, 0.2093493640422821]","[0.42356911301612854, 0.5764309167861938]",0.5764309167861938
00012119.npy,1,1,"[0.08013158291578293, 0.14220622181892395]","[0.48448634147644043, 0.5155136585235596]",0.5155136585235596
00012120.npy,1,1,"[-0.234243243932724, 0.09214461594820023]","[0.41911977529525757, 0.5808802247047424]",0.5808802247047424
00012121.npy,1,1,"[-0.18111896514892578, 0.045728906989097595]","[0.44352999329566956, 0.5564699769020081]",0.5564699769020081
00012122.npy,1,1,"[-0.01504134014248848, 0.18944165110588074]","[0.44905662536621094, 0.5509433746337891]",0.5509433746337891
00012123.npy,0,1,"[-0.0830964595079422, 0.12798333168029785]","[0.44742509722709656, 0.552574872970581]",0.552574872970581
00012124.npy,1,1,"[-0.24272945523262024, 0.070489801466465]","[0.4223291575908661, 0.5776708722114563]",0.5776708722114563
00012125.npy,1,1,"[0.028275728225708008, 0.42279720306396484]","[0.4026293456554413, 0.5973706841468811]",0.5973706841468811
00012126.npy,1,1,"[-0.17361557483673096, 0.016073189675807953]","[0.45271947979927063, 0.547280490398407]",0.547280490398407
00012127.npy,1,1,"[0.2552202641963959, 0.7486916780471802]","[0.37907612323760986, 0.6209238767623901]",0.6209238767623901
00012128.npy,1,1,"[0.0023665763437747955, 0.1775350570678711]","[0.45631951093673706, 0.5436804890632629]",0.5436804890632629
00012129.npy,1,1,"[-0.07120046019554138, 0.31976181268692017]","[0.4034856855869293, 0.5965143442153931]",0.5965143442153931
00012130.npy,1,1,"[0.08555885404348373, 0.26986488699913025]","[0.45405349135398865, 0.5459465384483337]",0.5459465384483337
00012131.npy,1,1,"[-0.1788008213043213, -0.07455132156610489]","[0.4739611744880676, 0.5260387659072876]",0.5260387659072876
00012132.npy,1,1,"[-0.3101213276386261, -0.08091837167739868]","[0.4429487884044647, 0.5570511817932129]",0.5570511817932129
00012133.npy,1,1,"[-0.057618096470832825, 0.5570309162139893]","[0.3509994447231293, 0.6490005850791931]",0.6490005850791931
00012134.npy,1,1,"[0.3399690091609955, 0.6092538833618164]","[0.4330826699733734, 0.566917359828949]",0.566917359828949
00012135.npy,1,1,"[0.09750328212976456, 0.7211220860481262]","[0.3489588797092438, 0.6510411500930786]",0.6510411500930786
00012136.npy,1,1,"[-0.03342219442129135, 0.3073000907897949]","[0.41563403606414795, 0.584365963935852]",0.584365963935852
00012137.npy,1,1,"[-0.17131441831588745, 0.510003924369812]","[0.33596715331077576, 0.6640328764915466]",0.6640328764915466
00012138.npy,1,1,"[-0.35082000494003296, 0.25201407074928284]","[0.3536955714225769, 0.6463044881820679]",0.6463044881820679
00012139.npy,1,1,"[0.17346683144569397, 0.3772372901439667]","[0.44923293590545654, 0.5507670640945435]",0.5507670640945435
00012140.npy,1,1,"[-0.19869759678840637, 0.08675795048475266]","[0.42911678552627563, 0.5708832144737244]",0.5708832144737244
00012141.npy,1,1,"[-0.17006748914718628, 0.23226436972618103]","[0.4007522165775299, 0.5992477536201477]",0.5992477536201477
00012142.npy,1,1,"[-0.2986129820346832, 0.18540984392166138]","[0.3813026547431946, 0.6186973452568054]",0.6186973452568054
00012143.npy,1,1,"[-0.16099879145622253, 0.23150524497032166]","[0.4031146764755249, 0.5968853235244751]",0.5968853235244751
00012144.npy,1,1,"[-0.39736849069595337, -0.1270030438899994]","[0.43281736969947815, 0.5671826004981995]",0.5671826004981995
00012145.npy,0,1,"[-0.16383223235607147, 0.11024533957242966]","[0.4319063425064087, 0.5680936574935913]",0.5680936574935913
00012146.npy,1,1,"[-0.07970374077558517, 0.2161862552165985]","[0.42656248807907104, 0.5734374523162842]",0.5734374523162842
00012147.npy,1,1,"[0.036326900124549866, 0.2403540313243866]","[0.44916942715644836, 0.550830602645874]",0.550830602645874
00012148.npy,1,1,"[-0.16142219305038452, 0.2363397479057312]","[0.4018501937389374, 0.598149836063385]",0.598149836063385
00012149.npy,1,1,"[-0.12083955109119415, 0.31943783164024353]","[0.39167487621307373, 0.608325183391571]",0.608325183391571
00012150.npy,1,1,"[0.03890695422887802, 0.1610129177570343]","[0.46951138973236084, 0.5304886102676392]",0.5304886102676392
00012151.npy,1,1,"[-0.20879963040351868, 0.1547929346561432]","[0.4100901782512665, 0.5899097919464111]",0.5899097919464111
00012152.npy,1,1,"[-0.35960814356803894, -0.030375642701983452]","[0.41842737793922424, 0.5815725922584534]",0.5815725922584534
00012153.npy,1,1,"[0.06825300306081772, 0.19168108701705933]","[0.4691821038722992, 0.5308179259300232]",0.5308179259300232
00012154.npy,1,1,"[-0.3299326002597809, 0.007114320993423462]","[0.41652700304985046, 0.5834730267524719]",0.5834730267524719
00012155.npy,1,1,"[0.035329945385456085, 0.23835089802742004]","[0.44941839575767517, 0.5505816340446472]",0.5505816340446472
00012156.npy,1,1,"[-0.10488833487033844, 0.44007423520088196]","[0.3670338988304138, 0.6329660415649414]",0.6329660415649414
00012157.npy,1,1,"[-0.16002961993217468, 0.25921255350112915]","[0.39669811725616455, 0.6033018827438354]",0.6033018827438354
00012158.npy,1,1,"[0.01012175902724266, 0.45678868889808655]","[0.39015355706214905, 0.6098464727401733]",0.6098464727401733
00012159.npy,1,1,"[-0.14886102080345154, 0.06608638912439346]","[0.44646909832954407, 0.5535308718681335]",0.5535308718681335
00012160.npy,1,1,"[0.004235837608575821, 0.3015831708908081]","[0.426206111907959, 0.5737939476966858]",0.5737939476966858
00012161.npy,1,1,"[-0.18885743618011475, -0.014148864895105362]","[0.45643362402915955, 0.5435664057731628]",0.5435664057731628
00012162.npy,1,1,"[-0.11055073142051697, 0.2473568618297577]","[0.41146615147590637, 0.5885338187217712]",0.5885338187217712
00012163.npy,1,1,"[0.021205559372901917, 0.3980466425418854]","[0.40688902139663696, 0.593110978603363]",0.593110978603363
00012164.npy,1,1,"[-0.046922702342271805, 0.2442341148853302]","[0.42772069573402405, 0.5722793340682983]",0.5722793340682983
00012165.npy,1,1,"[-0.2436787188053131, -0.0885511040687561]","[0.4612956941127777, 0.5387043356895447]",0.5387043356895447
00012166.npy,1,1,"[-0.20141518115997314, -0.05337806046009064]","[0.4630581736564636, 0.5369418263435364]",0.5369418263435364
00012167.npy,1,1,"[-0.34952905774116516, -0.021832827478647232]","[0.41880127787590027, 0.5811987519264221]",0.5811987519264221
00012168.npy,1,1,"[-0.13453832268714905, 0.17363888025283813]","[0.4235597550868988, 0.5764402747154236]",0.5764402747154236
00012169.npy,1,1,"[-0.12462621927261353, -0.05922257900238037]","[0.4836549162864685, 0.5163450837135315]",0.5163450837135315
00012170.npy,1,1,"[-0.20267188549041748, 0.12175313383340836]","[0.41959771513938904, 0.5804023146629333]",0.5804023146629333
00012171.npy,1,1,"[-0.2922649085521698, 0.1685289442539215]","[0.3867975175380707, 0.6132024526596069]",0.6132024526596069
00012172.npy,1,1,"[-0.19867455959320068, 0.2344323992729187]","[0.3933846354484558, 0.6066153049468994]",0.6066153049468994
00012173.npy,1,1,"[-0.2123204469680786, 0.08095406740903854]","[0.42720237374305725, 0.5727975964546204]",0.5727975964546204
00012174.npy,1,1,"[-0.19961503148078918, 0.3324485719203949]","[0.37003567814826965, 0.629964292049408]",0.629964292049408
00012175.npy,1,1,"[0.0521322637796402, 0.29311442375183105]","[0.4400443434715271, 0.5599556565284729]",0.5599556565284729
00012176.npy,1,1,"[-0.11550740152597427, 0.09087822586297989]","[0.44858598709106445, 0.5514140725135803]",0.5514140725135803
00012177.npy,1,1,"[-0.07108411937952042, 0.2366560995578766]","[0.42366644740104675, 0.5763335824012756]",0.5763335824012756
00012178.npy,1,1,"[0.08742911368608475, 0.3590877652168274]","[0.4324999451637268, 0.5675000548362732]",0.5675000548362732
00012179.npy,1,1,"[-0.1783563494682312, 0.12087676674127579]","[0.4257449507713318, 0.5742549896240234]",0.5742549896240234
00012180.npy,1,1,"[-0.32976841926574707, -0.10364189743995667]","[0.44370803236961365, 0.556291937828064]",0.556291937828064
00012181.npy,1,1,"[0.026618100702762604, 0.3240189850330353]","[0.4261929988861084, 0.5738070011138916]",0.5738070011138916
00012182.npy,1,1,"[-0.09058254212141037, 0.36604827642440796]","[0.387785404920578, 0.6122146248817444]",0.6122146248817444
00012183.npy,1,1,"[-0.5420421361923218, -0.11271363496780396]","[0.3942866921424866, 0.6057133078575134]",0.6057133078575134
00012184.npy,1,1,"[-0.16841399669647217, 0.1668654978275299]","[0.4169566035270691, 0.5830433964729309]",0.5830433964729309
00012185.npy,1,1,"[-0.13930095732212067, 0.13049650192260742]","[0.43295684456825256, 0.5670431852340698]",0.5670431852340698
00012186.npy,1,1,"[-0.4174296259880066, 0.019241422414779663]","[0.3925344944000244, 0.6074655055999756]",0.6074655055999756
00012187.npy,1,1,"[-0.3866507112979889, 0.11010860651731491]","[0.37830254435539246, 0.6216974854469299]",0.6216974854469299
00012188.npy,1,1,"[-0.4336200952529907, 0.03504038602113724]","[0.38493335247039795, 0.6150667071342468]",0.6150667071342468
00012189.npy,1,1,"[0.06327325850725174, 0.20534715056419373]","[0.46454116702079773, 0.5354588627815247]",0.5354588627815247
00012190.npy,1,1,"[-0.2338067889213562, -0.09209153801202774]","[0.4646303653717041, 0.5353696346282959]",0.5353696346282959
00012191.npy,1,1,"[-0.05223545804619789, 0.3495056629180908]","[0.40089407563209534, 0.5991058945655823]",0.5991058945655823
00012192.npy,1,1,"[-0.08366453647613525, 0.5388661026954651]","[0.3492060899734497, 0.6507938504219055]",0.6507938504219055
00012193.npy,1,1,"[-0.02581564150750637, 0.2554420828819275]","[0.4301454722881317, 0.5698545575141907]",0.5698545575141907
00012194.npy,0,1,"[-0.28042101860046387, 0.03021284192800522]","[0.4229600429534912, 0.5770399570465088]",0.5770399570465088
00012195.npy,1,1,"[-0.16315054893493652, 0.29993385076522827]","[0.3862544000148773, 0.6137456297874451]",0.6137456297874451
00012196.npy,1,1,"[-0.100173220038414, 0.108476422727108]","[0.44802606105804443, 0.5519739985466003]",0.5519739985466003
00012197.npy,1,1,"[-0.2606279253959656, 0.05833198130130768]","[0.4209292531013489, 0.5790707468986511]",0.5790707468986511
00012198.npy,1,1,"[-0.1183038055896759, 0.2064855992794037]","[0.4195089638233185, 0.5804910063743591]",0.5804910063743591
00012199.npy,1,1,"[-0.27623093128204346, 0.1814926564693451]","[0.3875260055065155, 0.6124740242958069]",0.6124740242958069
00012200.npy,1,1,"[-0.08849585056304932, 0.26439207792282104]","[0.41268226504325867, 0.587317705154419]",0.587317705154419
00012201.npy,1,1,"[-0.3606187403202057, 0.023986317217350006]","[0.4050167202949524, 0.5949833393096924]",0.5949833393096924
00012202.npy,1,1,"[0.1321432888507843, 0.5605831742286682]","[0.39449891448020935, 0.6055010557174683]",0.6055010557174683
00012203.npy,1,1,"[-0.05227310210466385, 0.1850925087928772]","[0.4409356415271759, 0.5590643286705017]",0.5590643286705017
00012204.npy,1,1,"[-0.13874922692775726, 0.19473868608474731]","[0.41739219427108765, 0.5826077461242676]",0.5826077461242676
00012205.npy,1,1,"[-0.09711118787527084, 0.19175946712493896]","[0.42828038334846497, 0.5717196464538574]",0.5717196464538574
00012206.npy,1,1,"[0.04875416308641434, 0.3512464463710785]","[0.4249483346939087, 0.5750516653060913]",0.5750516653060913
00012207.npy,1,1,"[-0.019183896481990814, 0.2939988672733307]","[0.4223380386829376, 0.57766193151474]",0.57766193151474
00012208.npy,1,1,"[-0.038111522793769836, 0.40342938899993896]","[0.391373872756958, 0.6086261868476868]",0.6086261868476868
00012209.npy,1,1,"[-0.38243475556373596, 0.18899834156036377]","[0.360906183719635, 0.6390937566757202]",0.6390937566757202
00012210.npy,0,1,"[-0.06200156360864639, 0.164311945438385]","[0.4436618685722351, 0.5563381314277649]",0.5563381314277649
00012211.npy,1,1,"[0.07265826314687729, 0.1724775731563568]","[0.47506585717201233, 0.5249341130256653]",0.5249341130256653
00012212.npy,1,1,"[0.01871822029352188, 0.17473295331001282]","[0.4610752463340759, 0.5389247536659241]",0.5389247536659241
00012213.npy,0,1,"[-0.19606947898864746, 0.1937318742275238]","[0.40376511216163635, 0.5962348580360413]",0.5962348580360413
00012214.npy,1,1,"[-0.005540590733289719, 0.39561545848846436]","[0.4010346233844757, 0.5989653468132019]",0.5989653468132019
00012215.npy,1,1,"[0.06611301004886627, 0.31868627667427063]","[0.4371902346611023, 0.5628097653388977]",0.5628097653388977
00012216.npy,1,1,"[-0.2357734739780426, 0.332893043756485]","[0.36154457926750183, 0.6384553909301758]",0.6384553909301758
00012217.npy,1,1,"[-0.15045355260372162, 0.3676567077636719]","[0.37329423427581787, 0.6267057657241821]",0.6267057657241821
00012218.npy,1,1,"[-0.07557910680770874, 0.27478545904159546]","[0.4132940471172333, 0.5867059826850891]",0.5867059826850891
00012219.npy,1,1,"[-0.06815186142921448, 0.25728511810302734]","[0.4193512797355652, 0.5806487202644348]",0.5806487202644348
00012220.npy,0,1,"[-0.09806053340435028, 0.3774736821651459]","[0.38330721855163574, 0.6166927814483643]",0.6166927814483643
00012221.npy,1,1,"[0.06508095562458038, 0.41124075651168823]","[0.4143139719963074, 0.5856860280036926]",0.5856860280036926
00012222.npy,1,1,"[-0.1482389271259308, 0.30618295073509216]","[0.38830992579460144, 0.6116900444030762]",0.6116900444030762
00012223.npy,1,1,"[-0.2304617166519165, -0.01546553149819374]","[0.44645702838897705, 0.553542971611023]",0.553542971611023
00012224.npy,1,1,"[-0.11496639251708984, 0.4041708707809448]","[0.37305402755737305, 0.6269460320472717]",0.6269460320472717
00012225.npy,0,1,"[-0.1737610101699829, 0.014125622808933258]","[0.45316606760025024, 0.5468339920043945]",0.5468339920043945
00012226.npy,1,1,"[-0.01560838520526886, 0.29414093494415283]","[0.42317596077919006, 0.5768240690231323]",0.5768240690231323
00012227.npy,0,1,"[-0.01932189241051674, 0.6595709919929504]","[0.33650845289230347, 0.6634915471076965]",0.6634915471076965
00012228.npy,1,1,"[-0.14704570174217224, 0.3818844258785248]","[0.37076646089553833, 0.6292335391044617]",0.6292335391044617
00012229.npy,1,1,"[-0.06380370259284973, 0.17398709058761597]","[0.44083085656166077, 0.5591691732406616]",0.5591691732406616
00012230.npy,1,1,"[0.023488901555538177, 0.2073315978050232]","[0.45416831970214844, 0.5458316802978516]",0.5458316802978516
00012231.npy,1,1,"[-0.22617658972740173, 0.16012060642242432]","[0.40460899472236633, 0.595391035079956]",0.595391035079956
00012232.npy,1,1,"[-0.08189017325639725, 0.4289584159851074]","[0.3749946057796478, 0.6250053644180298]",0.6250053644180298
00012233.npy,1,1,"[0.10734917968511581, 0.49046650528907776]","[0.40537524223327637, 0.5946247577667236]",0.5946247577667236
00012234.npy,1,1,"[-0.052260298281908035, 0.20004448294639587]","[0.4372563064098358, 0.5627437233924866]",0.5627437233924866
00012235.npy,1,1,"[-0.3337377905845642, 0.10595741122961044]","[0.39181360602378845, 0.6081864237785339]",0.6081864237785339
00012236.npy,1,1,"[0.029535852372646332, 0.6222255229949951]","[0.35601791739463806, 0.6439820528030396]",0.6439820528030396
00012237.npy,1,1,"[-0.13499772548675537, 0.12263811379671097]","[0.43594497442245483, 0.5640550255775452]",0.5640550255775452
00012238.npy,1,1,"[-0.3356625437736511, 0.2701573371887207]","[0.3530133366584778, 0.6469866633415222]",0.6469866633415222
00012239.npy,1,1,"[-0.2513991594314575, 0.012801401317119598]","[0.43433138728141785, 0.5656685829162598]",0.5656685829162598
00012240.npy,1,1,"[-0.09726108610630035, 0.4545402228832245]","[0.3654465675354004, 0.6345533728599548]",0.6345533728599548
00012241.npy,1,1,"[-0.4900352358818054, 0.07846932858228683]","[0.3615819811820984, 0.6384180188179016]",0.6384180188179016
00012242.npy,0,1,"[-0.28586405515670776, -0.013655655086040497]","[0.4323650300502777, 0.5676349401473999]",0.5676349401473999
00012243.npy,0,1,"[-0.30235299468040466, 0.20939069986343384]","[0.3747848868370056, 0.6252151727676392]",0.6252151727676392
00012244.npy,1,1,"[-0.35577481985092163, 0.0339951291680336]","[0.4037726819515228, 0.5962272882461548]",0.5962272882461548
00012245.npy,1,1,"[0.13021990656852722, 0.18266883492469788]","[0.4868907630443573, 0.5131092071533203]",0.5131092071533203
00012246.npy,1,1,"[-0.3518465459346771, 0.22469577193260193]","[0.35972860455513, 0.6402714252471924]",0.6402714252471924
00012247.npy,1,1,"[-0.08315940946340561, 0.24209904670715332]","[0.41939476132392883, 0.5806052684783936]",0.5806052684783936
00012248.npy,1,1,"[-0.2623281180858612, 0.008394502103328705]","[0.43272972106933594, 0.5672702789306641]",0.5672702789306641
00012249.npy,0,1,"[-0.1427595019340515, 0.27155372500419617]","[0.39787834882736206, 0.6021216511726379]",0.6021216511726379
00012250.npy,1,1,"[-0.21109327673912048, -0.006572358310222626]","[0.4490472376346588, 0.5509527325630188]",0.5509527325630188
00012251.npy,1,1,"[-0.2639332413673401, 0.020607449114322662]","[0.4293409287929535, 0.5706590414047241]",0.5706590414047241
00012252.npy,1,1,"[-0.4075343906879425, -0.05755513906478882]","[0.4133874475955963, 0.5866125226020813]",0.5866125226020813
00012253.npy,1,1,"[-0.18135175108909607, 0.2788245975971222]","[0.3869439959526062, 0.6130560040473938]",0.6130560040473938
00012254.npy,0,1,"[0.2008366584777832, 0.739194393157959]","[0.3685697019100189, 0.6314302682876587]",0.6314302682876587
00012255.npy,0,1,"[-0.2174750566482544, 0.07159688323736191]","[0.42823106050491333, 0.5717688798904419]",0.5717688798904419
00012256.npy,1,1,"[0.21409550309181213, 0.277837336063385]","[0.48406994342803955, 0.5159300565719604]",0.5159300565719604
00012257.npy,1,1,"[-0.03181008994579315, 0.3215968906879425]","[0.4125564992427826, 0.587443470954895]",0.587443470954895
00012258.npy,1,1,"[-0.499702513217926, -0.14927077293395996]","[0.4132777452468872, 0.5867222547531128]",0.5867222547531128
00012259.npy,1,1,"[-0.0773831382393837, 0.20359668135643005]","[0.43021360039711, 0.5697864294052124]",0.5697864294052124
00012260.npy,1,1,"[0.029910676181316376, 0.34800586104393005]","[0.42114001512527466, 0.5788599252700806]",0.5788599252700806
00012261.npy,1,1,"[-0.07718230783939362, 0.4004393517971039]","[0.3828139007091522, 0.6171860694885254]",0.6171860694885254
00012262.npy,1,1,"[-0.05658658966422081, 0.13679033517837524]","[0.45180583000183105, 0.5481941103935242]",0.5481941103935242
00012263.npy,1,1,"[-0.2909061014652252, 0.15856638550758362]","[0.3894861936569214, 0.6105138063430786]",0.6105138063430786
00012264.npy,1,1,"[0.052396565675735474, 0.4802147448062897]","[0.3946474492549896, 0.6053525805473328]",0.6053525805473328
00012265.npy,1,1,"[-0.2119048535823822, 0.13651937246322632]","[0.413764625787735, 0.5862354040145874]",0.5862354040145874
00012266.npy,1,1,"[-0.06749304383993149, 0.23699253797531128]","[0.424461305141449, 0.575538694858551]",0.575538694858551
00012267.npy,1,1,"[-0.011876080185174942, 0.37422841787338257]","[0.40465542674064636, 0.595344603061676]",0.595344603061676
00012268.npy,1,1,"[-0.02905704267323017, 0.18442180752754211]","[0.4468320310115814, 0.5531679391860962]",0.5531679391860962
00012269.npy,1,1,"[-0.047526706010103226, 0.20227715373039246]","[0.4378718137741089, 0.5621282458305359]",0.5621282458305359
00012270.npy,1,1,"[-0.23070120811462402, 0.1681557595729828]","[0.40158700942993164, 0.5984129905700684]",0.5984129905700684
00012271.npy,1,1,"[-0.05870931223034859, 0.2662336826324463]","[0.4194715917110443, 0.5805284380912781]",0.5805284380912781
00012272.npy,1,1,"[-0.10437759757041931, -0.003605525940656662]","[0.47482830286026, 0.5251717567443848]",0.5251717567443848
00012273.npy,1,1,"[-0.11231862008571625, 0.5242034792900085]","[0.34603315591812134, 0.6539668440818787]",0.6539668440818787
00012274.npy,1,1,"[-0.15791654586791992, 0.015755832195281982]","[0.4566906988620758, 0.5433092713356018]",0.5433092713356018
00012275.npy,1,1,"[-0.0571088083088398, 0.218110591173172]","[0.43162620067596436, 0.5683737993240356]",0.5683737993240356
00012276.npy,1,1,"[-0.5247177481651306, 0.043435849249362946]","[0.36166298389434814, 0.6383370757102966]",0.6383370757102966
00012277.npy,1,1,"[-0.11311407387256622, 0.3408234119415283]","[0.38842499256134033, 0.6115750074386597]",0.6115750074386597
00012278.npy,1,1,"[-0.37026193737983704, 0.01702115684747696]","[0.4043715298175812, 0.5956284999847412]",0.5956284999847412
00012279.npy,1,1,"[-0.26200005412101746, 0.24491798877716064]","[0.3759162724018097, 0.6240837574005127]",0.6240837574005127
00012280.npy,1,1,"[-0.021562891080975533, 0.1500350534915924]","[0.45720547437667847, 0.5427945256233215]",0.5427945256233215
00012281.npy,1,1,"[0.2269798219203949, 0.2752126455307007]","[0.4879441261291504, 0.5120558738708496]",0.5120558738708496
00012282.npy,1,1,"[-0.12538287043571472, 0.265333890914917]","[0.40354475378990173, 0.5964552164077759]",0.5964552164077759
00012283.npy,1,1,"[0.11483954638242722, 0.292702317237854]","[0.4556511342525482, 0.5443488359451294]",0.5443488359451294
00012284.npy,1,1,"[0.08818186074495316, 0.27099600434303284]","[0.45442333817481995, 0.5455766916275024]",0.5455766916275024
00012285.npy,1,1,"[-0.07039167732000351, 0.502907931804657]","[0.3604757785797119, 0.6395241618156433]",0.6395241618156433
00012286.npy,1,1,"[-0.19458171725273132, 0.0673777386546135]","[0.43488210439682007, 0.5651178956031799]",0.5651178956031799
00012287.npy,1,1,"[-0.30153536796569824, -0.23370257019996643]","[0.48304829001426697, 0.5169517397880554]",0.5169517397880554
00012288.npy,1,1,"[0.11571594327688217, 0.43140673637390137]","[0.4217262864112854, 0.5782736539840698]",0.5782736539840698
00012289.npy,1,1,"[-0.2607274353504181, 0.024907350540161133]","[0.42907288670539856, 0.570927083492279]",0.570927083492279
00012290.npy,1,1,"[-0.0257645882666111, 0.14850130677223206]","[0.4565434455871582, 0.5434565544128418]",0.5434565544128418
00012291.npy,1,1,"[-0.13720768690109253, 0.28862980008125305]","[0.3951207399368286, 0.6048792600631714]",0.6048792600631714
00012292.npy,1,1,"[-0.20714935660362244, 0.6123855113983154]","[0.3058623969554901, 0.6941376328468323]",0.6941376328468323
00012293.npy,1,1,"[-0.3047831654548645, 0.11941320449113846]","[0.39551302790641785, 0.6044869422912598]",0.6044869422912598
00012294.npy,0,1,"[-0.1923658847808838, 0.27270248532295227]","[0.3857841491699219, 0.6142158508300781]",0.6142158508300781
00012295.npy,0,1,"[-0.1933511197566986, 0.1512891948223114]","[0.4146827459335327, 0.5853172540664673]",0.5853172540664673
00012296.npy,1,1,"[-0.1733551323413849, 0.16730409860610962]","[0.4156493842601776, 0.5843506455421448]",0.5843506455421448
00012297.npy,1,1,"[-0.23742032051086426, 0.0849982276558876]","[0.42008644342422485, 0.5799135565757751]",0.5799135565757751
00012298.npy,1,1,"[-0.07469215989112854, 0.14628559350967407]","[0.4449792802333832, 0.5550207495689392]",0.5550207495689392
00012299.npy,1,1,"[-0.18853089213371277, 0.03891493380069733]","[0.4433823823928833, 0.5566176176071167]",0.5566176176071167
00012300.npy,1,1,"[-0.05524788796901703, 0.20684197545051575]","[0.4348500669002533, 0.5651499629020691]",0.5651499629020691
00012301.npy,1,1,"[0.08287043124437332, 0.4116523563861847]","[0.41853705048561096, 0.5814629793167114]",0.5814629793167114
00012302.npy,1,1,"[-0.14480876922607422, 0.1277618110179901]","[0.4322761297225952, 0.5677238702774048]",0.5677238702774048
00012303.npy,0,1,"[0.00039043650031089783, 0.09657017141580582]","[0.47597357630729675, 0.5240263938903809]",0.5240263938903809
00012304.npy,1,1,"[-0.262276828289032, 0.26358214020729065]","[0.3714832067489624, 0.6285167932510376]",0.6285167932510376
00012305.npy,1,1,"[0.009602285921573639, 0.3145836293697357]","[0.42434021830558777, 0.5756597518920898]",0.5756597518920898
00012306.npy,0,1,"[-0.19323104619979858, 0.0709308609366417]","[0.4343409240245819, 0.5656591057777405]",0.5656591057777405
00012307.npy,1,1,"[0.11428379267454147, 0.3474813997745514]","[0.4419633746147156, 0.5580366253852844]",0.5580366253852844
00012308.npy,1,1,"[-0.15785366296768188, 0.2729196548461914]","[0.3939416706562042, 0.6060582995414734]",0.6060582995414734
00012309.npy,1,1,"[-0.39302441477775574, -0.14817914366722107]","[0.43909263610839844, 0.5609073042869568]",0.5609073042869568
00012310.npy,1,1,"[0.04356250911951065, 0.35798102617263794]","[0.4220365881919861, 0.5779634118080139]",0.5779634118080139
00012311.npy,0,1,"[-0.07422877848148346, 0.04199325293302536]","[0.47097715735435486, 0.5290228128433228]",0.5290228128433228
00012312.npy,0,1,"[-0.14704221487045288, 0.24159368872642517]","[0.4040457010269165, 0.5959542393684387]",0.5959542393684387
00012313.npy,1,1,"[-0.010668952018022537, 0.5242478251457214]","[0.36937084794044495, 0.6306291222572327]",0.6306291222572327
00012314.npy,0,1,"[0.04639698565006256, 0.49126437306404114]","[0.39058178663253784, 0.6094182729721069]",0.6094182729721069
00012315.npy,0,1,"[0.03257221728563309, 0.4615154564380646]","[0.3943786919116974, 0.605621337890625]",0.605621337890625
00012316.npy,1,1,"[-0.04286477342247963, 0.1684412658214569]","[0.44736918807029724, 0.5526308417320251]",0.5526308417320251
00012317.npy,1,1,"[-0.20610031485557556, 0.06083779036998749]","[0.4336589574813843, 0.5663410425186157]",0.5663410425186157
00012318.npy,1,1,"[-0.4024956226348877, 0.07901626080274582]","[0.38189515471458435, 0.6181048154830933]",0.6181048154830933
00012319.npy,1,1,"[-0.11344984918832779, 0.10685593634843826]","[0.44514521956443787, 0.5548547506332397]",0.5548547506332397
00012320.npy,1,1,"[-0.23478549718856812, 0.0635676309466362]","[0.42596015334129333, 0.574039876461029]",0.574039876461029
00012321.npy,0,1,"[-0.2646792232990265, 0.6212953329086304]","[0.29194125533103943, 0.708058774471283]",0.708058774471283
00012322.npy,0,1,"[-0.5747901201248169, -0.1745540201663971]","[0.40125563740730286, 0.5987443923950195]",0.5987443923950195
00012323.npy,0,1,"[-0.36437463760375977, -0.025207553058862686]","[0.4160118103027344, 0.5839881896972656]",0.5839881896972656
00012324.npy,0,1,"[0.020399808883666992, 0.4788089692592621]","[0.3873633146286011, 0.6126367449760437]",0.6126367449760437
00012325.npy,1,1,"[0.09608166664838791, 0.5339702367782593]","[0.39224421977996826, 0.6077558398246765]",0.6077558398246765
00012326.npy,0,1,"[0.30992868542671204, 0.6061146855354309]","[0.4264901280403137, 0.5735098719596863]",0.5735098719596863
00012327.npy,0,1,"[-0.0778171569108963, 0.4769585430622101]","[0.36475712060928345, 0.6352428793907166]",0.6352428793907166
00012328.npy,0,1,"[-0.09153127670288086, 0.18847864866256714]","[0.430451363325119, 0.5695486664772034]",0.5695486664772034
00012329.npy,1,1,"[-0.2315496802330017, 0.015115365386009216]","[0.43864449858665466, 0.561355471611023]",0.561355471611023
00012330.npy,0,1,"[-0.0800403580069542, 0.5881646871566772]","[0.3388988971710205, 0.6611011624336243]",0.6611011624336243
00012331.npy,0,1,"[-0.21101123094558716, -0.08647233992815018]","[0.4689054489135742, 0.5310945510864258]",0.5310945510864258
00012332.npy,1,1,"[0.017870798707008362, 0.14552143216133118]","[0.46813058853149414, 0.5318694114685059]",0.5318694114685059
00012333.npy,0,1,"[-0.0741472914814949, 0.09855490177869797]","[0.4569314420223236, 0.543068528175354]",0.543068528175354
00012334.npy,1,1,"[-0.02949145808815956, 0.29342105984687805]","[0.4199661314487457, 0.5800338983535767]",0.5800338983535767
00012335.npy,1,1,"[-0.10961910337209702, 0.2438354790210724]","[0.41254493594169617, 0.5874550342559814]",0.5874550342559814
00012336.npy,1,1,"[-0.03824252635240555, 0.22513648867607117]","[0.4345332682132721, 0.5654667615890503]",0.5654667615890503
00012337.npy,1,1,"[-0.0559675358235836, 0.4240759611129761]","[0.3822418451309204, 0.6177580952644348]",0.6177580952644348
00012338.npy,0,1,"[-0.11337465047836304, 0.5023643970489502]","[0.3507511615753174, 0.6492488384246826]",0.6492488384246826
00012339.npy,1,1,"[0.0281069278717041, 0.5198836326599121]","[0.37947511672973633, 0.6205248832702637]",0.6205248832702637
00012340.npy,1,1,"[-0.10595330595970154, 0.29713723063468933]","[0.4005700349807739, 0.5994300246238708]",0.5994300246238708
00012341.npy,1,1,"[-0.2471243441104889, 0.11989972740411758]","[0.4092603027820587, 0.5907397270202637]",0.5907397270202637
00012342.npy,1,1,"[-0.06311222910881042, 0.16478636860847473]","[0.4432706832885742, 0.5567293167114258]",0.5567293167114258
00012343.npy,1,1,"[0.09709539264440536, 0.4792225658893585]","[0.4056139290332794, 0.5943860411643982]",0.5943860411643982
00012344.npy,1,1,"[-0.21476700901985168, 0.5276301503181458]","[0.322480171918869, 0.6775197982788086]",0.6775197982788086
00012345.npy,1,1,"[-0.2640039026737213, 0.0021495744585990906]","[0.4338516592979431, 0.5661484003067017]",0.5661484003067017
00012346.npy,1,1,"[0.10269191116094589, 0.5288060307502747]","[0.3950546383857727, 0.6049453616142273]",0.6049453616142273
00012347.npy,1,1,"[0.1719706654548645, 0.596494734287262]","[0.3954346776008606, 0.6045653223991394]",0.6045653223991394
00012348.npy,0,1,"[0.13857880234718323, 0.7336195707321167]","[0.35547909140586853, 0.6445208787918091]",0.6445208787918091
00012349.npy,0,1,"[-0.19025418162345886, 0.1351005733013153]","[0.4193713068962097, 0.5806287527084351]",0.5806287527084351
00012350.npy,0,1,"[0.12120500952005386, 0.5701795816421509]","[0.3896046280860901, 0.6103954315185547]",0.6103954315185547
00012351.npy,1,1,"[-0.059425435960292816, 0.04156290739774704]","[0.4747743308544159, 0.5252256393432617]",0.5252256393432617
00012352.npy,1,1,"[0.076734758913517, 0.8804447054862976]","[0.3092325031757355, 0.6907675266265869]",0.6907675266265869
00012353.npy,1,1,"[-0.19657185673713684, 0.20517033338546753]","[0.40089383721351624, 0.5991061925888062]",0.5991061925888062
00012354.npy,1,1,"[-0.31811535358428955, -0.12004640698432922]","[0.45064401626586914, 0.5493559837341309]",0.5493559837341309
00012355.npy,0,1,"[0.1945810616016388, 0.7726911306381226]","[0.35936757922172546, 0.6406323909759521]",0.6406323909759521
00012356.npy,1,1,"[-0.01951589807868004, 0.5421972274780273]","[0.3631511628627777, 0.6368488669395447]",0.6368488669395447
00012357.npy,0,1,"[0.054891712963581085, 0.3559785485267639]","[0.4252918064594269, 0.5747081637382507]",0.5747081637382507
00012358.npy,0,1,"[-0.15271303057670593, 0.01818256825208664]","[0.4573797583580017, 0.5426202416419983]",0.5426202416419983
00012359.npy,1,1,"[-0.002962455153465271, 0.2850305736064911]","[0.42849528789520264, 0.5715047121047974]",0.5715047121047974
00012360.npy,1,1,"[-0.2958586812019348, -0.06133471056818962]","[0.4416362941265106, 0.5583637356758118]",0.5583637356758118
00012361.npy,0,1,"[-0.10936552286148071, 0.45008131861686707]","[0.36367547512054443, 0.6363245248794556]",0.6363245248794556
00012362.npy,0,1,"[-0.09663589298725128, 0.1990664303302765]","[0.42660844326019287, 0.5733915567398071]",0.5733915567398071
00012363.npy,0,1,"[0.006693676114082336, 0.3561772406101227]","[0.4135076701641083, 0.5864923000335693]",0.5864923000335693
00012364.npy,1,1,"[-0.2808392643928528, 0.22592207789421082]","[0.3759530484676361, 0.6240469813346863]",0.6240469813346863
00012365.npy,0,1,"[-0.08795714378356934, 0.20789161324501038]","[0.4265725910663605, 0.5734273791313171]",0.5734273791313171
00012366.npy,0,1,"[-0.12305795401334763, 0.5061421394348145]","[0.34769192337989807, 0.6523080468177795]",0.6523080468177795
00012367.npy,0,1,"[-0.12538298964500427, 0.001702878624200821]","[0.4682712256908417, 0.5317287445068359]",0.5317287445068359
00012368.npy,1,1,"[0.012894965708255768, 0.4086194634437561]","[0.40234002470970154, 0.5976600050926208]",0.5976600050926208
00012369.npy,1,1,"[-0.023049000650644302, 0.325330913066864]","[0.41377535462379456, 0.5862246751785278]",0.5862246751785278
00012370.npy,0,1,"[-0.2864002287387848, 0.06127369403839111]","[0.41394662857055664, 0.5860534310340881]",0.5860534310340881
00012371.npy,0,0,"[0.061201199889183044, 0.05321510136127472]","[0.5019965171813965, 0.4980034828186035]",0.4980034828186035
00012372.npy,0,1,"[0.24339783191680908, 0.3127150535583496]","[0.4826776385307312, 0.5173223614692688]",0.5173223614692688
00012373.npy,0,1,"[-0.20494908094406128, -0.023003578186035156]","[0.45463865995407104, 0.5453612804412842]",0.5453612804412842
00012374.npy,0,1,"[0.12217425554990768, 0.295411616563797]","[0.45679864287376404, 0.5432013273239136]",0.5432013273239136
00012375.npy,1,1,"[0.049125514924526215, 0.42806190252304077]","[0.4063834846019745, 0.5936165452003479]",0.5936165452003479
00012376.npy,1,1,"[0.25633350014686584, 0.4186301827430725]","[0.45951464772224426, 0.5404853224754333]",0.5404853224754333
00012377.npy,0,1,"[0.006342053413391113, 0.39539051055908203]","[0.4039463698863983, 0.5960536003112793]",0.5960536003112793
00012378.npy,0,1,"[0.13248446583747864, 0.43464386463165283]","[0.4250296950340271, 0.5749703645706177]",0.5749703645706177
00012379.npy,1,1,"[-0.23850390315055847, 0.16314244270324707]","[0.40091684460639954, 0.5990831851959229]",0.5990831851959229
00012380.npy,0,1,"[-0.28863757848739624, 0.19627249240875244]","[0.3810933530330658, 0.6189066171646118]",0.6189066171646118
00012381.npy,0,1,"[0.3178481459617615, 0.7658377885818481]","[0.3898388743400574, 0.6101611852645874]",0.6101611852645874
00012382.npy,1,1,"[-0.2640322148799896, 0.10085549205541611]","[0.409776896238327, 0.5902231335639954]",0.5902231335639954
00012383.npy,1,1,"[-0.05807552486658096, 0.3198370039463043]","[0.4066304862499237, 0.5933695435523987]",0.5933695435523987
00012384.npy,0,1,"[0.03534331172704697, 0.22079548239707947]","[0.45376941561698914, 0.5462306141853333]",0.5462306141853333
00012385.npy,1,1,"[-0.08395113050937653, 0.8897232413291931]","[0.27414876222610474, 0.72585129737854]",0.72585129737854
00012386.npy,0,1,"[0.32210007309913635, 0.7780579328536987]","[0.38794517517089844, 0.6120548248291016]",0.6120548248291016
00012387.npy,0,1,"[-0.1286650002002716, 0.012501835823059082]","[0.4647667706012726, 0.535233199596405]",0.535233199596405
00012388.npy,1,1,"[-0.02864881418645382, 0.334214985370636]","[0.4102665185928345, 0.5897335410118103]",0.5897335410118103
00012389.npy,0,1,"[-0.2615111172199249, 0.1473032534122467]","[0.39919644594192505, 0.600803554058075]",0.600803554058075
00012390.npy,1,1,"[0.1197550818324089, 0.14827647805213928]","[0.49287012219429016, 0.5071298480033875]",0.5071298480033875
00012391.npy,1,1,"[0.27228668332099915, 0.7490844130516052]","[0.38300859928131104, 0.616991400718689]",0.616991400718689
00012392.npy,1,1,"[0.14540982246398926, 0.7723756432533264]","[0.3481988310813904, 0.6518011689186096]",0.6518011689186096
00012393.npy,1,1,"[-0.30353981256484985, 0.328706294298172]","[0.34700140357017517, 0.6529985666275024]",0.6529985666275024
00012394.npy,1,1,"[-0.15946829319000244, 0.4799536168575287]","[0.34537720680236816, 0.6546227931976318]",0.6546227931976318
00012395.npy,1,1,"[-0.21944138407707214, 0.4552878439426422]","[0.3374386727809906, 0.662561297416687]",0.662561297416687
00012396.npy,1,1,"[-0.26276475191116333, 0.35154417157173157]","[0.3510769009590149, 0.6489230990409851]",0.6489230990409851
00012397.npy,1,1,"[-0.026272058486938477, 0.4324531853199005]","[0.38728827238082886, 0.6127117276191711]",0.6127117276191711
00012398.npy,0,1,"[0.2637006938457489, 1.3400038480758667]","[0.25420624017715454, 0.7457938194274902]",0.7457938194274902
00012399.npy,0,1,"[-0.2062501311302185, 0.23480495810508728]","[0.39148959517478943, 0.6085103750228882]",0.6085103750228882
00012400.npy,1,1,"[0.2778199315071106, 0.5525532960891724]","[0.4317454397678375, 0.5682545900344849]",0.5682545900344849
00012401.npy,0,1,"[0.016956761479377747, 0.3965955376625061]","[0.40621402859687805, 0.5937860012054443]",0.5937860012054443
00012402.npy,1,1,"[-0.2190057337284088, 0.15482062101364136]","[0.4076167643070221, 0.5923832058906555]",0.5923832058906555
00012403.npy,0,1,"[0.2761848568916321, 0.5765503644943237]","[0.4254681468009949, 0.5745319128036499]",0.5745319128036499
00012404.npy,0,1,"[0.3127710521221161, 0.8995310068130493]","[0.35737863183021545, 0.6426213383674622]",0.6426213383674622
00012405.npy,0,1,"[-0.19459334015846252, 0.1574443280696869]","[0.41288837790489197, 0.5871116518974304]",0.5871116518974304
00012406.npy,1,1,"[-0.029950372874736786, 0.4955965578556061]","[0.3715561032295227, 0.6284438967704773]",0.6284438967704773
00012407.npy,0,1,"[-0.18269595503807068, -0.07097428292036057]","[0.47209861874580383, 0.5279014110565186]",0.5279014110565186
00012408.npy,0,1,"[-0.04520450904965401, 0.18479159474372864]","[0.4427531063556671, 0.5572468638420105]",0.5572468638420105
00012409.npy,1,1,"[-0.45269644260406494, 0.044313944876194]","[0.37824347615242004, 0.6217564940452576]",0.6217564940452576
00012410.npy,1,1,"[-0.053751107305288315, 0.37134647369384766]","[0.3952975869178772, 0.6047024130821228]",0.6047024130821228
00012411.npy,0,1,"[-0.11692206561565399, 0.13245415687561035]","[0.43797704577445984, 0.5620229840278625]",0.5620229840278625
00012412.npy,0,1,"[-0.09660882502794266, 0.10185850411653519]","[0.45054540038108826, 0.5494546294212341]",0.5494546294212341
00012413.npy,0,1,"[0.3683314025402069, 0.54035884141922]","[0.4570988714694977, 0.5429010987281799]",0.5429010987281799
00012414.npy,0,1,"[0.039181485772132874, 0.5998096466064453]","[0.3634020984172821, 0.6365978717803955]",0.6365978717803955
00012415.npy,0,1,"[0.48363256454467773, 0.7802690863609314]","[0.426379919052124, 0.573620080947876]",0.573620080947876
00012416.npy,0,1,"[-0.03139573335647583, 0.6339614987373352]","[0.33953720331192017, 0.6604627966880798]",0.6604627966880798
00012417.npy,0,1,"[0.2211301624774933, 0.724206268787384]","[0.37681806087493896, 0.623181939125061]",0.623181939125061
00012418.npy,1,1,"[-0.17405231297016144, 0.2796567380428314]","[0.3884792625904083, 0.6115207672119141]",0.6115207672119141
00012419.npy,0,1,"[-0.16399390995502472, 0.652080774307251]","[0.3065975308418274, 0.6934024691581726]",0.6934024691581726
00012420.npy,1,1,"[0.22861286997795105, 0.6596550345420837]","[0.3938775062561035, 0.6061224937438965]",0.6061224937438965
00012421.npy,0,1,"[0.156314879655838, 0.8093535900115967]","[0.34230512380599976, 0.657694935798645]",0.657694935798645
00012422.npy,0,1,"[0.6889230012893677, 1.391687035560608]","[0.33119967579841614, 0.6688002943992615]",0.6688002943992615
00012423.npy,0,1,"[-0.5531759858131409, -0.12309186160564423]","[0.3941062390804291, 0.6058937907218933]",0.6058937907218933
00012424.npy,0,1,"[0.05754176527261734, 0.22212952375411987]","[0.45894569158554077, 0.5410543084144592]",0.5410543084144592
00012425.npy,0,1,"[-0.11654145270586014, 0.4445478022098541]","[0.36329543590545654, 0.6367045640945435]",0.6367045640945435
00012426.npy,0,1,"[0.6987255215644836, 1.2333266735076904]","[0.3694443702697754, 0.6305556297302246]",0.6305556297302246
00012427.npy,0,1,"[-0.12433139979839325, 0.18079069256782532]","[0.42430582642555237, 0.57569420337677]",0.57569420337677
00012428.npy,1,1,"[0.39642468094825745, 0.9104076027870178]","[0.3742603063583374, 0.6257397532463074]",0.6257397532463074
00012429.npy,1,1,"[-0.0583711676299572, 0.5877467393875122]","[0.34386488795280457, 0.656135082244873]",0.656135082244873
00012430.npy,0,1,"[0.4701972007751465, 0.577500581741333]","[0.47319984436035156, 0.5268001556396484]",0.5268001556396484
00012431.npy,1,1,"[0.037281692028045654, 0.8520478010177612]","[0.3068758249282837, 0.6931242346763611]",0.6931242346763611
00012432.npy,1,1,"[-0.09056299179792404, 0.5706952810287476]","[0.3404569923877716, 0.659542977809906]",0.659542977809906
00012433.npy,0,1,"[-0.18768349289894104, 0.31839513778686523]","[0.37611323595046997, 0.62388676404953]",0.62388676404953
00012434.npy,0,1,"[0.025183580815792084, 0.3688220977783203]","[0.4149259030818939, 0.5850740671157837]",0.5850740671157837
00012435.npy,0,1,"[0.2992991507053375, 0.9976603984832764]","[0.3321756422519684, 0.6678243279457092]",0.6678243279457092
00012436.npy,0,1,"[0.07626058906316757, 0.5151222348213196]","[0.39201226830482483, 0.6079877614974976]",0.6079877614974976
00012437.npy,1,1,"[-0.04532715678215027, 0.6855237483978271]","[0.3250080347061157, 0.6749919652938843]",0.6749919652938843
00012438.npy,0,1,"[0.10583611577749252, 0.7890475392341614]","[0.3355449140071869, 0.6644550561904907]",0.6644550561904907
00012439.npy,0,1,"[0.010917220264673233, 0.2442205846309662]","[0.44193729758262634, 0.558062732219696]",0.558062732219696
00012440.npy,0,1,"[0.031813204288482666, 0.7622347474098206]","[0.3251022398471832, 0.6748977899551392]",0.6748977899551392
00012441.npy,0,1,"[0.046360328793525696, 0.37009286880493164]","[0.4197663962841034, 0.580233633518219]",0.580233633518219
00012442.npy,0,1,"[-0.11292514204978943, 0.31136614084243774]","[0.3954903483390808, 0.604509711265564]",0.604509711265564
00012443.npy,1,1,"[0.2225053906440735, 0.8189787864685059]","[0.3551509380340576, 0.6448490619659424]",0.6448490619659424
00012444.npy,1,1,"[0.28472742438316345, 0.7473502159118652]","[0.38636380434036255, 0.6136361956596375]",0.6136361956596375
00012445.npy,0,1,"[0.31470489501953125, 0.874191403388977]","[0.36366626620292664, 0.636333703994751]",0.636333703994751
00012446.npy,1,1,"[-0.28247812390327454, -0.04081510752439499]","[0.4398765563964844, 0.5601234436035156]",0.5601234436035156
00012447.npy,0,1,"[0.33561185002326965, 0.9162231683731079]","[0.35879191756248474, 0.6412080526351929]",0.6412080526351929
00012448.npy,0,1,"[-0.12781351804733276, 0.8276437520980835]","[0.2777886688709259, 0.7222113609313965]",0.7222113609313965
00012449.npy,0,1,"[0.008129030466079712, 0.3776776194572449]","[0.40865010023117065, 0.5913498997688293]",0.5913498997688293
00012450.npy,0,1,"[-0.6392730474472046, -0.18090113997459412]","[0.38737213611602783, 0.6126278638839722]",0.6126278638839722
00012451.npy,0,1,"[-0.40801677107810974, 0.009633168578147888]","[0.3970792293548584, 0.6029207706451416]",0.6029207706451416
00012452.npy,0,1,"[0.1788235604763031, 0.5076170563697815]","[0.41853421926498413, 0.5814657807350159]",0.5814657807350159
00012453.npy,1,1,"[-0.4411309063434601, 0.21877998113632202]","[0.34075960516929626, 0.6592403650283813]",0.6592403650283813
00012454.npy,0,1,"[0.11695887893438339, 0.44485941529273987]","[0.4187515676021576, 0.5812484622001648]",0.5812484622001648
00012455.npy,1,1,"[-0.014110907912254333, -0.013213053345680237]","[0.49977555871009827, 0.5002244710922241]",0.5002244710922241
00012456.npy,1,1,"[-0.016506001353263855, 0.4056653380393982]","[0.3959972560405731, 0.6040027141571045]",0.6040027141571045
00012457.npy,1,1,"[0.007509168237447739, 0.3485604524612427]","[0.41555413603782654, 0.5844458341598511]",0.5844458341598511
00012458.npy,1,1,"[-0.530912458896637, 0.07366914302110672]","[0.3532961905002594, 0.646703839302063]",0.646703839302063
00012459.npy,0,1,"[0.13603365421295166, 0.5283678770065308]","[0.40315550565719604, 0.596844494342804]",0.596844494342804
00012460.npy,0,1,"[-0.13602584600448608, 0.3990003764629364]","[0.36934536695480347, 0.6306545734405518]",0.6306545734405518
00012461.npy,0,1,"[-0.11441487073898315, 0.2887454628944397]","[0.40055325627326965, 0.599446713924408]",0.599446713924408
00012462.npy,0,1,"[0.03205370157957077, 0.4089728891849518]","[0.40687015652656555, 0.5931298136711121]",0.5931298136711121
00012463.npy,1,1,"[0.17788055539131165, 0.7120665907859802]","[0.36954110860824585, 0.6304589509963989]",0.6304589509963989
00012464.npy,0,1,"[-0.023626573383808136, 0.10497414320707321]","[0.4678940773010254, 0.5321059226989746]",0.5321059226989746
00012465.npy,1,1,"[-0.36282879114151, 0.1524829864501953]","[0.37394917011260986, 0.6260508298873901]",0.6260508298873901
00012466.npy,1,1,"[-0.25883740186691284, 0.07107125967741013]","[0.41826286911964417, 0.5817371606826782]",0.5817371606826782
00012467.npy,1,1,"[-0.08448631316423416, 0.4691323935985565]","[0.36502522230148315, 0.6349747180938721]",0.6349747180938721
00012468.npy,0,1,"[0.11320189386606216, 0.24545294046401978]","[0.4669853448867798, 0.5330146551132202]",0.5330146551132202
00012469.npy,1,1,"[0.17241528630256653, 0.6904032826423645]","[0.37332284450531006, 0.6266771554946899]",0.6266771554946899
00012470.npy,0,1,"[-0.5632760524749756, -0.19124382734298706]","[0.4080500602722168, 0.5919499397277832]",0.5919499397277832
00012471.npy,1,1,"[0.22721120715141296, 0.6693226099014282]","[0.3912380039691925, 0.6087620258331299]",0.6087620258331299
00012472.npy,0,1,"[-0.17739337682724, 0.07065238803625107]","[0.43830451369285583, 0.5616954565048218]",0.5616954565048218
00012473.npy,1,1,"[-0.13949638605117798, 0.2998824119567871]","[0.3918890357017517, 0.6081110239028931]",0.6081110239028931
00012474.npy,1,1,"[-0.28742846846580505, -0.08685564249753952]","[0.45002424716949463, 0.5499758124351501]",0.5499758124351501
00012475.npy,0,1,"[-0.12044180929660797, 0.07974965125322342]","[0.45011863112449646, 0.5498813986778259]",0.5498813986778259
00012476.npy,1,1,"[0.06503546983003616, 0.24103596806526184]","[0.4561131000518799, 0.5438868999481201]",0.5438868999481201
00012477.npy,1,1,"[-0.32133591175079346, 0.017090342938899994]","[0.41619181632995605, 0.583808183670044]",0.583808183670044
00012478.npy,0,1,"[-0.15020160377025604, -0.05131198465824127]","[0.4752977192401886, 0.524702250957489]",0.524702250957489
00012479.npy,0,1,"[-0.037172842770814896, 0.07704543322324753]","[0.4714764356613159, 0.5285235643386841]",0.5285235643386841
00012480.npy,0,1,"[-0.005129292607307434, 0.216081440448761]","[0.4449217617511749, 0.5550782680511475]",0.5550782680511475
00012481.npy,1,1,"[-0.003443591296672821, 0.1646769642829895]","[0.4580685794353485, 0.5419313907623291]",0.5419313907623291
00012482.npy,0,1,"[-0.29616105556488037, 0.01532164216041565]","[0.42275285720825195, 0.5772470831871033]",0.5772470831871033
00012483.npy,0,1,"[-0.19140872359275818, 0.2317103147506714]","[0.3957706093788147, 0.6042293310165405]",0.6042293310165405
00012484.npy,0,1,"[-0.17315003275871277, 0.20148533582687378]","[0.40742143988609314, 0.5925785899162292]",0.5925785899162292
00012485.npy,0,1,"[-0.08577513694763184, 0.00498528778553009]","[0.4773254692554474, 0.522674560546875]",0.522674560546875
00012486.npy,1,1,"[-0.29211679100990295, 0.05770960450172424]","[0.413424551486969, 0.586575448513031]",0.586575448513031
00012487.npy,0,1,"[-0.03329383581876755, 0.3756222724914551]","[0.3991720378398895, 0.6008279919624329]",0.6008279919624329
00012488.npy,1,1,"[-0.3208169937133789, 0.08188862353563309]","[0.40066248178482056, 0.5993375182151794]",0.5993375182151794
00012489.npy,1,1,"[-0.3776640295982361, 0.08774328976869583]","[0.38570383191108704, 0.6142961382865906]",0.6142961382865906
00012490.npy,1,1,"[-0.2826402187347412, 0.11281619220972061]","[0.4024044871330261, 0.5975955128669739]",0.5975955128669739
00012491.npy,1,1,"[-0.002602092921733856, 0.6688596606254578]","[0.3381696343421936, 0.6618303656578064]",0.6618303656578064
00012492.npy,1,1,"[-0.09219387173652649, 0.01500808447599411]","[0.47322511672973633, 0.5267748236656189]",0.5267748236656189
00012493.npy,1,1,"[-0.036379870027303696, 0.47755131125450134]","[0.3742724061012268, 0.6257275938987732]",0.6257275938987732
00012494.npy,1,1,"[0.08157474547624588, 0.16368770599365234]","[0.47948330640792847, 0.5205167531967163]",0.5205167531967163
00012495.npy,1,1,"[-0.05645751953125, 0.23883524537086487]","[0.4267086088657379, 0.5732913613319397]",0.5732913613319397
00012496.npy,1,1,"[-0.07087743282318115, 0.005118541419506073]","[0.4810101389884949, 0.5189898610115051]",0.5189898610115051
00012497.npy,1,1,"[-0.2372189164161682, 0.10057636350393295]","[0.41634514927864075, 0.5836548805236816]",0.5836548805236816
00012498.npy,1,1,"[-0.12960657477378845, 0.2891126871109009]","[0.3968232572078705, 0.6031767129898071]",0.6031767129898071
00012499.npy,1,1,"[-0.20483741164207458, 0.33308088779449463]","[0.3686719536781311, 0.6313279867172241]",0.6313279867172241
00012500.npy,1,1,"[-0.03333425521850586, 0.5088354349136353]","[0.36768296360969543, 0.6323170065879822]",0.6323170065879822
00012501.npy,1,1,"[-0.1375124752521515, 0.41208744049072266]","[0.36595726013183594, 0.6340427994728088]",0.6340427994728088
00012502.npy,1,1,"[-0.19154971837997437, 0.37803491950035095]","[0.36133265495300293, 0.6386673450469971]",0.6386673450469971
00012503.npy,1,1,"[0.003897525370121002, 0.18816924095153809]","[0.45406198501586914, 0.5459380149841309]",0.5459380149841309
00012504.npy,1,1,"[-0.30655235052108765, -0.16919484734535217]","[0.4657145142555237, 0.5342854857444763]",0.5342854857444763
00012505.npy,1,1,"[-0.08150353282690048, 0.36045360565185547]","[0.39127472043037415, 0.6087252497673035]",0.6087252497673035
00012506.npy,1,1,"[-0.10218217968940735, 0.17408648133277893]","[0.43136879801750183, 0.5686312317848206]",0.5686312317848206
00012507.npy,1,1,"[-0.12522560358047485, 0.07793515175580978]","[0.44938376545906067, 0.5506162047386169]",0.5506162047386169
00012508.npy,0,1,"[-0.11407089233398438, 0.19426211714744568]","[0.4235216975212097, 0.5764783024787903]",0.5764783024787903
00012509.npy,1,1,"[-0.27210086584091187, 0.12817203998565674]","[0.4012467861175537, 0.5987532138824463]",0.5987532138824463
00012510.npy,1,1,"[-0.08925475925207138, 0.19812855124473572]","[0.4286445677280426, 0.571355402469635]",0.571355402469635
00012511.npy,0,1,"[0.012162640690803528, 0.18605047464370728]","[0.45663726329803467, 0.5433627367019653]",0.5433627367019653
00012512.npy,0,1,"[-0.1618649661540985, -0.001355774700641632]","[0.45995861291885376, 0.5400413274765015]",0.5400413274765015
00012513.npy,0,1,"[-0.01575441285967827, 0.22784757614135742]","[0.4393988847732544, 0.5606011152267456]",0.5606011152267456
00012514.npy,1,1,"[-0.2604560852050781, 0.18051183223724365]","[0.39151036739349365, 0.6084896326065063]",0.6084896326065063
00012515.npy,1,1,"[-0.08966155350208282, 0.29515770077705383]","[0.4049650728702545, 0.5950348973274231]",0.5950348973274231
00012516.npy,1,1,"[-0.21931588649749756, 0.21960771083831787]","[0.39199745655059814, 0.6080024838447571]",0.6080024838447571
00012517.npy,0,1,"[-0.14844641089439392, 0.1163625493645668]","[0.43418195843696594, 0.5658180713653564]",0.5658180713653564
00012518.npy,1,1,"[-0.12684401869773865, 0.3839540183544159]","[0.37500643730163574, 0.6249935030937195]",0.6249935030937195
00012519.npy,0,1,"[0.06385569274425507, 0.603610634803772]","[0.36824458837509155, 0.6317554116249084]",0.6317554116249084
00012520.npy,1,1,"[-0.19085809588432312, 0.15961584448814392]","[0.41326749324798584, 0.5867324471473694]",0.5867324471473694
00012521.npy,0,1,"[-0.45871803164482117, 0.019685208797454834]","[0.38262924551963806, 0.6173707842826843]",0.6173707842826843
00012522.npy,1,1,"[-0.0675133466720581, 0.24005332589149475]","[0.42370879650115967, 0.5762912034988403]",0.5762912034988403
00012523.npy,0,1,"[-0.3866835832595825, -0.11956362426280975]","[0.4336142838001251, 0.5663856863975525]",0.5663856863975525
00012524.npy,1,1,"[-0.22367095947265625, 0.3390737473964691]","[0.3629126250743866, 0.6370874047279358]",0.6370874047279358
00012525.npy,0,1,"[-0.6751613020896912, -0.16753897070884705]","[0.3757510781288147, 0.6242489218711853]",0.6242489218711853
00012526.npy,1,1,"[-0.37514761090278625, 0.13936695456504822]","[0.3741357922554016, 0.6258642077445984]",0.6258642077445984
00012527.npy,1,1,"[-0.1520729660987854, 0.11266648024320602]","[0.4341990053653717, 0.5658010244369507]",0.5658010244369507
00012528.npy,1,1,"[-0.2895953059196472, 0.009198911488056183]","[0.4258522689342499, 0.5741477012634277]",0.5741477012634277
00012529.npy,1,1,"[-0.09638135880231857, 0.25737929344177246]","[0.4124707579612732, 0.5875292420387268]",0.5875292420387268
00012530.npy,1,1,"[-0.06859497725963593, 0.39966845512390137]","[0.38502731919288635, 0.6149726510047913]",0.6149726510047913
00012531.npy,1,1,"[0.03510504961013794, 0.3975338339805603]","[0.4103717505931854, 0.5896282196044922]",0.5896282196044922
00012532.npy,1,1,"[0.04626235365867615, 0.09986304491758347]","[0.4866030514240265, 0.5133969783782959]",0.5133969783782959
00012533.npy,1,1,"[0.1616213321685791, 0.624683678150177]","[0.38625961542129517, 0.6137403845787048]",0.6137403845787048
00012534.npy,1,1,"[0.021450623869895935, 0.2539903223514557]","[0.4421256184577942, 0.557874321937561]",0.557874321937561
00012535.npy,1,1,"[-0.21874040365219116, 0.1277930736541748]","[0.4142232835292816, 0.585776686668396]",0.585776686668396
00012536.npy,0,1,"[0.09555339068174362, 0.43241745233535767]","[0.4165714383125305, 0.5834285616874695]",0.5834285616874695
00012537.npy,1,1,"[0.029762305319309235, 0.2177509069442749]","[0.4531407654285431, 0.5468592643737793]",0.5468592643737793
00012538.npy,1,1,"[-0.03685082495212555, 0.7436519265174866]","[0.31421151757240295, 0.6857884526252747]",0.6857884526252747
00012539.npy,1,1,"[-0.3159329295158386, 0.2735137343406677]","[0.3567618131637573, 0.6432381868362427]",0.6432381868362427
00012540.npy,1,1,"[0.036728039383888245, 0.4488942325115204]","[0.39839279651641846, 0.6016071438789368]",0.6016071438789368
00012541.npy,1,1,"[-0.08926700055599213, 0.19641244411468506]","[0.4290619492530823, 0.5709380507469177]",0.5709380507469177
00012542.npy,1,1,"[-0.21773391962051392, 0.37048980593681335]","[0.357042521238327, 0.6429574489593506]",0.6429574489593506
00012543.npy,1,1,"[-0.17665687203407288, 0.14487692713737488]","[0.42030197381973267, 0.5796980261802673]",0.5796980261802673
00012544.npy,1,1,"[-0.12256672978401184, 0.2713671326637268]","[0.40277066826820374, 0.5972293615341187]",0.5972293615341187
00012545.npy,1,1,"[0.0463222861289978, 0.6086627244949341]","[0.3630060851573944, 0.6369938850402832]",0.6369938850402832
00012546.npy,1,1,"[0.01031707227230072, 0.2615625262260437]","[0.437516987323761, 0.562483012676239]",0.562483012676239
00012547.npy,1,1,"[0.03119400143623352, 0.27842003107070923]","[0.4385063946247101, 0.5614936351776123]",0.5614936351776123
00012548.npy,1,1,"[-0.14813768863677979, 0.021425820887088776]","[0.4577103853225708, 0.5422895550727844]",0.5422895550727844
00012549.npy,0,1,"[-0.14201460778713226, 0.32233816385269165]","[0.38595375418663025, 0.6140462756156921]",0.6140462756156921
00012550.npy,1,1,"[-0.10545840859413147, 0.07197856158018112]","[0.4557567536830902, 0.5442432165145874]",0.5442432165145874
00012551.npy,1,1,"[-0.10068272054195404, 0.24930310249328613]","[0.41338586807250977, 0.5866141319274902]",0.5866141319274902
00012552.npy,1,1,"[-0.20561039447784424, -0.03367266058921814]","[0.4571211338043213, 0.5428788661956787]",0.5428788661956787
00012553.npy,1,1,"[-0.13177967071533203, 0.055109575390815735]","[0.4534132182598114, 0.546586811542511]",0.546586811542511
00012554.npy,1,1,"[-0.21069732308387756, 0.09449902921915054]","[0.42428767681121826, 0.575712263584137]",0.575712263584137
00012555.npy,1,1,"[-0.0003223009407520294, 0.17955443263053894]","[0.45515167713165283, 0.5448483228683472]",0.5448483228683472
00012556.npy,1,1,"[-0.036272935569286346, 0.2505315840244293]","[0.42878633737564087, 0.5712136030197144]",0.5712136030197144
00012557.npy,1,1,"[-0.09663296490907669, 0.3559211194515228]","[0.3887536823749542, 0.6112463474273682]",0.6112463474273682
00012558.npy,1,1,"[-0.30120542645454407, 0.0035785287618637085]","[0.42438843846321106, 0.5756115317344666]",0.5756115317344666
00012559.npy,1,1,"[-0.3110799193382263, 0.09010755270719528]","[0.4010270833969116, 0.5989729762077332]",0.5989729762077332
00012560.npy,1,1,"[-0.016587447375059128, 0.3791850209236145]","[0.4023284912109375, 0.5976715087890625]",0.5976715087890625
00012561.npy,1,1,"[0.09892741590738297, 0.3700302243232727]","[0.4326363801956177, 0.5673636198043823]",0.5673636198043823
00012562.npy,1,1,"[0.005171611905097961, 0.2373577356338501]","[0.44221287965774536, 0.5577871799468994]",0.5577871799468994
00012563.npy,1,1,"[0.03795752674341202, 0.11110309511423111]","[0.4817217290401459, 0.5182782411575317]",0.5182782411575317
00012564.npy,1,1,"[-0.012324351817369461, 0.15544453263282776]","[0.45815587043762207, 0.5418440699577332]",0.5418440699577332
00012565.npy,1,1,"[-0.01594329997897148, 0.22785767912864685]","[0.439349889755249, 0.560650110244751]",0.560650110244751
00012566.npy,1,1,"[-0.050803665071725845, 0.44912222027778625]","[0.3775580823421478, 0.6224418878555298]",0.6224418878555298
00012567.npy,1,1,"[-0.18580925464630127, 0.2314833402633667]","[0.39716479182243347, 0.6028351783752441]",0.6028351783752441
00012568.npy,1,1,"[-0.15072637796401978, 0.4574901759624481]","[0.3524661660194397, 0.6475338339805603]",0.6475338339805603
00012569.npy,1,1,"[-0.039979442954063416, 0.19105631113052368]","[0.4424965977668762, 0.5575034022331238]",0.5575034022331238
00012570.npy,1,1,"[-0.22364011406898499, 0.09350716322660446]","[0.42137113213539124, 0.5786288380622864]",0.5786288380622864
00012571.npy,1,1,"[-0.22485682368278503, 0.12713539600372314]","[0.4128994047641754, 0.587100625038147]",0.587100625038147
00012572.npy,1,1,"[-0.2405678629875183, 0.06443648040294647]","[0.4243345856666565, 0.5756654143333435]",0.5756654143333435
00012573.npy,1,1,"[-0.038187675178050995, 0.19453859329223633]","[0.4420796036720276, 0.5579203963279724]",0.5579203963279724
00012574.npy,1,1,"[-0.3793852627277374, 0.0363801047205925]","[0.39753052592277527, 0.6024695038795471]",0.6024695038795471
00012575.npy,1,1,"[-0.001378372311592102, 0.36441710591316223]","[0.40955737233161926, 0.5904426574707031]",0.5904426574707031
00012576.npy,1,1,"[-0.1946786344051361, 0.2667436897754669]","[0.3866484761238098, 0.6133515238761902]",0.6133515238761902
00012577.npy,1,1,"[-0.014361035078763962, 0.25796589255332947]","[0.4323359429836273, 0.5676640868186951]",0.5676640868186951
00012578.npy,1,1,"[6.604194641113281e-05, 0.3223141133785248]","[0.4201279580593109, 0.5798720121383667]",0.5798720121383667
00012579.npy,1,1,"[0.19980454444885254, 0.3808276951313019]","[0.4548673927783966, 0.5451326370239258]",0.5451326370239258
00012580.npy,1,1,"[0.023150049149990082, 0.3381977379322052]","[0.42188313603401184, 0.5781168341636658]",0.5781168341636658
00012581.npy,1,1,"[-0.19828546047210693, 0.3111538887023926]","[0.37532496452331543, 0.6246750354766846]",0.6246750354766846
00012582.npy,1,1,"[-0.14176741242408752, 0.3591083884239197]","[0.3773348927497864, 0.6226651072502136]",0.6226651072502136
00012583.npy,1,1,"[-0.12959422171115875, 0.0895560160279274]","[0.4454306662082672, 0.5545693039894104]",0.5545693039894104
00012584.npy,0,1,"[0.0353073924779892, 0.04230137914419174]","[0.4982515275478363, 0.5017485022544861]",0.5017485022544861
00012585.npy,1,1,"[0.023909837007522583, 0.24676936864852905]","[0.44451457262039185, 0.5554854273796082]",0.5554854273796082
00012586.npy,1,1,"[0.14383092522621155, 0.46559247374534607]","[0.42024651169776917, 0.5797534584999084]",0.5797534584999084
00012587.npy,0,1,"[-0.29499351978302, 0.29054248332977295]","[0.35765978693962097, 0.6423402428627014]",0.6423402428627014
00012588.npy,1,1,"[-0.28458648920059204, 0.20389962196350098]","[0.3802502751350403, 0.6197497248649597]",0.6197497248649597
00012589.npy,1,1,"[-0.10824734717607498, 0.24744939804077148]","[0.4120016396045685, 0.5879983305931091]",0.5879983305931091
00012590.npy,1,1,"[0.07608232647180557, 0.5345317721366882]","[0.3873537480831146, 0.6126462817192078]",0.6126462817192078
00012591.npy,1,1,"[0.4810710549354553, 0.554222583770752]","[0.4817202687263489, 0.5182797312736511]",0.5182797312736511
00012592.npy,1,1,"[-0.33670955896377563, 0.1035483255982399]","[0.3916795253753662, 0.6083204746246338]",0.6083204746246338
00012593.npy,1,1,"[0.0044642724096775055, 0.24985867738723755]","[0.43895742297172546, 0.5610426068305969]",0.5610426068305969
00012594.npy,1,1,"[-0.22231125831604004, -0.01420741155743599]","[0.4481610059738159, 0.5518389940261841]",0.5518389940261841
00012595.npy,1,1,"[0.09931480139493942, 0.5095847845077515]","[0.39884740114212036, 0.6011525988578796]",0.6011525988578796
00012596.npy,1,1,"[-0.1710488200187683, 0.6416216492652893]","[0.3073217272758484, 0.6926782727241516]",0.6926782727241516
00012597.npy,1,1,"[-0.30578479170799255, -0.04787260293960571]","[0.4358769953250885, 0.5641229748725891]",0.5641229748725891
00012598.npy,1,1,"[-0.09476164728403091, 0.0264841690659523]","[0.469725638628006, 0.5302743911743164]",0.5302743911743164
00012599.npy,1,1,"[-0.17846381664276123, 0.1583556830883026]","[0.41658228635787964, 0.5834177136421204]",0.5834177136421204
00012600.npy,0,1,"[-0.1676936149597168, 0.07390495389699936]","[0.4398924708366394, 0.5601075291633606]",0.5601075291633606
00012601.npy,1,1,"[-0.1716635376214981, 0.2624147832393646]","[0.3931528627872467, 0.6068471074104309]",0.6068471074104309
00012602.npy,1,1,"[0.07484468072652817, 0.23695635795593262]","[0.4595606029033661, 0.5404394268989563]",0.5404394268989563
00012603.npy,1,1,"[0.20210519433021545, 0.4519871175289154]","[0.43785256147384644, 0.5621474385261536]",0.5621474385261536
00012604.npy,0,1,"[0.46536242961883545, 0.6898065805435181]","[0.4441233277320862, 0.5558766722679138]",0.5558766722679138
00012605.npy,1,1,"[-0.032751258462667465, 0.07272041589021683]","[0.4736565053462982, 0.5263435244560242]",0.5263435244560242
00012606.npy,1,1,"[0.07409583777189255, 0.5836386680603027]","[0.37530070543289185, 0.6246992945671082]",0.6246992945671082
00012607.npy,1,1,"[-0.10836733877658844, 0.4323926568031311]","[0.36801081895828247, 0.6319891810417175]",0.6319891810417175
00012608.npy,1,1,"[-0.2697652280330658, 0.2488817572593689]","[0.3731687068939209, 0.6268313527107239]",0.6268313527107239
00012609.npy,0,1,"[-0.017576273530721664, 0.23090168833732605]","[0.43819814920425415, 0.5618018507957458]",0.5618018507957458
00012610.npy,1,1,"[0.09140933305025101, 0.20502915978431702]","[0.47162559628486633, 0.528374433517456]",0.528374433517456
00012611.npy,1,1,"[-0.3182275891304016, 0.12662586569786072]","[0.3905850946903229, 0.6094148755073547]",0.6094148755073547
00012612.npy,1,1,"[-0.1813475489616394, 0.20856019854545593]","[0.4037395119667053, 0.5962605476379395]",0.5962605476379395
00012613.npy,0,1,"[-0.29563698172569275, 0.26421645283699036]","[0.3635813593864441, 0.6364185810089111]",0.6364185810089111
00012614.npy,1,1,"[-0.058496009558439255, 0.35331210494041443]","[0.3984786570072174, 0.601521372795105]",0.601521372795105
00012615.npy,1,1,"[-0.19050106406211853, 0.13259997963905334]","[0.4199201762676239, 0.5800797939300537]",0.5800797939300537
00012616.npy,1,1,"[0.23124179244041443, 0.6495832800865173]","[0.39691367745399475, 0.6030862927436829]",0.6030862927436829
00012617.npy,0,1,"[-0.37783268094062805, -0.0019271858036518097]","[0.40711480379104614, 0.5928851962089539]",0.5928851962089539
00012618.npy,0,1,"[-0.13779191672801971, 0.05192472040653229]","[0.4527125954627991, 0.5472874045372009]",0.5472874045372009
00012619.npy,0,1,"[-0.02616932801902294, 0.3327682912349701]","[0.41121676564216614, 0.5887832641601562]",0.5887832641601562
00012620.npy,0,1,"[-0.2573516368865967, 0.04804648458957672]","[0.4242384135723114, 0.575761616230011]",0.575761616230011
00012621.npy,0,1,"[0.386305034160614, 0.7292988300323486]","[0.4150823950767517, 0.5849175453186035]",0.5849175453186035
00012622.npy,1,1,"[-0.04655256122350693, 0.4284425973892212]","[0.38343462347984314, 0.6165653467178345]",0.6165653467178345
00012623.npy,0,1,"[0.04686547815799713, 0.34832894802093506]","[0.4251997470855713, 0.5748001933097839]",0.5748001933097839
00012624.npy,0,1,"[-0.04203033074736595, 0.08411648124456406]","[0.46850502490997314, 0.5314949154853821]",0.5314949154853821
00012625.npy,0,1,"[-0.33616748452186584, 0.1175224706530571]","[0.38848379254341125, 0.6115161776542664]",0.6115161776542664
00012626.npy,0,1,"[0.04034598916769028, 0.13975459337234497]","[0.4751683175563812, 0.5248317122459412]",0.5248317122459412
00012627.npy,0,1,"[-0.10502274334430695, 0.20844990015029907]","[0.4222673177719116, 0.5777326822280884]",0.5777326822280884
00012628.npy,0,1,"[0.04330741614103317, 0.14490598440170288]","[0.4746221899986267, 0.5253778100013733]",0.5253778100013733
00012629.npy,1,1,"[-0.22986888885498047, 0.09802206605672836]","[0.4187539219856262, 0.5812461376190186]",0.5812461376190186
00012630.npy,1,1,"[-0.3646351397037506, 0.000537332147359848]","[0.40970802307128906, 0.5902919769287109]",0.5902919769287109
00012631.npy,1,1,"[-0.08751514554023743, 0.13115349411964417]","[0.4455496370792389, 0.5544503927230835]",0.5544503927230835
00012632.npy,0,1,"[-0.15518437325954437, 0.18686896562576294]","[0.415310800075531, 0.584689199924469]",0.584689199924469
00012633.npy,1,1,"[0.19117215275764465, 0.41708672046661377]","[0.44376036524772644, 0.556239664554596]",0.556239664554596
00012634.npy,1,1,"[0.2751680314540863, 0.5734740495681763]","[0.425971657037735, 0.5740283727645874]",0.5740283727645874
00012635.npy,0,1,"[0.020463772118091583, 0.5053532123565674]","[0.381098210811615, 0.6189017295837402]",0.6189017295837402
00012636.npy,1,1,"[-0.21659886837005615, 0.136030912399292]","[0.4127448499202728, 0.5872551202774048]",0.5872551202774048
00012637.npy,1,1,"[-0.10776738822460175, 0.14420601725578308]","[0.43733784556388855, 0.5626621246337891]",0.5626621246337891
00012638.npy,1,1,"[-0.009434152394533157, 0.3416033983230591]","[0.41313084959983826, 0.5868691802024841]",0.5868691802024841
00012639.npy,1,1,"[0.0489644855260849, 0.20996367931365967]","[0.4598369002342224, 0.5401630401611328]",0.5401630401611328
00012640.npy,1,1,"[-0.2387942373752594, 0.1651395857334137]","[0.4003675580024719, 0.5996324419975281]",0.5996324419975281
00012641.npy,1,1,"[0.14266324043273926, 0.3970602750778198]","[0.43674153089523315, 0.5632584691047668]",0.5632584691047668
00012642.npy,1,1,"[0.019047804176807404, 0.4307025969028473]","[0.39851540327072144, 0.6014845967292786]",0.6014845967292786
00012643.npy,1,1,"[0.09729567915201187, 0.5267676115036011]","[0.3942524194717407, 0.6057475805282593]",0.6057475805282593
00012644.npy,0,1,"[-0.04984813928604126, 0.18423745036125183]","[0.4417443871498108, 0.5582556128501892]",0.5582556128501892
00012645.npy,1,1,"[-0.08136656135320663, 0.10635549575090408]","[0.4532068073749542, 0.5467931628227234]",0.5467931628227234
00012646.npy,0,1,"[0.20653322339057922, 0.7321887016296387]","[0.37153077125549316, 0.6284692883491516]",0.6284692883491516
00012647.npy,1,1,"[-0.20473486185073853, 0.0625029057264328]","[0.43358537554740906, 0.5664146542549133]",0.5664146542549133
00012648.npy,0,1,"[-0.32836174964904785, 0.10921769589185715]","[0.39231789112091064, 0.6076821088790894]",0.6076821088790894
00012649.npy,1,1,"[-0.47452500462532043, -0.0700276643037796]","[0.40023231506347656, 0.5997677445411682]",0.5997677445411682
00012650.npy,1,1,"[0.056161120533943176, 0.4086102843284607]","[0.41278862953186035, 0.5872113704681396]",0.5872113704681396
00012651.npy,0,1,"[-0.18830516934394836, 0.188795268535614]","[0.4068264365196228, 0.5931735634803772]",0.5931735634803772
00012652.npy,1,1,"[-0.17068582773208618, 0.06858032196760178]","[0.4404672086238861, 0.5595328211784363]",0.5595328211784363
00012653.npy,1,1,"[-0.19555503129959106, 0.09893683344125748]","[0.4269045889377594, 0.573095440864563]",0.573095440864563
00012654.npy,1,1,"[-0.2099091112613678, 0.24047327041625977]","[0.3892698585987091, 0.6107301115989685]",0.6107301115989685
00012655.npy,1,1,"[-0.07227111607789993, 0.17643091082572937]","[0.4381429851055145, 0.5618569850921631]",0.5618569850921631
00012656.npy,0,1,"[-0.19449147582054138, 0.29345273971557617]","[0.38037800788879395, 0.6196220517158508]",0.6196220517158508
00012657.npy,1,1,"[-0.013573866337537766, 0.08557229489088058]","[0.4752337634563446, 0.5247662663459778]",0.5247662663459778
00012658.npy,1,1,"[-0.19027289748191833, 0.012366250157356262]","[0.4495128393173218, 0.5504871010780334]",0.5504871010780334
00012659.npy,1,1,"[-0.03760647773742676, 0.15702465176582336]","[0.4514952301979065, 0.5485047698020935]",0.5485047698020935
00012660.npy,1,1,"[0.4690701365470886, 0.5786160826683044]","[0.47264087200164795, 0.527359127998352]",0.527359127998352
00012661.npy,1,1,"[-0.02247977815568447, 0.23472380638122559]","[0.43605127930641174, 0.5639487504959106]",0.5639487504959106
00012662.npy,1,1,"[-0.05795440822839737, 0.16224610805511475]","[0.4451712369918823, 0.5548287630081177]",0.5548287630081177
00012663.npy,1,1,"[-0.07192492485046387, -0.0613064207136631]","[0.4973454177379608, 0.5026546120643616]",0.5026546120643616
00012664.npy,1,1,"[0.03683430701494217, 0.42167019844055176]","[0.4049610495567322, 0.5950389504432678]",0.5950389504432678
00012665.npy,1,1,"[-0.24152353405952454, 0.1265033781528473]","[0.4090178608894348, 0.5909820795059204]",0.5909820795059204
00012666.npy,1,1,"[-0.04583204165101051, 0.26706433296203613]","[0.42240792512893677, 0.5775920748710632]",0.5775920748710632
00012667.npy,1,1,"[-0.1909196972846985, 0.11832373589277267]","[0.4232994318008423, 0.5767005681991577]",0.5767005681991577
00012668.npy,1,1,"[-0.051219094544649124, 0.3317171633243561]","[0.40541887283325195, 0.5945810675621033]",0.5945810675621033
00012669.npy,1,1,"[-0.12012171745300293, -0.08367348462343216]","[0.49088895320892334, 0.5091110467910767]",0.5091110467910767
00012670.npy,1,1,"[0.12960481643676758, 0.5073786973953247]","[0.4066638946533203, 0.5933361053466797]",0.5933361053466797
00012671.npy,1,1,"[0.2507983148097992, 0.39853906631469727]","[0.4631318747997284, 0.536868155002594]",0.536868155002594
00012672.npy,1,1,"[-0.38479742407798767, 0.15803781151771545]","[0.3675282895565033, 0.6324717402458191]",0.6324717402458191
00012673.npy,1,1,"[-0.3581443428993225, 0.03995608538389206]","[0.4017688035964966, 0.5982311964035034]",0.5982311964035034
00012674.npy,1,1,"[-0.13428163528442383, -0.03895123302936554]","[0.4761854410171509, 0.5238145589828491]",0.5238145589828491
00012675.npy,1,1,"[-0.24720823764801025, 0.22100210189819336]","[0.38503992557525635, 0.6149600744247437]",0.6149600744247437
00012676.npy,1,1,"[-0.2923694849014282, 0.07379893213510513]","[0.4094671905040741, 0.5905327796936035]",0.5905327796936035
00012677.npy,1,1,"[0.14447250962257385, 0.47789570689201355]","[0.41740795969963074, 0.5825920701026917]",0.5825920701026917
00012678.npy,0,1,"[-0.1303352564573288, 0.3327518403530121]","[0.3862537741661072, 0.6137462854385376]",0.6137462854385376
00012679.npy,1,1,"[-0.005877215415239334, 0.3075052499771118]","[0.42228931188583374, 0.5777106881141663]",0.5777106881141663
00012680.npy,0,1,"[-0.030772143974900246, 0.21017006039619446]","[0.44005417823791504, 0.559945821762085]",0.559945821762085
00012681.npy,0,1,"[-0.34271037578582764, -0.13890178501605988]","[0.44922345876693726, 0.550776481628418]",0.550776481628418
00012682.npy,1,1,"[-0.13347141444683075, 0.06146153062582016]","[0.45142051577568054, 0.5485795140266418]",0.5485795140266418
00012683.npy,0,1,"[-0.0908956229686737, 0.05048003047704697]","[0.4647148549556732, 0.5352851748466492]",0.5352851748466492
00012684.npy,0,1,"[-0.15575823187828064, 0.0366758331656456]","[0.4520393908023834, 0.5479605793952942]",0.5479605793952942
00012685.npy,0,1,"[-0.056764841079711914, 0.1055220440030098]","[0.45951706171035767, 0.5404828786849976]",0.5404828786849976
00012686.npy,0,1,"[-0.26024022698402405, -0.08785724639892578]","[0.4570106565952301, 0.5429893136024475]",0.5429893136024475
00012687.npy,1,1,"[-0.05157100036740303, 0.007513314485549927]","[0.48523321747779846, 0.5147667527198792]",0.5147667527198792
00012688.npy,1,1,"[-0.3358851671218872, 0.08529909700155258]","[0.3962334096431732, 0.6037666201591492]",0.6037666201591492
00012689.npy,1,1,"[0.08240015059709549, 0.4307853877544403]","[0.4137740433216095, 0.5862259268760681]",0.5862259268760681
00012690.npy,1,1,"[-0.08742497861385345, 0.10648565739393234]","[0.451673686504364, 0.548326313495636]",0.548326313495636
00012691.npy,0,1,"[0.09213197976350784, 0.2276042401790619]","[0.4661836326122284, 0.5338163375854492]",0.5338163375854492
00012692.npy,0,1,"[-0.2395283579826355, 0.041414037346839905]","[0.4302227795124054, 0.569777250289917]",0.569777250289917
00012693.npy,0,1,"[-0.10515847057104111, 0.2620278298854828]","[0.4092210531234741, 0.5907788872718811]",0.5907788872718811
00012694.npy,0,1,"[-0.27699804306030273, 0.2135932743549347]","[0.37975430488586426, 0.6202456951141357]",0.6202456951141357
00012695.npy,0,1,"[-0.15708959102630615, 0.11141862720251083]","[0.4332733452320099, 0.5667266249656677]",0.5667266249656677
00012696.npy,1,1,"[0.21024498343467712, 0.6321454048156738]","[0.39606207609176636, 0.6039379239082336]",0.6039379239082336
00012697.npy,1,1,"[-0.44615301489830017, 0.10771370679140091]","[0.3649677634239197, 0.6350322365760803]",0.6350322365760803
00012698.npy,1,1,"[-0.00995653122663498, 0.13863542675971985]","[0.462920218706131, 0.5370797514915466]",0.5370797514915466
00012699.npy,1,1,"[-0.18268761038780212, 0.16437450051307678]","[0.41409504413604736, 0.5859049558639526]",0.5859049558639526
00012700.npy,1,1,"[-0.15039105713367462, 0.19824081659317017]","[0.4137142300605774, 0.5862857103347778]",0.5862857103347778
00012701.npy,1,1,"[-0.16284146904945374, 0.28280946612358093]","[0.39039531350135803, 0.6096047163009644]",0.6096047163009644
00012702.npy,1,1,"[0.07407917827367783, 0.3553081452846527]","[0.4301525056362152, 0.5698474645614624]",0.5698474645614624
00012703.npy,1,1,"[-0.3733383119106293, -0.02929043397307396]","[0.41482657194137573, 0.585173487663269]",0.585173487663269
00012704.npy,1,1,"[-0.06983834505081177, 0.23908209800720215]","[0.4233782887458801, 0.5766217112541199]",0.5766217112541199
00012705.npy,0,1,"[-0.021084532141685486, 0.2831939160823822]","[0.42451193928718567, 0.5754880905151367]",0.5754880905151367
00012706.npy,1,1,"[-0.18721693754196167, 0.08803271502256393]","[0.43161875009536743, 0.5683812499046326]",0.5683812499046326
00012707.npy,1,1,"[0.033898383378982544, 0.3291151821613312]","[0.42672720551490784, 0.5732728242874146]",0.5732728242874146
00012708.npy,0,1,"[-0.2746467590332031, -0.0699438601732254]","[0.449002206325531, 0.5509977340698242]",0.5509977340698242
00012709.npy,0,1,"[-0.2278490662574768, 0.22286614775657654]","[0.3891907334327698, 0.6108092665672302]",0.6108092665672302
00012710.npy,0,1,"[-0.09316225349903107, 0.23135152459144592]","[0.41957610845565796, 0.580423891544342]",0.580423891544342
00012711.npy,1,1,"[0.03244048357009888, 0.32442423701286316]","[0.4275183081626892, 0.5724817514419556]",0.5724817514419556
00012712.npy,1,1,"[-0.15128228068351746, -0.08137606084346771]","[0.48253053426742554, 0.5174694061279297]",0.5174694061279297
00012713.npy,0,1,"[0.1685161590576172, 0.7022197842597961]","[0.36965349316596985, 0.6303465366363525]",0.6303465366363525
00012714.npy,0,1,"[0.03507937490940094, 0.33079418540000916]","[0.42660537362098694, 0.5733946561813354]",0.5733946561813354
00012715.npy,0,1,"[0.018818087875843048, 0.06334172189235687]","[0.48887091875076294, 0.5111290216445923]",0.5111290216445923
00012716.npy,1,1,"[0.1158912256360054, 0.29321837425231934]","[0.45578402280807495, 0.544215977191925]",0.544215977191925
00012717.npy,1,1,"[-0.011649135500192642, 0.35242244601249695]","[0.40997427701950073, 0.5900257229804993]",0.5900257229804993
00012718.npy,1,1,"[-0.14763326942920685, 0.14444392919540405]","[0.42749541997909546, 0.5725045800209045]",0.5725045800209045
00012719.npy,1,1,"[0.03922566771507263, 0.4102306365966797]","[0.40829819440841675, 0.5917017459869385]",0.5917017459869385
00012720.npy,1,1,"[-0.31554993987083435, 0.13378581404685974]","[0.38951870799064636, 0.6104812622070312]",0.6104812622070312
00012721.npy,1,1,"[-0.2994517982006073, 0.07274813205003738]","[0.4080095589160919, 0.5919904112815857]",0.5919904112815857
00012722.npy,0,1,"[0.025193102657794952, 0.5836778283119202]","[0.3638981282711029, 0.6361018419265747]",0.6361018419265747
00012723.npy,1,1,"[-0.11037697643041611, 0.22553318738937378]","[0.4168033003807068, 0.5831966996192932]",0.5831966996192932
00012724.npy,1,1,"[0.1436137557029724, 0.558952808380127]","[0.3976325988769531, 0.6023674011230469]",0.6023674011230469
00012725.npy,0,1,"[-0.10747785121202469, 0.05834273248910904]","[0.45863956212997437, 0.5413604378700256]",0.5413604378700256
00012726.npy,1,1,"[-0.24510887265205383, 0.10950478166341782]","[0.4122640788555145, 0.5877359509468079]",0.5877359509468079
00012727.npy,1,1,"[-0.15743429958820343, 0.23107853531837463]","[0.4040753245353699, 0.5959246754646301]",0.5959246754646301
00012728.npy,1,1,"[-0.3234415650367737, 0.1250966191291809]","[0.38970836997032166, 0.6102916598320007]",0.6102916598320007
00012729.npy,0,1,"[0.20686256885528564, 0.6870531439781189]","[0.38220715522766113, 0.6177929043769836]",0.6177929043769836
00012730.npy,1,1,"[0.053675420582294464, 0.5326855182647705]","[0.38248592615127563, 0.6175141334533691]",0.6175141334533691
00012731.npy,1,1,"[0.059652745723724365, 0.22500738501548767]","[0.4587552845478058, 0.5412447452545166]",0.5412447452545166
00012732.npy,1,1,"[-0.2416180670261383, 0.25135964155197144]","[0.3791923522949219, 0.6208077073097229]",0.6208077073097229
00012733.npy,1,1,"[-0.32118675112724304, -0.04642481356859207]","[0.4317384362220764, 0.5682615637779236]",0.5682615637779236
00012734.npy,1,1,"[-0.13119682669639587, 0.041364677250385284]","[0.456966370344162, 0.5430336594581604]",0.5430336594581604
00012735.npy,1,1,"[-0.22628352046012878, 0.4063303768634796]","[0.34691810607910156, 0.6530818939208984]",0.6530818939208984
00012736.npy,1,1,"[-0.0338498055934906, 0.19112780690193176]","[0.44399163126945496, 0.5560083389282227]",0.5560083389282227
00012737.npy,1,1,"[-0.30330315232276917, 0.055004507303237915]","[0.41136929392814636, 0.588630735874176]",0.588630735874176
00012738.npy,1,1,"[-0.15827074646949768, 0.33738788962364197]","[0.37856146693229675, 0.6214385628700256]",0.6214385628700256
00012739.npy,1,1,"[-0.1886044144630432, 0.18303599953651428]","[0.4081447124481201, 0.5918552875518799]",0.5918552875518799
00012740.npy,1,1,"[0.1279187798500061, 0.7369394898414612]","[0.3522826135158539, 0.6477174162864685]",0.6477174162864685
00012741.npy,1,1,"[-0.23003798723220825, 0.010705962777137756]","[0.44010305404663086, 0.5598969459533691]",0.5598969459533691
00012742.npy,1,1,"[-0.4955865740776062, -0.20564958453178406]","[0.42801928520202637, 0.5719807147979736]",0.5719807147979736
00012743.npy,1,1,"[-0.2984897792339325, 0.06219867616891861]","[0.41079291701316833, 0.5892070531845093]",0.5892070531845093
00012744.npy,0,1,"[-0.11142411828041077, 0.29060396552085876]","[0.4008251428604126, 0.5991747975349426]",0.5991747975349426
00012745.npy,1,1,"[-0.21185553073883057, 0.06671152263879776]","[0.43080511689186096, 0.5691948533058167]",0.5691948533058167
00012746.npy,1,1,"[0.05881810933351517, 0.08099337667226791]","[0.49445638060569763, 0.50554358959198]",0.50554358959198
00012747.npy,1,1,"[0.005440905690193176, 0.21150684356689453]","[0.448665052652359, 0.5513349771499634]",0.5513349771499634
00012748.npy,1,1,"[0.059120357036590576, 0.3730352818965912]","[0.42215943336486816, 0.5778405070304871]",0.5778405070304871
00012749.npy,1,1,"[-0.07796666771173477, 0.35278159379959106]","[0.39394766092300415, 0.6060523390769958]",0.6060523390769958
00012750.npy,1,1,"[-0.2238372266292572, 0.09877731651067734]","[0.42003872990608215, 0.5799612998962402]",0.5799612998962402
00012751.npy,0,1,"[-0.11267904937267303, 0.08359690755605698]","[0.45108795166015625, 0.5489120483398438]",0.5489120483398438
00012752.npy,1,1,"[-0.05953826755285263, 0.29083317518234253]","[0.4132923483848572, 0.5867076516151428]",0.5867076516151428
00012753.npy,0,1,"[-0.03984852135181427, 0.2447846531867981]","[0.42931824922561646, 0.5706817507743835]",0.5706817507743835
00012754.npy,1,1,"[0.03632150590419769, 0.5383515954017639]","[0.37706369161605835, 0.6229362487792969]",0.6229362487792969
00012755.npy,1,1,"[0.06409902125597, 0.3398580551147461]","[0.4314938485622406, 0.5685061812400818]",0.5685061812400818
00012756.npy,1,1,"[-0.12352283298969269, 0.041178613901138306]","[0.45891743898391724, 0.541082501411438]",0.541082501411438
00012757.npy,1,1,"[-0.015361953526735306, 0.25265374779701233]","[0.43339431285858154, 0.5666057467460632]",0.5666057467460632
00012758.npy,1,1,"[-0.13822084665298462, 0.1845932900905609]","[0.41999009251594543, 0.580009937286377]",0.580009937286377
00012759.npy,1,1,"[-0.10235446691513062, 0.03542814403772354]","[0.46560877561569214, 0.5343912839889526]",0.5343912839889526
00012760.npy,1,1,"[-0.12364045530557632, 0.41309303045272827]","[0.3689477741718292, 0.6310521960258484]",0.6310521960258484
00012761.npy,1,1,"[-0.22480159997940063, 0.10213350504636765]","[0.41898655891418457, 0.5810134410858154]",0.5810134410858154
00012762.npy,1,1,"[-0.2775532901287079, 0.13561522960662842]","[0.39815258979797363, 0.6018474102020264]",0.6018474102020264
00012763.npy,1,1,"[0.20495223999023438, 0.5248216390609741]","[0.4207075536251068, 0.5792924165725708]",0.5792924165725708
00012764.npy,1,1,"[-0.015520509332418442, -0.015359509736299515]","[0.4999597370624542, 0.5000402331352234]",0.5000402331352234
00012765.npy,1,1,"[-0.017024964094161987, 0.15428462624549866]","[0.4572770297527313, 0.5427230000495911]",0.5427230000495911
00012766.npy,1,1,"[-0.1279456615447998, 0.1276821494102478]","[0.43643879890441895, 0.563561201095581]",0.563561201095581
00012767.npy,1,1,"[-0.23696386814117432, 0.14621281623840332]","[0.40536096692085266, 0.5946390628814697]",0.5946390628814697
00012768.npy,1,1,"[-0.12131968885660172, 0.21462073922157288]","[0.4167959690093994, 0.5832040905952454]",0.5832040905952454
00012769.npy,1,1,"[-0.039003416895866394, 0.11886072903871536]","[0.46061575412750244, 0.5393843054771423]",0.5393843054771423
00012770.npy,1,1,"[-0.09515098482370377, 0.0809445008635521]","[0.4560895264148712, 0.5439104437828064]",0.5439104437828064
00012771.npy,1,1,"[-0.09405259788036346, 0.5296606421470642]","[0.34893739223480225, 0.6510626077651978]",0.6510626077651978
00012772.npy,1,0,"[0.08646456152200699, 0.06461217999458313]","[0.5054628849029541, 0.4945371150970459]",0.4945371150970459
00012773.npy,1,1,"[-0.11921561509370804, -0.08898188918828964]","[0.49244216084480286, 0.5075578689575195]",0.5075578689575195
00012774.npy,0,1,"[0.2335681915283203, 0.6448174715042114]","[0.3986125886440277, 0.6013873815536499]",0.6013873815536499
00012775.npy,1,1,"[-0.00898546352982521, 0.46847012639045715]","[0.38285312056541443, 0.6171468496322632]",0.6171468496322632
00012776.npy,0,1,"[-0.20524907112121582, -0.03300684690475464]","[0.4570455849170685, 0.5429544448852539]",0.5429544448852539
00012777.npy,1,1,"[-0.0917842835187912, 0.06919573992490768]","[0.45984166860580444, 0.5401583313941956]",0.5401583313941956
00012778.npy,1,1,"[0.06527154892683029, 0.15999692678451538]","[0.47633635997772217, 0.5236636400222778]",0.5236636400222778
00012779.npy,1,1,"[0.010441344231367111, 0.3691050112247467]","[0.41128307580947876, 0.5887169241905212]",0.5887169241905212
00012780.npy,1,1,"[0.14300018548965454, 0.28858891129493713]","[0.46366697549819946, 0.5363330245018005]",0.5363330245018005
00012781.npy,1,1,"[-0.14452698826789856, 0.25054284930229187]","[0.40249744057655334, 0.597502589225769]",0.597502589225769
00012782.npy,1,1,"[-0.07169131934642792, 0.3584943115711212]","[0.3940820097923279, 0.6059179902076721]",0.6059179902076721
00012783.npy,1,1,"[0.040483713150024414, 0.37555837631225586]","[0.41700640320777893, 0.5829936265945435]",0.5829936265945435
00012784.npy,1,1,"[-0.17349684238433838, 0.07845037430524826]","[0.4373442530632019, 0.5626556873321533]",0.5626556873321533
00012785.npy,1,1,"[0.17765948176383972, 0.4000052809715271]","[0.44464147090911865, 0.5553585886955261]",0.5553585886955261
00012786.npy,1,1,"[-0.20592910051345825, 0.011830233037471771]","[0.44577428698539734, 0.554225742816925]",0.554225742816925
00012787.npy,1,1,"[0.015367023646831512, 0.33657801151275635]","[0.4203806221485138, 0.5796193480491638]",0.5796193480491638
00012788.npy,1,1,"[-0.13140378892421722, 0.1006476953625679]","[0.4422460198402405, 0.5577539205551147]",0.5577539205551147
00012789.npy,1,1,"[-0.18036672472953796, -0.13841958343982697]","[0.4895147681236267, 0.5104852318763733]",0.5104852318763733
00012790.npy,1,1,"[-0.17048466205596924, 0.47213509678840637]","[0.3446545898914337, 0.6553453803062439]",0.6553453803062439
00012791.npy,1,1,"[0.04380731284618378, 0.2927309572696686]","[0.43808844685554504, 0.5619115829467773]",0.5619115829467773
00012792.npy,1,1,"[0.09793407469987869, 0.30439063906669617]","[0.4485684335231781, 0.5514315962791443]",0.5514315962791443
00012793.npy,1,1,"[0.019283466041088104, 0.5479846000671387]","[0.37081989645957947, 0.6291801333427429]",0.6291801333427429
00012794.npy,1,1,"[-0.03806140273809433, 0.4095381796360016]","[0.38993167877197266, 0.6100683212280273]",0.6100683212280273
00012795.npy,0,1,"[0.06199849396944046, 0.20858532190322876]","[0.46341875195503235, 0.5365812182426453]",0.5365812182426453
00012796.npy,1,1,"[-0.07795625180006027, 0.10263680666685104]","[0.45497405529022217, 0.5450259447097778]",0.5450259447097778
00012797.npy,1,1,"[-0.18953394889831543, 0.11241357773542404]","[0.4250814616680145, 0.5749185681343079]",0.5749185681343079
00012798.npy,1,1,"[-0.31020522117614746, 0.08828742057085037]","[0.4016745686531067, 0.5983254909515381]",0.5983254909515381
00012799.npy,1,1,"[-0.30471524596214294, 0.035656847059726715]","[0.41571909189224243, 0.5842808485031128]",0.5842808485031128
00012800.npy,1,1,"[-0.15461856126785278, 0.030399486422538757]","[0.4538770020008087, 0.5461230278015137]",0.5461230278015137
00012801.npy,1,1,"[-0.30826810002326965, 0.3338793218135834]","[0.34476128220558167, 0.6552387475967407]",0.6552387475967407
00012802.npy,1,1,"[-0.056787580251693726, 0.059508293867111206]","[0.47095873951911926, 0.5290412306785583]",0.5290412306785583
00012803.npy,1,1,"[-0.39882853627204895, 0.24952957034111023]","[0.3433596193790436, 0.656640350818634]",0.656640350818634
00012804.npy,1,1,"[-0.2925134599208832, 0.16666150093078613]","[0.3871815800666809, 0.6128184199333191]",0.6128184199333191
00012805.npy,1,1,"[-0.12100779265165329, 0.24852213263511658]","[0.4086546301841736, 0.5913453698158264]",0.5913453698158264
00012806.npy,0,1,"[0.22934553027153015, 0.574185311794281]","[0.4146343171596527, 0.5853656530380249]",0.5853656530380249
00012807.npy,1,1,"[-0.4353812336921692, -0.14223483204841614]","[0.4272337555885315, 0.5727662444114685]",0.5727662444114685
00012808.npy,0,1,"[-0.14199070632457733, -0.06120172142982483]","[0.47981372475624084, 0.5201862454414368]",0.5201862454414368
00012809.npy,1,1,"[-0.08595377951860428, 0.28462275862693787]","[0.4084017276763916, 0.5915982723236084]",0.5915982723236084
00012810.npy,1,1,"[0.11225277930498123, 0.29908275604248047]","[0.45342788100242615, 0.5465720891952515]",0.5465720891952515
00012811.npy,1,1,"[0.15695232152938843, 0.44556477665901184]","[0.42834359407424927, 0.5716564059257507]",0.5716564059257507
00012812.npy,0,1,"[-0.0056892745196819305, 0.3541093170642853]","[0.4110083281993866, 0.5889917016029358]",0.5889917016029358
00012813.npy,0,1,"[-0.10533033311367035, 0.2154712975025177]","[0.4204804003238678, 0.5795196294784546]",0.5795196294784546
00012814.npy,1,1,"[-0.08454280346632004, 0.12761694192886353]","[0.4471580982208252, 0.55284184217453]",0.55284184217453
00012815.npy,1,1,"[-0.06889452040195465, 0.19811344146728516]","[0.43364179134368896, 0.566358208656311]",0.566358208656311
00012816.npy,1,1,"[0.0865631178021431, 0.39039358496665955]","[0.4246213734149933, 0.5753786563873291]",0.5753786563873291
00012817.npy,1,1,"[-0.23976260423660278, 0.10473953932523727]","[0.4147162437438965, 0.5852836966514587]",0.5852836966514587
00012818.npy,1,1,"[-0.010137218981981277, 0.08901440352201462]","[0.47523239254951477, 0.5247675776481628]",0.5247675776481628
00012819.npy,1,1,"[-0.06101847067475319, 0.1618611216545105]","[0.4445096552371979, 0.5554903745651245]",0.5554903745651245
00012820.npy,1,1,"[-0.05180222913622856, 0.39510831236839294]","[0.3900955617427826, 0.609904408454895]",0.609904408454895
00012821.npy,1,1,"[-0.023219941183924675, 0.16262122988700867]","[0.45367297530174255, 0.5463270545005798]",0.5463270545005798
00012822.npy,1,1,"[-0.2719125747680664, -0.14335238933563232]","[0.46790412068367004, 0.5320958495140076]",0.5320958495140076
00012823.npy,1,1,"[0.01788412034511566, 0.2316000759601593]","[0.4467734396457672, 0.5532265305519104]",0.5532265305519104
00012824.npy,1,1,"[0.01974482834339142, 0.3013063371181488]","[0.43007099628448486, 0.5699290037155151]",0.5699290037155151
00012825.npy,1,1,"[-0.07080532610416412, 0.3299526274204254]","[0.40113022923469543, 0.5988697409629822]",0.5988697409629822
00012826.npy,1,1,"[-0.3206586539745331, 0.05397345870733261]","[0.4074222147464752, 0.5925777554512024]",0.5925777554512024
00012827.npy,1,1,"[-0.16421011090278625, 0.16897273063659668]","[0.417466402053833, 0.582533597946167]",0.582533597946167
00012828.npy,1,1,"[0.06265010684728622, 0.15462127327919006]","[0.4770233929157257, 0.5229765772819519]",0.5229765772819519
00012829.npy,1,1,"[-0.33579015731811523, 0.15953868627548218]","[0.3786390423774719, 0.6213609576225281]",0.6213609576225281
00012830.npy,1,1,"[0.03167223185300827, 0.36903733015060425]","[0.4164496660232544, 0.5835503339767456]",0.5835503339767456
00012831.npy,1,1,"[0.00172361359000206, 0.5790249109268188]","[0.35955384373664856, 0.6404461860656738]",0.6404461860656738
00012832.npy,1,1,"[-0.1250619888305664, 0.37741413712501526]","[0.3769589364528656, 0.623041033744812]",0.623041033744812
00012833.npy,1,1,"[-0.282551646232605, 0.03905760496854782]","[0.42028361558914185, 0.5797163844108582]",0.5797163844108582
00012834.npy,1,1,"[-0.016538649797439575, 0.3469979763031006]","[0.4101037085056305, 0.5898962616920471]",0.5898962616920471
00012835.npy,1,1,"[0.17204490303993225, 0.3936959505081177]","[0.44481298327445984, 0.5551869869232178]",0.5551869869232178
00012836.npy,0,1,"[0.021458514034748077, 0.0894358828663826]","[0.48301222920417786, 0.5169878005981445]",0.5169878005981445
00012837.npy,1,1,"[0.2141316533088684, 0.6588664054870605]","[0.390613317489624, 0.6093866229057312]",0.6093866229057312
00012838.npy,1,1,"[0.022147230803966522, 0.2874656617641449]","[0.4340567886829376, 0.5659432411193848]",0.5659432411193848
00012839.npy,1,1,"[0.19324907660484314, 0.33224841952323914]","[0.46530601382255554, 0.5346940159797668]",0.5346940159797668
00012840.npy,1,1,"[-0.0906829908490181, 0.14239677786827087]","[0.4419924318790436, 0.558007538318634]",0.558007538318634
00012841.npy,1,1,"[0.07073579728603363, 0.2637103497982025]","[0.4519055485725403, 0.5480945110321045]",0.5480945110321045
00012842.npy,1,1,"[0.039814770221710205, 0.2033654749393463]","[0.45920324325561523, 0.5407967567443848]",0.5407967567443848
00012843.npy,1,1,"[-0.3708328306674957, 0.13103052973747253]","[0.37710288166999817, 0.6228971481323242]",0.6228971481323242
00012844.npy,1,1,"[-0.08802248537540436, 0.2963627278804779]","[0.4050696790218353, 0.5949303507804871]",0.5949303507804871
00012845.npy,1,1,"[-0.032392822206020355, 0.27695295214653015]","[0.423274427652359, 0.5767255425453186]",0.5767255425453186
00012846.npy,1,1,"[0.011086992919445038, 0.40837615728378296]","[0.40196385979652405, 0.5980361700057983]",0.5980361700057983
00012847.npy,1,1,"[-0.14555642008781433, 0.248581200838089]","[0.402721643447876, 0.5972782969474792]",0.5972782969474792
00012848.npy,1,1,"[0.0293782576918602, 0.31542569398880005]","[0.4289717972278595, 0.5710281729698181]",0.5710281729698181
00012849.npy,1,1,"[-0.0034133493900299072, 0.18210279941558838]","[0.4537535309791565, 0.5462464690208435]",0.5462464690208435
00012850.npy,1,1,"[-0.1302235722541809, 0.1905912458896637]","[0.4204772114753723, 0.5795228481292725]",0.5795228481292725
00012851.npy,1,1,"[-0.24449265003204346, 0.22020304203033447]","[0.385872483253479, 0.614127516746521]",0.614127516746521
00012852.npy,1,1,"[-0.06818898022174835, 0.20440223813056946]","[0.4322710633277893, 0.5677289366722107]",0.5677289366722107
00012853.npy,1,1,"[-0.13430187106132507, 0.26587405800819397]","[0.4012700617313385, 0.5987299084663391]",0.5987299084663391
00012854.npy,0,1,"[-0.11352267116308212, 0.04325927048921585]","[0.46088460087776184, 0.5391153693199158]",0.5391153693199158
00012855.npy,1,1,"[-0.03162844479084015, 0.16767174005508423]","[0.4503391981124878, 0.5496608018875122]",0.5496608018875122
00012856.npy,1,1,"[0.14213886857032776, 0.4639093577861786]","[0.42024433612823486, 0.5797556638717651]",0.5797556638717651
00012857.npy,1,1,"[-0.21760404109954834, 0.3680694103240967]","[0.35762819647789, 0.6423718333244324]",0.6423718333244324
00012858.npy,1,1,"[0.18384769558906555, 0.40696391463279724]","[0.4444512128829956, 0.5555487871170044]",0.5555487871170044
00012859.npy,1,1,"[-0.1092798262834549, 0.12880244851112366]","[0.4407590329647064, 0.559240996837616]",0.559240996837616
00012860.npy,1,1,"[0.14747586846351624, 0.32774147391319275]","[0.45505523681640625, 0.5449447631835938]",0.5449447631835938
00012861.npy,1,1,"[-0.0006647296249866486, 0.12115698307752609]","[0.469582200050354, 0.530417799949646]",0.530417799949646
00012862.npy,1,1,"[-0.3353065550327301, 0.16055777668952942]","[0.37851303815841675, 0.6214869022369385]",0.6214869022369385
00012863.npy,1,1,"[-0.09576447308063507, 0.08014755696058273]","[0.4561350643634796, 0.5438649654388428]",0.5438649654388428
00012864.npy,1,1,"[0.0040979646146297455, 0.08799774199724197]","[0.479037344455719, 0.520962655544281]",0.520962655544281
00012865.npy,0,1,"[-0.09443206340074539, 0.10579150170087814]","[0.45011070370674133, 0.549889326095581]",0.549889326095581
00012866.npy,0,1,"[-0.17897352576255798, 0.15070226788520813]","[0.4183195233345032, 0.5816804766654968]",0.5816804766654968
00012867.npy,1,1,"[-0.26981645822525024, 0.18012329936027527]","[0.38937509059906006, 0.6106249094009399]",0.6106249094009399
00012868.npy,1,1,"[-0.2529127895832062, -0.09763365238904953]","[0.46125802397727966, 0.538741946220398]",0.538741946220398
00012869.npy,1,1,"[0.024561986327171326, 0.21406465768814087]","[0.4527656137943268, 0.5472344160079956]",0.5472344160079956
00012870.npy,1,1,"[-0.10081006586551666, 0.2892731726169586]","[0.40369725227355957, 0.5963027477264404]",0.5963027477264404
00012871.npy,1,1,"[-0.07570338249206543, 0.24206268787384033]","[0.4212202727794647, 0.5787797570228577]",0.5787797570228577
00012872.npy,1,1,"[0.07830088585615158, 0.40023162961006165]","[0.42020532488822937, 0.579794704914093]",0.579794704914093
00012873.npy,1,1,"[-0.008230108767747879, 0.3037795424461365]","[0.42262428998947144, 0.5773757696151733]",0.5773757696151733
00012874.npy,1,1,"[0.13557320833206177, 0.31598249077796936]","[0.45501959323883057, 0.5449804067611694]",0.5449804067611694
00012875.npy,1,1,"[-0.22341704368591309, -0.035683125257492065]","[0.45320388674736023, 0.5467960834503174]",0.5467960834503174
00012876.npy,1,1,"[0.05993226170539856, 0.3533712923526764]","[0.42716217041015625, 0.5728378891944885]",0.5728378891944885
00012877.npy,1,1,"[-0.04945393279194832, 0.24109047651290894]","[0.42787057161331177, 0.5721293687820435]",0.5721293687820435
00012878.npy,1,1,"[-0.12668803334236145, 0.3417779505252838]","[0.38497939705848694, 0.6150206327438354]",0.6150206327438354
00012879.npy,1,1,"[-0.311341255903244, 0.055794768035411835]","[0.4092332422733307, 0.5907667875289917]",0.5907667875289917
00012880.npy,1,1,"[-0.09281066060066223, 0.21031281352043152]","[0.42479410767555237, 0.5752058625221252]",0.5752058625221252
00012881.npy,1,1,"[0.048105351626873016, 0.21756502985954285]","[0.45773616433143616, 0.5422638654708862]",0.5422638654708862
00012882.npy,0,1,"[0.04135727882385254, 0.46058836579322815]","[0.39670076966285706, 0.6032992601394653]",0.6032992601394653
00012883.npy,1,1,"[-0.08546063303947449, 0.1348038911819458]","[0.44515544176101685, 0.5548445582389832]",0.5548445582389832
00012884.npy,1,1,"[0.1721293330192566, 0.4000011682510376]","[0.4432772994041443, 0.5567227602005005]",0.5567227602005005
00012885.npy,1,1,"[-0.06808291375637054, 0.29315894842147827]","[0.41065895557403564, 0.5893409848213196]",0.5893409848213196
00012886.npy,1,1,"[-0.16085810959339142, 0.14829903841018677]","[0.423320472240448, 0.576679527759552]",0.576679527759552
00012887.npy,1,1,"[-0.08660146594047546, 0.21649450063705444]","[0.424800843000412, 0.5751991868019104]",0.5751991868019104
00012888.npy,1,1,"[-0.06617684662342072, 0.13093838095664978]","[0.45088014006614685, 0.5491198897361755]",0.5491198897361755
00012889.npy,1,1,"[-0.3102361857891083, -0.09286625683307648]","[0.4458704888820648, 0.5541294813156128]",0.5541294813156128
00012890.npy,1,1,"[-0.3229867219924927, 0.08265189081430435]","[0.3999583423137665, 0.6000416278839111]",0.6000416278839111
00012891.npy,1,1,"[-0.3032476007938385, 0.04179854691028595]","[0.414584219455719, 0.585415780544281]",0.585415780544281
00012892.npy,1,1,"[-0.10967940837144852, 0.45953693985939026]","[0.36141765117645264, 0.6385823488235474]",0.6385823488235474
00012893.npy,0,1,"[-0.14047813415527344, 0.2697882652282715]","[0.3988482356071472, 0.6011518239974976]",0.6011518239974976
00012894.npy,1,1,"[-0.14339177310466766, 0.009908191859722137]","[0.4617498815059662, 0.5382500886917114]",0.5382500886917114
00012895.npy,1,1,"[-0.11076607555150986, 0.031020089983940125]","[0.4646127223968506, 0.5353872179985046]",0.5353872179985046
00012896.npy,1,1,"[-0.011221479624509811, 0.1917869746685028]","[0.4494214653968811, 0.5505785346031189]",0.5505785346031189
00012897.npy,1,1,"[-0.21878814697265625, 0.1690148115158081]","[0.4042463004589081, 0.5957537293434143]",0.5957537293434143
00012898.npy,1,1,"[-0.1268138885498047, 0.23867031931877136]","[0.4096326529979706, 0.5903673768043518]",0.5903673768043518
00012899.npy,1,1,"[-0.09417891502380371, 0.19387412071228027]","[0.4284805953502655, 0.5715194344520569]",0.5715194344520569
00012900.npy,1,1,"[-0.26042240858078003, 0.19061118364334106]","[0.38911503553390503, 0.610884964466095]",0.610884964466095
00012901.npy,0,1,"[-0.2261989414691925, 0.05794837325811386]","[0.4294373095035553, 0.5705627202987671]",0.5705627202987671
00012902.npy,1,1,"[-0.15467609465122223, 0.06956938654184341]","[0.44417235255241394, 0.5558276176452637]",0.5558276176452637
00012903.npy,1,1,"[-0.04815303161740303, 0.45118144154548645]","[0.37769708037376404, 0.6223029494285583]",0.6223029494285583
00012904.npy,1,1,"[-0.07742922753095627, 0.27671563625335693]","[0.41237765550613403, 0.5876222848892212]",0.5876222848892212
00012905.npy,1,1,"[-0.14421908557415009, 0.23712211847305298]","[0.40580347180366516, 0.5941965579986572]",0.5941965579986572
00012906.npy,1,1,"[-0.4426043629646301, -0.05323927477002144]","[0.4038701355457306, 0.596129834651947]",0.596129834651947
00012907.npy,1,1,"[-0.14606332778930664, -0.0006350912153720856]","[0.463706910610199, 0.5362931489944458]",0.5362931489944458
00012908.npy,1,1,"[0.2592165172100067, 0.573759138584137]","[0.4220063090324402, 0.577993631362915]",0.577993631362915
00012909.npy,1,1,"[-0.1580280065536499, 0.29040905833244324]","[0.3897324204444885, 0.6102675795555115]",0.6102675795555115
00012910.npy,1,1,"[-0.3839278817176819, 0.14322957396507263]","[0.37118008732795715, 0.6288198828697205]",0.6288198828697205
00012911.npy,1,1,"[-0.0970696359872818, 0.1399456262588501]","[0.44102203845977783, 0.5589779615402222]",0.5589779615402222
00012912.npy,1,1,"[0.02535618096590042, 0.1751367449760437]","[0.462624728679657, 0.5373753309249878]",0.5373753309249878
00012913.npy,1,1,"[0.09477420896291733, 0.4731030762195587]","[0.4065300226211548, 0.5934699773788452]",0.5934699773788452
00012914.npy,1,1,"[-0.012542113661766052, 0.12231912463903427]","[0.4663357138633728, 0.5336642861366272]",0.5336642861366272
00012915.npy,1,1,"[0.17001760005950928, 0.2741473615169525]","[0.4739910662174225, 0.5260089635848999]",0.5260089635848999
00012916.npy,1,1,"[-0.1892412304878235, 0.13497111201286316]","[0.41964951157569885, 0.5803505182266235]",0.5803505182266235
00012917.npy,1,1,"[0.02705329656600952, 0.4803624451160431]","[0.3885742425918579, 0.6114256978034973]",0.6114256978034973
00012918.npy,1,1,"[-0.2704137861728668, 0.16266554594039917]","[0.39339128136634827, 0.6066087484359741]",0.6066087484359741
00012919.npy,1,1,"[-0.12814366817474365, 0.13743755221366882]","[0.4339922368526459, 0.5660077929496765]",0.5660077929496765
00012920.npy,1,1,"[-0.03415601700544357, 0.03165986388921738]","[0.4835519790649414, 0.5164480209350586]",0.5164480209350586
00012921.npy,1,1,"[-0.1305343508720398, 0.06481126695871353]","[0.45131832361221313, 0.5486816763877869]",0.5486816763877869
00012922.npy,1,1,"[-0.0539814718067646, 0.1718701422214508]","[0.44377586245536804, 0.5562241077423096]",0.5562241077423096
00012923.npy,1,1,"[-0.1089872494339943, 0.12138613313436508]","[0.44266003370285034, 0.5573399662971497]",0.5573399662971497
00012924.npy,1,1,"[-0.28896957635879517, 0.09122120589017868]","[0.40608087182044983, 0.5939190983772278]",0.5939190983772278
00012925.npy,1,1,"[-0.024904433637857437, 0.25543564558029175]","[0.43037042021751404, 0.5696296095848083]",0.5696296095848083
00012926.npy,1,1,"[-0.13770191371440887, 0.008616328239440918]","[0.46348556876182556, 0.536514401435852]",0.536514401435852
00012927.npy,1,1,"[0.09874548763036728, 0.4952349364757538]","[0.4021560847759247, 0.5978438854217529]",0.5978438854217529
00012928.npy,1,1,"[-0.26196596026420593, 0.18629243969917297]","[0.3897749185562134, 0.6102250814437866]",0.6102250814437866
00012929.npy,1,1,"[-0.031948648393154144, 0.24511992931365967]","[0.43117257952690125, 0.5688273906707764]",0.5688273906707764
00012930.npy,1,1,"[0.04112637788057327, 0.4748195707798004]","[0.39324474334716797, 0.6067551970481873]",0.6067551970481873
00012931.npy,1,1,"[-0.20775586366653442, -0.011919446289539337]","[0.4511967897415161, 0.5488032102584839]",0.5488032102584839
00012932.npy,1,1,"[-0.4785836935043335, 0.14103296399116516]","[0.34986865520477295, 0.650131344795227]",0.650131344795227
00012933.npy,1,1,"[-0.10172687470912933, 0.13025981187820435]","[0.44226205348968506, 0.5577379465103149]",0.5577379465103149
00012934.npy,1,1,"[-0.04563037306070328, 0.511443018913269]","[0.3642248809337616, 0.6357751488685608]",0.6357751488685608
00012935.npy,1,1,"[-0.09824512898921967, 0.3178573250770569]","[0.397449791431427, 0.602550208568573]",0.602550208568573
00012936.npy,1,1,"[-0.1482870876789093, 0.15413257479667664]","[0.42496609687805176, 0.5750339031219482]",0.5750339031219482
00012937.npy,1,1,"[-0.08376424014568329, 0.21387752890586853]","[0.4261341094970703, 0.5738659501075745]",0.5738659501075745
00012938.npy,1,1,"[-0.008404765278100967, 0.16567116975784302]","[0.45659056305885315, 0.5434094071388245]",0.5434094071388245
00012939.npy,1,1,"[0.05913315713405609, 0.5622538328170776]","[0.3768076002597809, 0.6231924295425415]",0.6231924295425415
00012940.npy,1,1,"[-0.08327418565750122, 0.33991575241088867]","[0.3957536816596985, 0.6042463183403015]",0.6042463183403015
00012941.npy,1,1,"[-0.0058347731828689575, 0.16199493408203125]","[0.4581407904624939, 0.5418592095375061]",0.5418592095375061
00012942.npy,1,1,"[-0.03156843036413193, 0.25839221477508545]","[0.42801350355148315, 0.5719865560531616]",0.5719865560531616
00012943.npy,1,1,"[-0.11503564566373825, 0.30628910660743713]","[0.3961997926235199, 0.6038001775741577]",0.6038001775741577
00012944.npy,1,1,"[-0.1126445010304451, 0.327057421207428]","[0.3918119966983795, 0.6081879734992981]",0.6081879734992981
00012945.npy,1,1,"[-0.04027631878852844, 0.0958702340722084]","[0.46601584553718567, 0.5339841246604919]",0.5339841246604919
00012946.npy,0,1,"[-0.20617622137069702, 0.2668797969818115]","[0.3838931620121002, 0.6161068081855774]",0.6161068081855774
00012947.npy,1,1,"[-0.13199609518051147, 0.3182390630245209]","[0.38930484652519226, 0.6106951236724854]",0.6106951236724854
00012948.npy,1,1,"[0.050023406744003296, 0.1949767768383026]","[0.46382495760917664, 0.536175012588501]",0.536175012588501
00012949.npy,1,1,"[-0.04270798712968826, 0.4863406717777252]","[0.37073880434036255, 0.6292611956596375]",0.6292611956596375
00012950.npy,1,1,"[-0.3906162679195404, 0.16330236196517944]","[0.36495572328567505, 0.6350442171096802]",0.6350442171096802
00012951.npy,1,1,"[-0.018570274114608765, 0.37991416454315186]","[0.4016765356063843, 0.5983235239982605]",0.5983235239982605
00012952.npy,1,1,"[-0.07146893441677094, 0.268109530210495]","[0.41591185331344604, 0.5840880870819092]",0.5840880870819092
00012953.npy,1,1,"[-0.0421699658036232, 0.07630083709955215]","[0.4704169034957886, 0.5295830965042114]",0.5295830965042114
00012954.npy,1,1,"[-0.10953080654144287, 0.06340450048446655]","[0.4568736255168915, 0.5431264042854309]",0.5431264042854309
00012955.npy,1,1,"[-0.1328829824924469, 0.30885568261146545]","[0.39132675528526306, 0.6086732149124146]",0.6086732149124146
00012956.npy,1,1,"[-0.2752285301685333, 0.2168436050415039]","[0.37940555810928345, 0.6205944418907166]",0.6205944418907166
00012957.npy,1,1,"[-0.09124479442834854, -0.002280972898006439]","[0.4777737259864807, 0.5222262740135193]",0.5222262740135193
00012958.npy,1,1,"[-0.15594986081123352, -0.05290071666240692]","[0.47426047921180725, 0.5257394909858704]",0.5257394909858704
00012959.npy,1,1,"[-0.45941463112831116, -0.0404510572552681]","[0.39676475524902344, 0.6032351851463318]",0.6032351851463318
00012960.npy,1,1,"[-0.16559407114982605, 0.040052592754364014]","[0.4487687647342682, 0.5512312054634094]",0.5512312054634094
00012961.npy,1,1,"[0.11855471879243851, 0.38498005270957947]","[0.4337848722934723, 0.5662150979042053]",0.5662150979042053
00012962.npy,1,1,"[-0.1570192575454712, 0.3692390024662018]","[0.37139004468917847, 0.6286100149154663]",0.6286100149154663
00012963.npy,1,1,"[-0.25168246030807495, 0.03900458663702011]","[0.4278356730937958, 0.5721643567085266]",0.5721643567085266
00012964.npy,1,1,"[0.11915019899606705, 0.38071945309638977]","[0.4349779784679413, 0.5650219917297363]",0.5650219917297363
00012965.npy,1,1,"[0.016764745116233826, 0.2300581932067871]","[0.4468778967857361, 0.5531221032142639]",0.5531221032142639
00012966.npy,1,1,"[-0.16147123277187347, 0.15798091888427734]","[0.420809268951416, 0.579190731048584]",0.579190731048584
00012967.npy,1,1,"[-0.11437689512968063, 0.4441656768321991]","[0.36388474702835083, 0.6361152529716492]",0.6361152529716492
00012968.npy,1,1,"[0.08517348021268845, 0.42326703667640686]","[0.41627267003059387, 0.5837273597717285]",0.5837273597717285
00012969.npy,1,1,"[-0.03674449399113655, 0.32251986861228943]","[0.4111376404762268, 0.5888623595237732]",0.5888623595237732
00012970.npy,1,1,"[-0.25175613164901733, 0.28385019302368164]","[0.36921024322509766, 0.6307897567749023]",0.6307897567749023
00012971.npy,1,1,"[-0.2012612521648407, -0.003757815808057785]","[0.45078402757644653, 0.5492159724235535]",0.5492159724235535
00012972.npy,1,1,"[-0.29559507966041565, 0.05702975392341614]","[0.41274604201316833, 0.5872539281845093]",0.5872539281845093
00012973.npy,1,1,"[-0.1224096268415451, 0.31086546182632446]","[0.393344521522522, 0.606655478477478]",0.606655478477478
00012974.npy,1,1,"[-0.0415554977953434, 0.07194333523511887]","[0.4716557264328003, 0.5283442735671997]",0.5283442735671997
00012975.npy,1,1,"[-0.1352490335702896, 0.1625380516052246]","[0.4260985553264618, 0.5739014744758606]",0.5739014744758606
00012976.npy,1,1,"[-0.3598327040672302, 0.1332131326198578]","[0.3791763186454773, 0.6208236813545227]",0.6208236813545227
00012977.npy,1,1,"[-0.10042862594127655, 0.2837313115596771]","[0.4051239788532257, 0.5948760509490967]",0.5948760509490967
00012978.npy,1,1,"[-0.3685486912727356, 0.40702852606773376]","[0.31527388095855713, 0.6847261190414429]",0.6847261190414429
00012979.npy,1,1,"[0.24751022458076477, 0.44553306698799133]","[0.45065543055534363, 0.549344539642334]",0.549344539642334
00012980.npy,1,1,"[-0.17634546756744385, 0.10398811846971512]","[0.4303719997406006, 0.5696280002593994]",0.5696280002593994
00012981.npy,1,1,"[-0.2490481734275818, 0.24010294675827026]","[0.3800935745239258, 0.6199064254760742]",0.6199064254760742
00012982.npy,1,1,"[-0.3151078224182129, -0.031543344259262085]","[0.42958012223243713, 0.5704199075698853]",0.5704199075698853
00012983.npy,1,1,"[-0.11292146891355515, 0.13728666305541992]","[0.437772274017334, 0.562227725982666]",0.562227725982666
00012984.npy,1,1,"[-0.1461498737335205, 0.4068755805492401]","[0.36516276001930237, 0.6348372101783752]",0.6348372101783752
00012985.npy,1,1,"[-0.09716908633708954, 0.06691215187311172]","[0.45907145738601685, 0.5409285426139832]",0.5409285426139832
00012986.npy,1,1,"[0.017841175198554993, 0.3159189224243164]","[0.42602744698524475, 0.5739725828170776]",0.5739725828170776
00012987.npy,1,1,"[0.0071250274777412415, 0.23048856854438782]","[0.4443901479244232, 0.5556098818778992]",0.5556098818778992
00012988.npy,0,1,"[-0.04379209503531456, 0.3773808777332306]","[0.3962360918521881, 0.6037638783454895]",0.6037638783454895
00012989.npy,0,1,"[-0.19857892394065857, -0.0437859408557415]","[0.4613788425922394, 0.5386211276054382]",0.5386211276054382
00012990.npy,0,1,"[-0.10707747936248779, 0.3719096779823303]","[0.3824913203716278, 0.6175086498260498]",0.6175086498260498
00012991.npy,1,1,"[-0.20457163453102112, 0.07172577828168869]","[0.43136173486709595, 0.568638265132904]",0.568638265132904
00012992.npy,1,1,"[-0.270611435174942, 0.18934735655784607]","[0.3869955837726593, 0.6130043864250183]",0.6130043864250183
00012993.npy,1,1,"[-0.15096063911914825, 0.09328087419271469]","[0.43924134969711304, 0.560758650302887]",0.560758650302887
00012994.npy,1,1,"[-0.0005238130688667297, 0.18185654282569885]","[0.45453089475631714, 0.5454691052436829]",0.5454691052436829
00012995.npy,1,1,"[-0.080325648188591, 0.26878851652145386]","[0.4135972559452057, 0.5864027738571167]",0.5864027738571167
00012996.npy,1,1,"[0.08858106285333633, 0.5065276026725769]","[0.3970082402229309, 0.6029917597770691]",0.6029917597770691
00012997.npy,1,1,"[0.16286706924438477, 0.4574381411075592]","[0.4268851578235626, 0.573114812374115]",0.573114812374115
00012998.npy,1,1,"[0.02108050137758255, 0.33094894886016846]","[0.4231468737125397, 0.5768531560897827]",0.5768531560897827
00012999.npy,0,1,"[-0.25538235902786255, -0.09301481395959854]","[0.4594970643520355, 0.5405029654502869]",0.5405029654502869
00013000.npy,1,1,"[0.10224076360464096, 0.42002516984939575]","[0.42121580243110657, 0.5787842273712158]",0.5787842273712158
00013001.npy,1,1,"[0.032174184918403625, 0.28152182698249817]","[0.43798407912254333, 0.5620158910751343]",0.5620158910751343
00013002.npy,1,1,"[-0.07317511737346649, 0.30705583095550537]","[0.4060712158679962, 0.5939288139343262]",0.5939288139343262
00013003.npy,1,1,"[0.20686325430870056, 0.4098660349845886]","[0.4494228661060333, 0.5505771040916443]",0.5505771040916443
00013004.npy,1,1,"[-0.35463640093803406, 0.02560223639011383]","[0.4060693681240082, 0.5939306616783142]",0.5939306616783142
00013005.npy,1,1,"[-0.18857571482658386, 0.34149816632270813]","[0.3704996705055237, 0.6295003294944763]",0.6295003294944763
00013006.npy,1,1,"[-0.2297056019306183, 0.043597325682640076]","[0.432096391916275, 0.5679035782814026]",0.5679035782814026
00013007.npy,1,1,"[0.03737746179103851, 0.39003077149391174]","[0.4127391576766968, 0.5872608423233032]",0.5872608423233032
00013008.npy,1,1,"[-0.07300003618001938, -0.023783724755048752]","[0.48769840598106384, 0.5123016238212585]",0.5123016238212585
00013009.npy,1,1,"[0.06857562065124512, 0.3524685502052307]","[0.42949965596199036, 0.570500373840332]",0.570500373840332
00013010.npy,1,1,"[-0.2500799298286438, 0.01035299152135849]","[0.43525728583335876, 0.5647426843643188]",0.5647426843643188
00013011.npy,1,1,"[-0.023500120267271996, 0.20472630858421326]","[0.443189799785614, 0.5568102598190308]",0.5568102598190308
00013012.npy,1,1,"[-0.07653579860925674, 0.4246301054954529]","[0.37726670503616333, 0.6227332353591919]",0.6227332353591919
00013013.npy,1,1,"[-0.08852510154247284, 0.26711347699165344]","[0.41201576590538025, 0.5879842638969421]",0.5879842638969421
00013014.npy,1,1,"[-0.17429369688034058, 0.13176164031028748]","[0.4240778684616089, 0.5759221315383911]",0.5759221315383911
00013015.npy,1,1,"[-0.06661368906497955, 0.378774493932724]","[0.39045780897140503, 0.6095421314239502]",0.6095421314239502
00013016.npy,1,1,"[0.08492916077375412, 0.2773626446723938]","[0.45203953981399536, 0.5479604601860046]",0.5479604601860046
00013017.npy,1,1,"[-0.23335593938827515, 0.13796228170394897]","[0.4082225561141968, 0.591777503490448]",0.591777503490448
00013018.npy,1,1,"[-0.10351583361625671, 0.4360995590686798]","[0.36827704310417175, 0.6317229270935059]",0.6317229270935059
00013019.npy,1,1,"[-0.13025034964084625, 0.18713033199310303]","[0.42131420969963074, 0.5786857604980469]",0.5786857604980469
00013020.npy,1,1,"[0.1477617621421814, 0.3805035650730133]","[0.44207578897476196, 0.557924211025238]",0.557924211025238
00013021.npy,1,1,"[-0.1505342721939087, 0.24126610159873962]","[0.4032839834690094, 0.5967159867286682]",0.5967159867286682
00013022.npy,1,1,"[-0.1778070330619812, -0.01419929787516594]","[0.4591890871524811, 0.5408109426498413]",0.5408109426498413
00013023.npy,0,1,"[-0.35199472308158875, -0.005655985325574875]","[0.4142705500125885, 0.5857294201850891]",0.5857294201850891
00013024.npy,1,1,"[0.0002535618841648102, 0.23170289397239685]","[0.4423946142196655, 0.5576053857803345]",0.5576053857803345
00013025.npy,1,1,"[-0.12893334031105042, 0.15981745719909668]","[0.42830973863601685, 0.5716902613639832]",0.5716902613639832
00013026.npy,1,1,"[-0.09583728760480881, 0.1620538830757141]","[0.4358821511268616, 0.5641178488731384]",0.5641178488731384
00013027.npy,1,1,"[0.03165967017412186, 0.5374903082847595]","[0.37617141008377075, 0.6238285899162292]",0.6238285899162292
00013028.npy,1,1,"[-0.19040822982788086, 0.17734664678573608]","[0.40908363461494446, 0.5909163951873779]",0.5909163951873779
00013029.npy,1,1,"[-0.09478484094142914, 0.03522660583257675]","[0.4675428569316864, 0.532457172870636]",0.532457172870636
00013030.npy,1,1,"[0.012194007635116577, 0.2998516857624054]","[0.42857739329338074, 0.5714225769042969]",0.5714225769042969
00013031.npy,1,1,"[-0.03847356513142586, 0.3467382490634918]","[0.40487048029899597, 0.5951295495033264]",0.5951295495033264
00013032.npy,1,1,"[-0.12826554477214813, 0.08528069406747818]","[0.4468154013156891, 0.5531846284866333]",0.5531846284866333
00013033.npy,0,1,"[0.09232767671346664, 0.3825259506702423]","[0.42795529961586, 0.5720446705818176]",0.5720446705818176
00013034.npy,1,1,"[-0.11698965728282928, 0.2119522988796234]","[0.41849809885025024, 0.5815019011497498]",0.5815019011497498
00013035.npy,1,1,"[-0.08006738871335983, 0.2724589705467224]","[0.4127699136734009, 0.5872300863265991]",0.5872300863265991
00013036.npy,1,1,"[0.08033625036478043, 0.20207959413528442]","[0.46960172057151794, 0.5303983092308044]",0.5303983092308044
00013037.npy,1,1,"[-0.07585284858942032, 0.31011825799942017]","[0.4046875536441803, 0.5953124761581421]",0.5953124761581421
00013038.npy,1,1,"[0.002596687525510788, 0.16761460900306702]","[0.45883890986442566, 0.5411611199378967]",0.5411611199378967
00013039.npy,0,1,"[0.1615566611289978, 0.34612733125686646]","[0.45398789644241333, 0.5460121035575867]",0.5460121035575867
00013040.npy,0,1,"[-0.05081843584775925, 0.3428065776824951]","[0.40284496545791626, 0.5971550345420837]",0.5971550345420837
00013041.npy,1,1,"[-0.14247238636016846, 0.3064977526664734]","[0.38960564136505127, 0.6103943586349487]",0.6103943586349487
00013042.npy,1,1,"[-0.5616837739944458, -0.08833494782447815]","[0.3838239312171936, 0.6161761283874512]",0.6161761283874512
00013043.npy,1,1,"[-0.12673449516296387, 0.6012488603591919]","[0.32563742995262146, 0.6743625998497009]",0.6743625998497009
00013044.npy,1,1,"[-0.078410305082798, 0.22853252291679382]","[0.4238611161708832, 0.5761388540267944]",0.5761388540267944
00013045.npy,1,1,"[-0.12036412209272385, 0.13519105315208435]","[0.4364566504955292, 0.5635433197021484]",0.5635433197021484
00013046.npy,1,1,"[0.03863929212093353, 0.19049209356307983]","[0.46210959553718567, 0.5378904342651367]",0.5378904342651367
00013047.npy,0,1,"[-0.17768579721450806, -0.06192518770694733]","[0.4710921347141266, 0.5289078950881958]",0.5289078950881958
00013048.npy,1,1,"[0.06162756681442261, 0.36693546175956726]","[0.4242604672908783, 0.5757395625114441]",0.5757395625114441
00013049.npy,1,1,"[-0.06829628348350525, 0.1577022671699524]","[0.4437396228313446, 0.5562604069709778]",0.5562604069709778
00013050.npy,1,1,"[0.043913088738918304, 0.19263270497322083]","[0.4628884792327881, 0.5371115207672119]",0.5371115207672119
00013051.npy,1,1,"[-0.10104961693286896, 0.2975219786167145]","[0.4016555845737457, 0.5983443856239319]",0.5983443856239319
00013052.npy,1,1,"[0.05695510655641556, 0.2625029683113098]","[0.4487932026386261, 0.5512068271636963]",0.5512068271636963
00013053.npy,0,1,"[-0.10788384079933167, -0.033389464020729065]","[0.4813850224018097, 0.5186150074005127]",0.5186150074005127
00013054.npy,1,1,"[-0.30229824781417847, 0.3654915690422058]","[0.3389918804168701, 0.6610081195831299]",0.6610081195831299
00013055.npy,1,1,"[-0.28708723187446594, -0.11106623709201813]","[0.456108033657074, 0.543891966342926]",0.543891966342926
00013056.npy,1,1,"[0.10097614675760269, 0.40214821696281433]","[0.4252709746360779, 0.5747290253639221]",0.5747290253639221
00013057.npy,1,1,"[0.03221756964921951, 0.3460823595523834]","[0.4221716523170471, 0.5778283476829529]",0.5778283476829529
00013058.npy,1,1,"[0.08217022567987442, 0.22134727239608765]","[0.4652617871761322, 0.5347381830215454]",0.5347381830215454
00013059.npy,0,1,"[0.011524427682161331, 0.20176243782043457]","[0.4525834023952484, 0.5474165678024292]",0.5474165678024292
00013060.npy,1,1,"[-0.14552146196365356, 0.46986135840415955]","[0.3508323132991791, 0.6491677165031433]",0.6491677165031433
00013061.npy,1,1,"[0.20191922783851624, 0.5142167806625366]","[0.42255401611328125, 0.5774459838867188]",0.5774459838867188
00013062.npy,1,1,"[-0.33609792590141296, 0.0780230388045311]","[0.39792439341545105, 0.6020755767822266]",0.6020755767822266
00013063.npy,0,1,"[-0.06869541853666306, 0.24631917476654053]","[0.4218911826610565, 0.5781087875366211]",0.5781087875366211
00013064.npy,1,1,"[-0.21026116609573364, 0.20382583141326904]","[0.3979325592517853, 0.6020674109458923]",0.6020674109458923
00013065.npy,1,1,"[-0.21168875694274902, 0.1922239065170288]","[0.4003726541996002, 0.5996273756027222]",0.5996273756027222
00013066.npy,0,1,"[-0.2054423689842224, -0.02848188951611519]","[0.4558749794960022, 0.5441250205039978]",0.5441250205039978
00013067.npy,0,1,"[-0.17675042152404785, 0.020024999976158142]","[0.4509642720222473, 0.5490357279777527]",0.5490357279777527
00013068.npy,1,1,"[-0.024876251816749573, 0.16868078708648682]","[0.45176127552986145, 0.5482387542724609]",0.5482387542724609
00013069.npy,1,1,"[-0.25646427273750305, -0.022550038993358612]","[0.44178661704063416, 0.5582133531570435]",0.5582133531570435
00013070.npy,1,1,"[-0.02408067137002945, 0.4055668115615845]","[0.3942105174064636, 0.6057894825935364]",0.6057894825935364
00013071.npy,1,1,"[-0.01976921036839485, 0.22088193893432617]","[0.44012588262557983, 0.5598740577697754]",0.5598740577697754
00013072.npy,1,1,"[-0.11755631864070892, 0.230424165725708]","[0.41387221217155457, 0.586127758026123]",0.586127758026123
00013073.npy,1,1,"[-0.27452266216278076, 0.03378664702177048]","[0.42352747917175293, 0.5764725208282471]",0.5764725208282471
00013074.npy,1,1,"[-0.21435382962226868, 0.19216153025627136]","[0.39974796772003174, 0.6002520322799683]",0.6002520322799683
00013075.npy,1,1,"[-0.2511366903781891, 0.07889167219400406]","[0.4182337522506714, 0.5817662477493286]",0.5817662477493286
00013076.npy,1,1,"[0.07598639279603958, 0.3020166754722595]","[0.44373175501823425, 0.5562682151794434]",0.5562682151794434
00013077.npy,1,1,"[-0.01791917160153389, 0.15585798025131226]","[0.45666471123695374, 0.5433353185653687]",0.5433353185653687
00013078.npy,1,1,"[0.08081721514463425, 0.40548837184906006]","[0.41953781247138977, 0.5804622173309326]",0.5804622173309326
00013079.npy,0,1,"[-0.180073082447052, 0.07152532786130905]","[0.43743014335632324, 0.5625699162483215]",0.5625699162483215
00013080.npy,1,1,"[-0.0889955535531044, 0.3664724826812744]","[0.3880614936351776, 0.6119385361671448]",0.6119385361671448
00013081.npy,1,1,"[-0.07939762622117996, 0.1350826621055603]","[0.4465845227241516, 0.5534154176712036]",0.5534154176712036
00013082.npy,1,1,"[-0.08193880319595337, 0.22666031122207642]","[0.42345675826072693, 0.5765432715415955]",0.5765432715415955
00013083.npy,1,1,"[-0.13120171427726746, 0.26418861746788025]","[0.40242040157318115, 0.5975795984268188]",0.5975795984268188
00013084.npy,1,1,"[-0.25879523158073425, 0.24162793159484863]","[0.3774412274360657, 0.6225587129592896]",0.6225587129592896
00013085.npy,0,1,"[-0.21996939182281494, 0.005475744605064392]","[0.4438762366771698, 0.5561237931251526]",0.5561237931251526
00013086.npy,1,1,"[-0.22247067093849182, 0.18281584978103638]","[0.40004289150238037, 0.5999571681022644]",0.5999571681022644
00013087.npy,0,1,"[0.03198414295911789, 0.5434768199920654]","[0.37484368681907654, 0.6251562833786011]",0.6251562833786011
00013088.npy,1,1,"[0.04851335287094116, 0.37156838178634644]","[0.41993141174316406, 0.5800686478614807]",0.5800686478614807
00013089.npy,1,1,"[-0.07033246010541916, 0.37556618452072144]","[0.3903363347053528, 0.6096636056900024]",0.6096636056900024
00013090.npy,1,1,"[-0.05450045317411423, 0.25380468368530273]","[0.4235284626483917, 0.5764715075492859]",0.5764715075492859
00013091.npy,1,1,"[-0.041092779487371445, 0.28709813952445984]","[0.418680876493454, 0.5813190937042236]",0.5813190937042236
00013092.npy,1,1,"[-0.21896427869796753, 0.16617634892463684]","[0.4048876464366913, 0.5951123833656311]",0.5951123833656311
00013093.npy,1,1,"[0.04717785865068436, 0.404852032661438]","[0.41152268648147583, 0.5884773135185242]",0.5884773135185242
00013094.npy,1,1,"[0.16151267290115356, 0.4378184378147125]","[0.4313596785068512, 0.5686402916908264]",0.5686402916908264
00013095.npy,1,1,"[-0.021954821422696114, 0.0869433805346489]","[0.4728023409843445, 0.5271976590156555]",0.5271976590156555
00013096.npy,0,1,"[-0.1698717623949051, 0.005297727882862091]","[0.45631927251815796, 0.543680727481842]",0.543680727481842
00013097.npy,1,1,"[0.07838287204504013, 0.3075508177280426]","[0.44295743107795715, 0.5570425391197205]",0.5570425391197205
00013098.npy,1,1,"[-0.1314758062362671, 0.26908639073371887]","[0.4011772871017456, 0.5988227128982544]",0.5988227128982544
00013099.npy,1,1,"[-0.03814326971769333, 0.2209624946117401]","[0.43558353185653687, 0.5644164681434631]",0.5644164681434631
00013100.npy,1,1,"[-0.12581056356430054, 0.12788856029510498]","[0.43691325187683105, 0.5630868077278137]",0.5630868077278137
00013101.npy,0,1,"[-0.23582521080970764, 0.17153778672218323]","[0.3995445668697357, 0.6004554033279419]",0.6004554033279419
00013102.npy,1,1,"[0.17225924134254456, 0.4445665180683136]","[0.43234074115753174, 0.5676591992378235]",0.5676591992378235
00013103.npy,1,1,"[0.17062681913375854, 0.3498106002807617]","[0.4553234875202179, 0.5446764826774597]",0.5446764826774597
00013104.npy,1,1,"[-0.03394337743520737, 0.18617907166481018]","[0.44519051909446716, 0.5548094511032104]",0.5548094511032104
00013105.npy,1,1,"[-0.19037538766860962, 0.16049987077713013]","[0.4131702184677124, 0.5868298411369324]",0.5868298411369324
00013106.npy,1,1,"[0.05674920976161957, 0.27261629700660706]","[0.4462418258190155, 0.5537582039833069]",0.5537582039833069
00013107.npy,1,1,"[-0.15823443233966827, 0.2004815638065338]","[0.4112704396247864, 0.5887296199798584]",0.5887296199798584
00013108.npy,1,1,"[-0.3521203100681305, -0.14013364911079407]","[0.4472009241580963, 0.5527991056442261]",0.5527991056442261
00013109.npy,0,1,"[-0.17248979210853577, 0.3083215355873108]","[0.38206052780151367, 0.6179394125938416]",0.6179394125938416
00013110.npy,1,1,"[0.07985863834619522, 0.29376089572906494]","[0.4467273950576782, 0.5532726049423218]",0.5532726049423218
00013111.npy,1,1,"[-0.11649465560913086, 0.17579898238182068]","[0.42744243144989014, 0.5725575089454651]",0.5725575089454651
00013112.npy,1,1,"[0.13851338624954224, 0.3131277561187744]","[0.4564569890499115, 0.5435430407524109]",0.5435430407524109
00013113.npy,0,1,"[-0.09436121582984924, 0.2476102113723755]","[0.4153306782245636, 0.5846693515777588]",0.5846693515777588
00013114.npy,0,1,"[0.03917975723743439, 0.1771673560142517]","[0.4655577540397644, 0.5344422459602356]",0.5344422459602356
00013115.npy,1,1,"[-0.21489766240119934, 0.07104887813329697]","[0.4289965331554413, 0.5710034966468811]",0.5710034966468811
00013116.npy,1,1,"[-0.06456393003463745, 0.3327004313468933]","[0.4019697904586792, 0.5980302095413208]",0.5980302095413208
00013117.npy,1,1,"[-0.19180822372436523, 0.12495265156030655]","[0.42146536707878113, 0.5785346627235413]",0.5785346627235413
00013118.npy,1,1,"[-0.08982686698436737, 0.19240432977676392]","[0.42990684509277344, 0.5700931549072266]",0.5700931549072266
00013119.npy,1,1,"[0.1993265450000763, 0.38054871559143066]","[0.4548180401325226, 0.5451819896697998]",0.5451819896697998
00013120.npy,1,1,"[-0.05424494668841362, 0.0866319015622139]","[0.4648389220237732, 0.5351610779762268]",0.5351610779762268
00013121.npy,1,1,"[-0.18891486525535583, 0.13616439700126648]","[0.4194384217262268, 0.580561637878418]",0.580561637878418
00013122.npy,1,1,"[-0.11348987370729446, 0.22787237167358398]","[0.4154786467552185, 0.5845214128494263]",0.5845214128494263
00013123.npy,1,1,"[-0.06961603462696075, 0.17353573441505432]","[0.4395098090171814, 0.5604901909828186]",0.5604901909828186
00013124.npy,1,1,"[-0.2072048783302307, 0.24360600113868713]","[0.38916799426078796, 0.6108319759368896]",0.6108319759368896
00013125.npy,1,1,"[-0.056534186005592346, 0.2959374785423279]","[0.4127831757068634, 0.5872167944908142]",0.5872167944908142
00013126.npy,1,1,"[-0.04135572910308838, 0.21012356877326965]","[0.43745940923690796, 0.5625405311584473]",0.5625405311584473
00013127.npy,1,1,"[-0.29561424255371094, 0.3725968301296234]","[0.3388975262641907, 0.6611024737358093]",0.6611024737358093
00013128.npy,1,1,"[-0.09187216311693192, 0.26521381735801697]","[0.4116651713848114, 0.588334858417511]",0.588334858417511
00013129.npy,1,1,"[-0.04745607078075409, 0.4345150887966156]","[0.3817867636680603, 0.6182132363319397]",0.6182132363319397
00013130.npy,1,1,"[-0.09642845392227173, 0.11705572158098221]","[0.44683071970939636, 0.5531692504882812]",0.5531692504882812
00013131.npy,1,1,"[0.1189654991030693, 0.2740428149700165]","[0.46130818128585815, 0.5386918187141418]",0.5386918187141418
00013132.npy,1,1,"[-0.08526541292667389, 0.04275214672088623]","[0.46803924441337585, 0.5319607257843018]",0.5319607257843018
00013133.npy,1,1,"[-0.03625165671110153, 0.5154341459274292]","[0.3654733896255493, 0.6345266103744507]",0.6345266103744507
00013134.npy,1,1,"[0.04177962243556976, 0.39586398005485535]","[0.4123923182487488, 0.5876076221466064]",0.5876076221466064
00013135.npy,1,1,"[-0.3210441768169403, 0.05695589631795883]","[0.40660932660102844, 0.5933906435966492]",0.5933906435966492
00013136.npy,1,1,"[-0.1620160937309265, 0.5286279320716858]","[0.33388981223106384, 0.6661101579666138]",0.6661101579666138
00013137.npy,1,1,"[-0.037622224539518356, 0.3589226007461548]","[0.40214279294013977, 0.5978572368621826]",0.5978572368621826
00013138.npy,1,1,"[0.1689196527004242, 0.4062989354133606]","[0.4409323036670685, 0.5590677261352539]",0.5590677261352539
00013139.npy,1,1,"[0.044661156833171844, 0.3206631541252136]","[0.4314342439174652, 0.5685657858848572]",0.5685657858848572
00013140.npy,1,1,"[-0.1186416745185852, 0.1430283486843109]","[0.4349532425403595, 0.5650467872619629]",0.5650467872619629
00013141.npy,1,1,"[0.08036059886217117, 0.30522510409355164]","[0.4440195560455322, 0.555980384349823]",0.555980384349823
00013142.npy,1,1,"[-0.4648168683052063, 0.18881314992904663]","[0.34217196702957153, 0.6578279733657837]",0.6578279733657837
00013143.npy,1,1,"[-0.239969402551651, 0.08950548619031906]","[0.418368399143219, 0.5816315412521362]",0.5816315412521362
00013144.npy,1,1,"[0.004615213721990585, 0.2539744973182678]","[0.4379812180995941, 0.5620187520980835]",0.5620187520980835
00013145.npy,1,1,"[-0.08053518086671829, 0.4732026159763336]","[0.36499765515327454, 0.6350023150444031]",0.6350023150444031
00013146.npy,0,1,"[0.018011823296546936, 0.2527245879173279]","[0.44158971309661865, 0.5584102869033813]",0.5584102869033813
00013147.npy,0,1,"[-0.08438777923583984, 0.08692719787359238]","[0.4572756886482239, 0.5427243113517761]",0.5427243113517761
00013148.npy,1,1,"[0.19315823912620544, 0.2949810326099396]","[0.474566251039505, 0.5254337191581726]",0.5254337191581726
00013149.npy,1,1,"[-0.11045233905315399, 0.0862378403544426]","[0.4509853720664978, 0.5490146279335022]",0.5490146279335022
00013150.npy,1,1,"[-0.15653344988822937, 0.25172728300094604]","[0.3993292450904846, 0.6006708145141602]",0.6006708145141602
00013151.npy,1,1,"[-0.30264830589294434, 0.1407739818096161]","[0.390925794839859, 0.6090741753578186]",0.6090741753578186
00013152.npy,1,1,"[0.09043756872415543, 0.3446543216705322]","[0.43678590655326843, 0.563214123249054]",0.563214123249054
00013153.npy,1,1,"[0.06152567267417908, 0.2568919062614441]","[0.45131319761276245, 0.5486868023872375]",0.5486868023872375
00013154.npy,1,1,"[0.017609186470508575, 0.1849236786365509]","[0.4582687020301819, 0.5417312979698181]",0.5417312979698181
00013155.npy,1,1,"[-0.017634373158216476, 0.22481578588485718]","[0.43968266248703003, 0.56031733751297]",0.56031733751297
00013156.npy,0,1,"[-0.049697909504175186, 0.253506064414978]","[0.4247744381427765, 0.5752255320549011]",0.5752255320549011
00013157.npy,1,1,"[-0.10714802145957947, 0.32977211475372314]","[0.39247509837150574, 0.6075249314308167]",0.6075249314308167
00013158.npy,0,1,"[-0.11114750802516937, 0.32222679257392883]","[0.39332088828086853, 0.6066791415214539]",0.6066791415214539
00013159.npy,1,1,"[0.18768823146820068, 0.4702850878238678]","[0.42981722950935364, 0.570182740688324]",0.570182740688324
00013160.npy,1,1,"[-0.05538375675678253, 0.30451735854148865]","[0.41098347306251526, 0.5890164971351624]",0.5890164971351624
00013161.npy,0,1,"[-0.03358772397041321, 0.25809478759765625]","[0.427592009305954, 0.5724079608917236]",0.5724079608917236
00013162.npy,1,1,"[-0.0888635441660881, 0.3853692412376404]","[0.3836148679256439, 0.6163851022720337]",0.6163851022720337
00013163.npy,0,1,"[0.06903553754091263, 0.8413790464401245]","[0.31597235798835754, 0.6840276122093201]",0.6840276122093201
00013164.npy,0,1,"[-0.05433916673064232, 0.32271242141723633]","[0.40683823823928833, 0.5931618213653564]",0.5931618213653564
00013165.npy,1,1,"[-0.06957951188087463, 0.2514500319957733]","[0.42042484879493713, 0.5795751214027405]",0.5795751214027405
00013166.npy,1,1,"[-0.14197254180908203, 0.15749725699424744]","[0.4256870746612549, 0.5743129253387451]",0.5743129253387451
00013167.npy,1,1,"[-0.05525117367506027, 0.09456143528223038]","[0.4626167416572571, 0.5373832583427429]",0.5373832583427429
00013168.npy,1,1,"[-0.09000281989574432, 0.2271037995815277]","[0.42138105630874634, 0.5786189436912537]",0.5786189436912537
00013169.npy,1,1,"[-0.057268641889095306, 0.03136014938354492]","[0.4778572916984558, 0.5221427083015442]",0.5221427083015442
00013170.npy,1,1,"[-0.23002353310585022, 0.18081450462341309]","[0.3987111747264862, 0.6012887954711914]",0.6012887954711914
00013171.npy,1,1,"[0.13673615455627441, 0.3320963680744171]","[0.45131468772888184, 0.5486853122711182]",0.5486853122711182
00013172.npy,1,1,"[-0.16712413728237152, 0.12739267945289612]","[0.4268984794616699, 0.5731015801429749]",0.5731015801429749
00013173.npy,1,1,"[-0.16451075673103333, 0.11777447909116745]","[0.4298935830593109, 0.5701063871383667]",0.5701063871383667
00013174.npy,1,1,"[0.02970278263092041, 0.4306705594062805]","[0.40107983350753784, 0.5989201664924622]",0.5989201664924622
00013175.npy,1,1,"[0.03323449194431305, 0.28308600187301636]","[0.43786007165908813, 0.5621399283409119]",0.5621399283409119
00013176.npy,1,1,"[0.09966950863599777, 0.35279256105422974]","[0.43705496191978455, 0.5629450082778931]",0.5629450082778931
00013177.npy,1,1,"[-0.16724494099617004, 0.15590137243270874]","[0.41990914940834045, 0.5800908803939819]",0.5800908803939819
00013178.npy,1,1,"[0.09023427218198776, 0.4219648241996765]","[0.417819619178772, 0.582180380821228]",0.582180380821228
00013179.npy,0,1,"[-0.0787680447101593, 0.14057722687721252]","[0.4453825056552887, 0.5546175241470337]",0.5546175241470337
00013180.npy,1,1,"[0.017133206129074097, 0.38648316264152527]","[0.40869808197021484, 0.5913019180297852]",0.5913019180297852
00013181.npy,1,1,"[-0.057203467935323715, 0.262811541557312]","[0.42067208886146545, 0.5793279409408569]",0.5793279409408569
00013182.npy,1,1,"[0.025293461978435516, 0.20643416047096252]","[0.45483824610710144, 0.545161783695221]",0.545161783695221
00013183.npy,1,1,"[0.11108318716287613, 0.38677287101745605]","[0.4315108060836792, 0.5684891939163208]",0.5684891939163208
00013184.npy,1,1,"[-0.16360607743263245, 0.2304670512676239]","[0.40273720026016235, 0.5972628593444824]",0.5972628593444824
00013185.npy,1,1,"[-0.1737523376941681, 0.14922499656677246]","[0.41995033621788025, 0.5800496935844421]",0.5800496935844421
00013186.npy,0,1,"[-0.18121328949928284, 0.052064456045627594]","[0.44194361567497253, 0.5580564141273499]",0.5580564141273499
00013187.npy,1,1,"[-0.21862992644309998, 0.24967250227928162]","[0.38501811027526855, 0.6149818897247314]",0.6149818897247314
00013188.npy,1,1,"[-0.07858683913946152, 0.2863563597202301]","[0.40976351499557495, 0.5902365446090698]",0.5902365446090698
00013189.npy,1,1,"[0.10477461665868759, 0.29947003722190857]","[0.45147931575775146, 0.5485206842422485]",0.5485206842422485
00013190.npy,1,1,"[-0.06283056735992432, 0.4053574800491333]","[0.3850451707839966, 0.6149547696113586]",0.6149547696113586
00013191.npy,1,1,"[-0.17869701981544495, 0.05489325523376465]","[0.44186654686927795, 0.5581334829330444]",0.5581334829330444
00013192.npy,1,1,"[-0.15306201577186584, -0.046769846230745316]","[0.4734519422054291, 0.5265480875968933]",0.5265480875968933
00013193.npy,1,1,"[-0.2249245047569275, 0.23953348398208618]","[0.38592880964279175, 0.6140711903572083]",0.6140711903572083
00013194.npy,1,1,"[0.006636220961809158, 0.22772938013076782]","[0.44495078921318054, 0.5550492405891418]",0.5550492405891418
00013195.npy,1,1,"[0.03363615274429321, 0.16779717803001404]","[0.46650999784469604, 0.5334900617599487]",0.5334900617599487
00013196.npy,1,1,"[-0.18238228559494019, 0.15307950973510742]","[0.4169122874736786, 0.5830877423286438]",0.5830877423286438
00013197.npy,1,1,"[-0.13056759536266327, 0.2627541720867157]","[0.40291792154312134, 0.5970820784568787]",0.5970820784568787
00013198.npy,1,1,"[-0.1811041533946991, 0.03548792749643326]","[0.44606268405914307, 0.5539372563362122]",0.5539372563362122
00013199.npy,1,1,"[-0.11115854978561401, 0.2181796133518219]","[0.41840165853500366, 0.5815983414649963]",0.5815983414649963
00013200.npy,1,1,"[-0.038621194660663605, 0.2304961085319519]","[0.4331238269805908, 0.566876232624054]",0.566876232624054
00013201.npy,1,1,"[-0.34785547852516174, 0.24534204602241516]","[0.3559015095233917, 0.6440984606742859]",0.6440984606742859
00013202.npy,0,1,"[0.16460978984832764, 0.9577969312667847]","[0.31148475408554077, 0.6885152459144592]",0.6885152459144592
00013203.npy,1,1,"[-0.13978621363639832, -0.03829424828290939]","[0.47464874386787415, 0.5253512263298035]",0.5253512263298035
00013204.npy,0,1,"[-0.2579902708530426, 0.1475297212600708]","[0.3999868333339691, 0.6000131964683533]",0.6000131964683533
00013205.npy,1,1,"[0.06908118724822998, 0.463527113199234]","[0.4026474952697754, 0.5973525047302246]",0.5973525047302246
00013206.npy,1,1,"[-0.05722438544034958, 0.224503755569458]","[0.4300301671028137, 0.5699698328971863]",0.5699698328971863
00013207.npy,1,1,"[-0.21323096752166748, 0.05148382484912872]","[0.4342050850391388, 0.5657949447631836]",0.5657949447631836
00013208.npy,1,1,"[-0.04306097701191902, 0.3659922182559967]","[0.3991391658782959, 0.6008607745170593]",0.6008607745170593
00013209.npy,1,1,"[-0.1381678581237793, 0.18441718816757202]","[0.4200458824634552, 0.5799540877342224]",0.5799540877342224
00013210.npy,1,1,"[-0.14678506553173065, 0.2509136199951172]","[0.4018653631210327, 0.5981345772743225]",0.5981345772743225
00013211.npy,1,1,"[-0.10872983932495117, 0.19186261296272278]","[0.425412654876709, 0.574587345123291]",0.574587345123291
00013212.npy,1,1,"[-0.007140658795833588, 0.40910735726356506]","[0.3974149227142334, 0.6025850772857666]",0.6025850772857666
00013213.npy,1,1,"[-0.13114136457443237, 0.26935914158821106]","[0.4011920988559723, 0.5988079309463501]",0.5988079309463501
00013214.npy,1,1,"[0.08980564028024673, 0.39947405457496643]","[0.4231956899166107, 0.5768042802810669]",0.5768042802810669
00013215.npy,1,1,"[-0.3792703449726105, 0.08455603569746017]","[0.38607850670814514, 0.6139215230941772]",0.6139215230941772
00013216.npy,1,1,"[0.1311762034893036, 0.6197077631950378]","[0.3802395761013031, 0.6197604537010193]",0.6197604537010193
00013217.npy,1,1,"[-0.3497510850429535, 0.3031696677207947]","[0.3423316478729248, 0.6576682925224304]",0.6576682925224304
00013218.npy,1,1,"[0.04421716183423996, 0.3463103771209717]","[0.42504584789276123, 0.5749541521072388]",0.5749541521072388
00013219.npy,1,1,"[0.1551295816898346, 0.35014352202415466]","[0.45140042901039124, 0.5485995411872864]",0.5485995411872864
00013220.npy,1,1,"[-0.039156973361968994, 0.05818334221839905]","[0.47568410634994507, 0.5243158936500549]",0.5243158936500549
00013221.npy,1,1,"[-0.09863412380218506, 0.06568523496389389]","[0.45901235938072205, 0.5409876704216003]",0.5409876704216003
00013222.npy,0,1,"[-0.008812520653009415, 0.39509451389312744]","[0.40037399530410767, 0.5996260046958923]",0.5996260046958923
00013223.npy,1,1,"[0.3660831153392792, 0.6983477473258972]","[0.4176897406578064, 0.5823102593421936]",0.5823102593421936
00013224.npy,1,1,"[0.021071359515190125, 0.29244133830070496]","[0.43257081508636475, 0.56742924451828]",0.56742924451828
00013225.npy,1,1,"[0.11601101607084274, 0.14181390404701233]","[0.493549644947052, 0.506450355052948]",0.506450355052948
00013226.npy,1,1,"[-0.14432820677757263, 0.0998905673623085]","[0.4392469525337219, 0.5607530474662781]",0.5607530474662781
00013227.npy,0,1,"[-0.08516455441713333, 0.17756077647209167]","[0.4346939027309418, 0.5653061270713806]",0.5653061270713806
00013228.npy,1,1,"[-0.06417889147996902, 0.18990153074264526]","[0.4368194341659546, 0.5631805658340454]",0.5631805658340454
00013229.npy,1,1,"[0.11395981162786484, 0.6884793043136597]","[0.3601946234703064, 0.6398053169250488]",0.6398053169250488
00013230.npy,1,1,"[-0.33743566274642944, 0.3410959541797638]","[0.33658909797668457, 0.6634109020233154]",0.6634109020233154
00013231.npy,1,1,"[0.0002499707043170929, 0.06637505441904068]","[0.4834747612476349, 0.5165252685546875]",0.5165252685546875
00013232.npy,1,1,"[0.07337940484285355, 0.4759950339794159]","[0.40068405866622925, 0.599315881729126]",0.599315881729126
00013233.npy,1,1,"[-0.13390889763832092, 0.11701650172472]","[0.43759575486183167, 0.562404215335846]",0.562404215335846
00013234.npy,0,1,"[-0.21323832869529724, 0.40170177817344666]","[0.35093310475349426, 0.6490668654441833]",0.6490668654441833
00013235.npy,1,1,"[-0.19286665320396423, 0.1808035969734192]","[0.40765446424484253, 0.5923455357551575]",0.5923455357551575
00013236.npy,1,1,"[-0.24195587635040283, 0.10167206078767776]","[0.41492849588394165, 0.5850715041160583]",0.5850715041160583
00013237.npy,1,1,"[0.031519897282123566, 0.27291154861450195]","[0.43994343280792236, 0.5600565671920776]",0.5600565671920776
00013238.npy,1,1,"[0.052151426672935486, 0.29566264152526855]","[0.43942126631736755, 0.5605787634849548]",0.5605787634849548
00013239.npy,1,1,"[-0.2784563899040222, -0.08823498338460922]","[0.4525875449180603, 0.5474124550819397]",0.5474124550819397
00013240.npy,1,1,"[0.055021047592163086, 0.5530891418457031]","[0.3779947757720947, 0.62200528383255]",0.62200528383255
00013241.npy,1,1,"[-0.08691416680812836, 0.18285146355628967]","[0.43296465277671814, 0.5670353770256042]",0.5670353770256042
00013242.npy,1,1,"[0.03819051384925842, 0.22750988602638245]","[0.45281100273132324, 0.5471889972686768]",0.5471889972686768
00013243.npy,1,1,"[-0.10964632779359818, 0.21735456585884094]","[0.4189705550670624, 0.58102947473526]",0.58102947473526
00013244.npy,1,1,"[-0.08824410289525986, 0.2464316487312317]","[0.4171033799648285, 0.5828965902328491]",0.5828965902328491
00013245.npy,1,1,"[-0.08171512186527252, 0.17817100882530212]","[0.43539169430732727, 0.5646082758903503]",0.5646082758903503
00013246.npy,1,1,"[-0.009187571704387665, 0.25305211544036865]","[0.4348132014274597, 0.5651867389678955]",0.5651867389678955
00013247.npy,1,1,"[-0.06669199466705322, 0.29594165086746216]","[0.4103221893310547, 0.5896778106689453]",0.5896778106689453
00013248.npy,1,1,"[0.20363953709602356, 0.5544235706329346]","[0.4131923019886017, 0.5868076682090759]",0.5868076682090759
00013249.npy,1,1,"[-0.15068402886390686, 0.13437533378601074]","[0.42921382188796997, 0.57078617811203]",0.57078617811203
00013250.npy,0,1,"[-0.05461592599749565, 0.21590131521224976]","[0.43278011679649353, 0.5672198534011841]",0.5672198534011841
00013251.npy,0,1,"[-0.13789576292037964, 0.030542537569999695]","[0.45798972249031067, 0.5420103073120117]",0.5420103073120117
00013252.npy,1,1,"[-0.5344859957695007, -0.11476298421621323]","[0.39658305048942566, 0.603416919708252]",0.603416919708252
00013253.npy,1,1,"[0.11808495968580246, 0.5216242074966431]","[0.4004622995853424, 0.59953773021698]",0.59953773021698
00013254.npy,1,1,"[-0.12288504838943481, 0.10758908838033676]","[0.4426351487636566, 0.557364821434021]",0.557364821434021
00013255.npy,1,1,"[-0.09622079133987427, -0.07604029774665833]","[0.49495503306388855, 0.5050449371337891]",0.5050449371337891
00013256.npy,1,1,"[-0.027790112420916557, 0.21502581238746643]","[0.43959251046180725, 0.5604074597358704]",0.5604074597358704
00013257.npy,1,1,"[-0.10092820972204208, 0.2555578947067261]","[0.4118104577064514, 0.5881896018981934]",0.5881896018981934
00013258.npy,1,1,"[-0.17857632040977478, 0.34172868728637695]","[0.3727809190750122, 0.6272191405296326]",0.6272191405296326
00013259.npy,1,1,"[-0.12272275984287262, -0.014137286692857742]","[0.4728802740573883, 0.5271197557449341]",0.5271197557449341
00013260.npy,0,1,"[0.24719423055648804, 0.6817629337310791]","[0.393035888671875, 0.606964111328125]",0.606964111328125
00013261.npy,1,1,"[-0.3263471722602844, 0.10039850324392319]","[0.39490368962287903, 0.6050962805747986]",0.6050962805747986
00013262.npy,1,1,"[0.014812998473644257, 0.3865636885166168]","[0.4081180691719055, 0.5918819308280945]",0.5918819308280945
00013263.npy,1,1,"[-0.17928144335746765, 0.3183242678642273]","[0.3781035244464874, 0.621896505355835]",0.621896505355835
00013264.npy,1,1,"[0.1416463851928711, 0.4657551348209381]","[0.41967475414276123, 0.5803252458572388]",0.5803252458572388
00013265.npy,1,1,"[-1.039355993270874e-05, 0.23147165775299072]","[0.44238653779029846, 0.5576134920120239]",0.5576134920120239
00013266.npy,1,1,"[-0.0550408773124218, 0.21782130002975464]","[0.43220457434654236, 0.56779545545578]",0.56779545545578
00013267.npy,1,1,"[0.22831445932388306, 0.516053318977356]","[0.42855754494667053, 0.5714424848556519]",0.5714424848556519
00013268.npy,1,1,"[-0.08529791235923767, 0.2463090717792511]","[0.41784971952438354, 0.5821503400802612]",0.5821503400802612
00013269.npy,1,1,"[-0.11874020099639893, -0.05081484466791153]","[0.4830251634120941, 0.5169748067855835]",0.5169748067855835
00013270.npy,1,1,"[-0.0092245452105999, 0.2912523150444031]","[0.4254409074783325, 0.5745590925216675]",0.5745590925216675
00013271.npy,1,1,"[0.2558251917362213, 0.43333619832992554]","[0.4557384252548218, 0.5442615747451782]",0.5442615747451782
00013272.npy,1,1,"[-0.07477916032075882, 0.3010674715042114]","[0.4071290194988251, 0.5928710103034973]",0.5928710103034973
00013273.npy,0,1,"[-0.11858723312616348, 0.3201228380203247]","[0.3920483887195587, 0.6079516410827637]",0.6079516410827637
00013274.npy,1,1,"[-0.02927389368414879, 0.3723503351211548]","[0.40092217922210693, 0.5990778803825378]",0.5990778803825378
00013275.npy,1,1,"[-0.1877884566783905, 0.048216089606285095]","[0.44127121567726135, 0.558728814125061]",0.558728814125061
00013276.npy,1,1,"[-0.056350432336330414, 0.1634366810321808]","[0.44527333974838257, 0.5547266602516174]",0.5547266602516174
00013277.npy,1,1,"[-0.14060908555984497, 0.30389517545700073]","[0.39066821336746216, 0.6093317270278931]",0.6093317270278931
00013278.npy,1,1,"[0.058862730860710144, 0.36933547258377075]","[0.4229993522167206, 0.577000617980957]",0.577000617980957
00013279.npy,1,1,"[-0.06427589058876038, 0.03623659908771515]","[0.4748930037021637, 0.5251069664955139]",0.5251069664955139
00013280.npy,1,1,"[-0.0024814605712890625, 0.21526241302490234]","[0.44577810168266296, 0.5542219281196594]",0.5542219281196594
00013281.npy,1,1,"[-0.01330753043293953, 0.16653335094451904]","[0.45516055822372437, 0.5448393821716309]",0.5448393821716309
00013282.npy,1,1,"[-0.14214539527893066, 0.030687466263771057]","[0.4568990170955658, 0.5431010127067566]",0.5431010127067566
00013283.npy,0,1,"[-0.011036913841962814, 0.31033557653427124]","[0.4203413128852844, 0.5796586871147156]",0.5796586871147156
00013284.npy,1,1,"[-0.19264841079711914, 0.04135284572839737]","[0.4417651891708374, 0.5582348108291626]",0.5582348108291626
00013285.npy,1,1,"[-0.1277002990245819, 0.36009037494659424]","[0.3804141581058502, 0.6195858120918274]",0.6195858120918274
00013286.npy,1,1,"[0.011359095573425293, 0.28008055686950684]","[0.4332210123538971, 0.5667790174484253]",0.5667790174484253
00013287.npy,1,0,"[0.027937032282352448, 0.023141734302043915]","[0.5011988282203674, 0.49880120158195496]",0.49880120158195496
00013288.npy,0,1,"[-0.09449055045843124, 0.3049059212207794]","[0.4014573395252228, 0.5985426902770996]",0.5985426902770996
00013289.npy,1,1,"[0.09118034690618515, 0.429765522480011]","[0.4161531925201416, 0.5838468074798584]",0.5838468074798584
00013290.npy,1,1,"[0.005304805934429169, 0.2643052637577057]","[0.4356094300746918, 0.5643905401229858]",0.5643905401229858
00013291.npy,1,1,"[-0.3856043517589569, 0.19904357194900513]","[0.3578638434410095, 0.6421362161636353]",0.6421362161636353
00013292.npy,1,1,"[-0.18448007106781006, 0.0730382427573204]","[0.4359738528728485, 0.5640261173248291]",0.5640261173248291
00013293.npy,1,1,"[-0.1064663752913475, 0.23119744658470154]","[0.41637706756591797, 0.5836228728294373]",0.5836228728294373
00013294.npy,0,1,"[0.1541324257850647, 0.639242947101593]","[0.3810460865497589, 0.6189538836479187]",0.6189538836479187
00013295.npy,0,1,"[-0.08443989604711533, 0.18943440914154053]","[0.4319562017917633, 0.5680437684059143]",0.5680437684059143
00013296.npy,0,1,"[0.010719969868659973, 0.34293684363365173]","[0.4177013337612152, 0.5822986960411072]",0.5822986960411072
00013297.npy,1,1,"[-0.0007628761231899261, 0.17042392492294312]","[0.45730748772621155, 0.5426924824714661]",0.5426924824714661
00013298.npy,1,1,"[-0.12372120469808578, 0.3578733801841736]","[0.3818756639957428, 0.6181243062019348]",0.6181243062019348
00013299.npy,0,1,"[-0.04323728010058403, 0.11975624412298203]","[0.4593415856361389, 0.5406584143638611]",0.5406584143638611
00013300.npy,1,1,"[0.023074433207511902, 0.2879926562309265]","[0.43415510654449463, 0.5658449530601501]",0.5658449530601501
00013301.npy,0,1,"[-0.05130300298333168, 0.22170794010162354]","[0.43216806650161743, 0.5678319334983826]",0.5678319334983826
00013302.npy,0,1,"[-0.0518655888736248, 0.3719942569732666]","[0.3955934941768646, 0.604406476020813]",0.604406476020813
00013303.npy,0,1,"[0.1767849624156952, 0.8237087726593018]","[0.34368306398391724, 0.656316876411438]",0.656316876411438
00013304.npy,1,1,"[-0.19195717573165894, 0.08967744559049606]","[0.43005308508872986, 0.5699469447135925]",0.5699469447135925
00013305.npy,1,1,"[-0.2893778085708618, 0.14808687567710876]","[0.39234524965286255, 0.6076547503471375]",0.6076547503471375
00013306.npy,1,1,"[-0.2299259901046753, 0.23826691508293152]","[0.38504403829574585, 0.6149559617042542]",0.6149559617042542
00013307.npy,1,1,"[0.035290926694869995, 0.19121110439300537]","[0.46109873056411743, 0.5389012694358826]",0.5389012694358826
00013308.npy,1,1,"[0.15013572573661804, 0.3914085924625397]","[0.4399726986885071, 0.5600273013114929]",0.5600273013114929
00013309.npy,1,1,"[-0.14322122931480408, 0.21680748462677002]","[0.4109525978565216, 0.589047372341156]",0.589047372341156
00013310.npy,1,1,"[-0.08633115887641907, 0.3365788459777832]","[0.39582064747810364, 0.6041793823242188]",0.6041793823242188
00013311.npy,0,1,"[-0.16431736946105957, 0.20396551489830017]","[0.40895599126815796, 0.591044008731842]",0.591044008731842
00013312.npy,1,1,"[-0.21522995829582214, -0.07678856700658798]","[0.4654448330402374, 0.534555196762085]",0.534555196762085
00013313.npy,1,1,"[0.08100933581590652, 0.23951905965805054]","[0.4604553282260895, 0.5395446419715881]",0.5395446419715881
00013314.npy,0,1,"[0.058737218379974365, 0.35496604442596436]","[0.42647960782051086, 0.5735203623771667]",0.5735203623771667
00013315.npy,0,1,"[-0.16663184762001038, -0.010143354535102844]","[0.46095749735832214, 0.5390424728393555]",0.5390424728393555
00013316.npy,1,1,"[0.4188278913497925, 0.7151839137077332]","[0.4264485538005829, 0.5735514760017395]",0.5735514760017395
00013317.npy,1,1,"[0.14837059378623962, 0.5229061245918274]","[0.4074455499649048, 0.5925544500350952]",0.5925544500350952
00013318.npy,1,1,"[-0.1480550467967987, 0.13546255230903625]","[0.4295915961265564, 0.5704084038734436]",0.5704084038734436
00013319.npy,1,1,"[-0.03298882395029068, 0.19713613390922546]","[0.44272133708000183, 0.5572786927223206]",0.5572786927223206
00013320.npy,1,1,"[-0.05174938216805458, 0.48365721106529236]","[0.36925676465034485, 0.6307432651519775]",0.6307432651519775
00013321.npy,1,1,"[-0.07868097722530365, 0.208587646484375]","[0.4286726713180542, 0.5713273286819458]",0.5713273286819458
00013322.npy,1,1,"[0.035353176295757294, 0.2887662649154663]","[0.4369836151599884, 0.563016414642334]",0.563016414642334
00013323.npy,1,1,"[-0.31527963280677795, 0.1805650293827057]","[0.37851768732070923, 0.6214823126792908]",0.6214823126792908
00013324.npy,1,1,"[-0.16829082369804382, 0.17640188336372375]","[0.41467002034187317, 0.5853299498558044]",0.5853299498558044
00013325.npy,0,1,"[-0.06508839130401611, 0.2700410783290863]","[0.41699308156967163, 0.5830069184303284]",0.5830069184303284
00013326.npy,0,1,"[-0.13621389865875244, 0.3647236227989197]","[0.37732037901878357, 0.6226796507835388]",0.6226796507835388
00013327.npy,1,1,"[0.03561829775571823, 0.2748824656009674]","[0.4404676854610443, 0.5595322847366333]",0.5595322847366333
00013328.npy,0,1,"[-0.298475980758667, 0.1432483196258545]","[0.39133018255233765, 0.6086698174476624]",0.6086698174476624
00013329.npy,1,1,"[-0.13842228055000305, 0.11971425265073776]","[0.4358218312263489, 0.5641781687736511]",0.5641781687736511
00013330.npy,1,1,"[0.053245119750499725, 0.5458245873451233]","[0.37928611040115356, 0.6207138895988464]",0.6207138895988464
00013331.npy,1,1,"[-0.182545006275177, 0.1532883644104004]","[0.4168219566345215, 0.5831780433654785]",0.5831780433654785
00013332.npy,1,1,"[-0.26710984110832214, 0.23044106364250183]","[0.3781163692474365, 0.6218836307525635]",0.6218836307525635
00013333.npy,1,1,"[-0.20304423570632935, 0.350676029920578]","[0.36500176787376404, 0.6349982619285583]",0.6349982619285583
00013334.npy,0,1,"[-0.10871674120426178, 0.14338082075119019]","[0.4373072683811188, 0.5626927018165588]",0.5626927018165588
00013335.npy,0,1,"[0.005833614617586136, 0.2957969605922699]","[0.4280128479003906, 0.5719871520996094]",0.5719871520996094
00013336.npy,1,1,"[-0.0405753068625927, 0.14162540435791016]","[0.45457538962364197, 0.5454245805740356]",0.5454245805740356
00013337.npy,1,1,"[-0.20207422971725464, -0.056194890290498734]","[0.4635947048664093, 0.5364052653312683]",0.5364052653312683
00013338.npy,1,1,"[0.04610447585582733, 0.4231817424297333]","[0.4068320393562317, 0.5931680202484131]",0.5931680202484131
00013339.npy,0,1,"[0.015550956130027771, 0.26915881037712097]","[0.436935693025589, 0.5630642771720886]",0.5630642771720886
00013340.npy,0,1,"[-0.134393572807312, 0.16473206877708435]","[0.4257712662220001, 0.5742287635803223]",0.5742287635803223
00013341.npy,1,1,"[-0.22901049256324768, -0.14610759913921356]","[0.4792861342430115, 0.5207138657569885]",0.5207138657569885
00013342.npy,1,1,"[-0.26180922985076904, 0.10084625333547592]","[0.4103168845176697, 0.5896831154823303]",0.5896831154823303
00013343.npy,1,1,"[-0.15354514122009277, 0.17360568046569824]","[0.41893404722213745, 0.5810659527778625]",0.5810659527778625
00013344.npy,1,1,"[-0.029042096808552742, 0.1508485972881317]","[0.45514824986457825, 0.5448517799377441]",0.5448517799377441
00013345.npy,1,1,"[0.1839810013771057, 0.3033726215362549]","[0.4701874852180481, 0.5298125147819519]",0.5298125147819519
00013346.npy,0,1,"[-0.07874917984008789, 0.23777151107788086]","[0.42152392864227295, 0.578476071357727]",0.578476071357727
00013347.npy,1,1,"[0.05919276177883148, 0.2670641541481018]","[0.4482184946537018, 0.5517815351486206]",0.5517815351486206
00013348.npy,0,1,"[-0.0693870261311531, 0.14498162269592285]","[0.4466121196746826, 0.5533878803253174]",0.5533878803253174
00013349.npy,0,1,"[-0.3074162006378174, 0.060979023575782776]","[0.40892884135246277, 0.5910711288452148]",0.5910711288452148
00013350.npy,1,1,"[0.06172636151313782, 0.21636360883712769]","[0.4614175260066986, 0.538582444190979]",0.538582444190979
00013351.npy,0,1,"[0.6505190134048462, 1.2723476886749268]","[0.3493656814098358, 0.6506343483924866]",0.6506343483924866
00013352.npy,1,1,"[-0.19780609011650085, 0.13549479842185974]","[0.41743767261505127, 0.582562267780304]",0.582562267780304
00013353.npy,1,1,"[-0.3919713795185089, 0.212407648563385]","[0.3533424437046051, 0.6466575264930725]",0.6466575264930725
00013354.npy,1,1,"[0.05363041162490845, 0.22996380925178528]","[0.45603054761886597, 0.5439695119857788]",0.5439695119857788
00013355.npy,1,1,"[-0.04299826920032501, 0.4150103032588959]","[0.38745835423469543, 0.6125416159629822]",0.6125416159629822
00013356.npy,1,1,"[-0.07907318323850632, 0.27929121255874634]","[0.41135555505752563, 0.5886444449424744]",0.5886444449424744
00013357.npy,0,1,"[-0.12400054931640625, 0.07842544466257095]","[0.449565589427948, 0.550434410572052]",0.550434410572052
00013358.npy,0,1,"[0.36708369851112366, 0.6002082824707031]","[0.44198140501976013, 0.5580186247825623]",0.5580186247825623
00013359.npy,0,1,"[0.003928951919078827, 0.5140184164047241]","[0.37517255544662476, 0.6248274445533752]",0.6248274445533752
00013360.npy,1,1,"[-0.0033415555953979492, 0.30373042821884155]","[0.4238296151161194, 0.5761704444885254]",0.5761704444885254
00013361.npy,1,1,"[-0.15482404828071594, 0.2523134648799896]","[0.39959871768951416, 0.6004013419151306]",0.6004013419151306
00013362.npy,1,1,"[0.018143430352211, 0.24886852502822876]","[0.4425732493400574, 0.5574267506599426]",0.5574267506599426
00013363.npy,1,1,"[-0.15548616647720337, 0.12379693239927292]","[0.43062955141067505, 0.569370448589325]",0.569370448589325
00013364.npy,1,1,"[-0.07314085960388184, 0.21185097098350525]","[0.4292304217815399, 0.5707696080207825]",0.5707696080207825
00013365.npy,1,1,"[-0.2650192379951477, -0.08513190597295761]","[0.4551490545272827, 0.5448509454727173]",0.5448509454727173
00013366.npy,1,1,"[0.06177405267953873, 0.19849982857704163]","[0.4658717215061188, 0.5341283082962036]",0.5341283082962036
00013367.npy,1,1,"[-0.033980563282966614, 0.05402866750955582]","[0.4780118763446808, 0.5219880938529968]",0.5219880938529968
00013368.npy,1,1,"[-0.17868053913116455, 0.048044390976428986]","[0.44356033205986023, 0.5564396381378174]",0.5564396381378174
00013369.npy,1,1,"[-0.04341791570186615, 0.21665722131729126]","[0.43534523248672485, 0.5646547675132751]",0.5646547675132751
00013370.npy,1,1,"[-0.1378391683101654, 0.031455010175704956]","[0.4577772319316864, 0.5422227382659912]",0.5422227382659912
00013371.npy,1,1,"[-0.362720251083374, -0.02180558815598488]","[0.41558730602264404, 0.584412693977356]",0.584412693977356
00013372.npy,0,1,"[-0.15498201549053192, 0.25566792488098145]","[0.3987562954425812, 0.6012436747550964]",0.6012436747550964
00013373.npy,1,1,"[-0.18883970379829407, 0.14221209287643433]","[0.4179847538471222, 0.5820152759552002]",0.5820152759552002
00013374.npy,1,1,"[-0.12126985192298889, 0.2807413637638092]","[0.4008291959762573, 0.5991708040237427]",0.5991708040237427
00013375.npy,1,1,"[0.15339207649230957, 0.5204386115074158]","[0.40925487875938416, 0.5907451510429382]",0.5907451510429382
00013376.npy,1,1,"[-0.10535384714603424, 0.02122846245765686]","[0.4683966040611267, 0.5316033959388733]",0.5316033959388733
00013377.npy,1,1,"[0.1181531623005867, 0.3381366729736328]","[0.4452248513698578, 0.5547751188278198]",0.5547751188278198
00013378.npy,0,1,"[-0.3863576352596283, 0.16411834955215454]","[0.36575400829315186, 0.6342459917068481]",0.6342459917068481
00013379.npy,1,1,"[0.04245694726705551, 0.357748806476593]","[0.4218236207962036, 0.5781764388084412]",0.5781764388084412
00013380.npy,0,1,"[0.08799105137586594, 0.2853400707244873]","[0.45082226395606995, 0.5491777658462524]",0.5491777658462524
00013381.npy,1,1,"[-0.26057466864585876, -0.08637432754039764]","[0.4565597176551819, 0.5434402823448181]",0.5434402823448181
00013382.npy,1,1,"[-0.15045276284217834, 0.1587168574333191]","[0.42331743240356445, 0.5766825675964355]",0.5766825675964355
00013383.npy,0,1,"[-0.08199837803840637, -0.025269053876399994]","[0.4858214855194092, 0.5141785144805908]",0.5141785144805908
00013384.npy,1,1,"[-0.10905461758375168, 0.23329323530197144]","[0.41523927450180054, 0.5847607254981995]",0.5847607254981995
00013385.npy,0,1,"[-0.526747465133667, -0.19365742802619934]","[0.4174889624118805, 0.5825110077857971]",0.5825110077857971
00013386.npy,0,1,"[0.10926754027605057, 0.42817798256874084]","[0.4209413230419159, 0.5790587067604065]",0.5790587067604065
00013387.npy,1,1,"[-0.16433274745941162, 0.2161942422389984]","[0.4059998095035553, 0.5940002202987671]",0.5940002202987671
00013388.npy,0,1,"[-0.2523421049118042, 0.023325011134147644]","[0.4315163493156433, 0.5684836506843567]",0.5684836506843567
00013389.npy,1,1,"[-0.1283712089061737, 0.17109954357147217]","[0.42568686604499817, 0.5743131041526794]",0.5743131041526794
00013390.npy,1,1,"[-0.06180562078952789, 0.21246543526649475]","[0.4318588674068451, 0.5681411027908325]",0.5681411027908325
00013391.npy,1,1,"[-0.07751163840293884, 0.2537709176540375]","[0.4179286062717438, 0.5820713639259338]",0.5820713639259338
00013392.npy,0,1,"[0.010027453303337097, 0.2714293897151947]","[0.4350191056728363, 0.5649808645248413]",0.5649808645248413
00013393.npy,0,1,"[0.0032315626740455627, 0.16401243209838867]","[0.4598911702632904, 0.540108859539032]",0.540108859539032
00013394.npy,1,1,"[-0.00899004191160202, 0.3243466019630432]","[0.41742900013923645, 0.5825710296630859]",0.5825710296630859
00013395.npy,0,1,"[-0.05039708688855171, 0.3826982080936432]","[0.39338743686676025, 0.6066125631332397]",0.6066125631332397
00013396.npy,1,1,"[-0.10800834000110626, 0.032202109694480896]","[0.46500471234321594, 0.5349953174591064]",0.5349953174591064
00013397.npy,1,1,"[-0.09877578169107437, 0.05894076079130173]","[0.4606523811817169, 0.5393475890159607]",0.5393475890159607
00013398.npy,0,1,"[0.12998130917549133, 0.22265586256980896]","[0.47684791684150696, 0.5231520533561707]",0.5231520533561707
00013399.npy,0,1,"[-0.04769458621740341, 0.1488916575908661]","[0.4510110914707184, 0.5489888787269592]",0.5489888787269592
00013400.npy,1,1,"[-0.14756636321544647, 0.19744840264320374]","[0.41459184885025024, 0.5854081511497498]",0.5854081511497498
00013401.npy,1,1,"[-0.3075878918170929, 0.11008653789758682]","[0.397073358297348, 0.6029266119003296]",0.6029266119003296
00013402.npy,1,1,"[-0.19727328419685364, 0.27761271595954895]","[0.38346046209335327, 0.6165395975112915]",0.6165395975112915
00013403.npy,1,1,"[0.3283675014972687, 0.7689376473426819]","[0.39160510897636414, 0.6083948612213135]",0.6083948612213135
00013404.npy,1,1,"[-0.020213084295392036, 0.2997741401195526]","[0.42067885398864746, 0.5793211460113525]",0.5793211460113525
00013405.npy,1,1,"[0.09449004381895065, 0.4824555814266205]","[0.40420714020729065, 0.595792829990387]",0.595792829990387
00013406.npy,0,1,"[0.10761717706918716, 0.5309032201766968]","[0.3957306742668152, 0.6042693257331848]",0.6042693257331848
00013407.npy,0,1,"[0.07004397362470627, 0.36439958214759827]","[0.42693790793418884, 0.5730621218681335]",0.5730621218681335
00013408.npy,1,1,"[-0.11903151869773865, -0.028782032430171967]","[0.47745293378829956, 0.5225470662117004]",0.5225470662117004
00013409.npy,1,1,"[-0.053019825369119644, 0.34917914867401123]","[0.40078413486480713, 0.5992158651351929]",0.5992158651351929
00013410.npy,1,1,"[0.04334282875061035, 0.3680417537689209]","[0.4195310175418854, 0.5804689526557922]",0.5804689526557922
00013411.npy,1,1,"[-0.11699069291353226, 0.23492389917373657]","[0.41291821002960205, 0.5870817303657532]",0.5870817303657532
00013412.npy,0,1,"[-0.0658956989645958, 0.13617166876792908]","[0.44965434074401855, 0.5503456592559814]",0.5503456592559814
00013413.npy,1,1,"[0.07927975803613663, 0.3355107307434082]","[0.4362904131412506, 0.563709557056427]",0.563709557056427
00013414.npy,1,1,"[-0.24339145421981812, 0.29288846254348755]","[0.3690533936023712, 0.6309465765953064]",0.6309465765953064
00013415.npy,1,1,"[-0.31100040674209595, 0.06446821987628937]","[0.4072202742099762, 0.5927797555923462]",0.5927797555923462
00013416.npy,1,1,"[-0.020473908632993698, 0.20614638924598694]","[0.44358617067337036, 0.5564138293266296]",0.5564138293266296
00013417.npy,1,1,"[-0.3266449272632599, -0.010135699063539505]","[0.4215267300605774, 0.5784733295440674]",0.5784733295440674
00013418.npy,1,1,"[-0.12912577390670776, 0.14277997612953186]","[0.43243929743766785, 0.5675607323646545]",0.5675607323646545
00013419.npy,1,1,"[-0.032742056995630264, 0.0934690609574318]","[0.46848902106285095, 0.5315109491348267]",0.5315109491348267
00013420.npy,1,1,"[0.0007082335650920868, 0.16560661792755127]","[0.4588685631752014, 0.5411314368247986]",0.5411314368247986
00013421.npy,1,1,"[-0.0746765285730362, 0.09088923782110214]","[0.45870286226272583, 0.5412971377372742]",0.5412971377372742
00013422.npy,1,1,"[-0.14147941768169403, 0.2412165403366089]","[0.40547680854797363, 0.5945231914520264]",0.5945231914520264
00013423.npy,1,1,"[-0.15521898865699768, 0.26359111070632935]","[0.39680153131484985, 0.6031985282897949]",0.6031985282897949
00013424.npy,0,1,"[0.0964970663189888, 0.19979053735733032]","[0.4741995632648468, 0.5258004069328308]",0.5258004069328308
00013425.npy,1,1,"[-0.18794956803321838, 0.3340551257133484]","[0.37238359451293945, 0.6276164054870605]",0.6276164054870605
00013426.npy,1,1,"[0.04630914330482483, 0.30071893334388733]","[0.43673840165138245, 0.5632616281509399]",0.5632616281509399
00013427.npy,1,1,"[-0.27463775873184204, 0.18784275650978088]","[0.3863975405693054, 0.6136024594306946]",0.6136024594306946
00013428.npy,0,1,"[-0.22890332341194153, 0.08465813845396042]","[0.42224565148353577, 0.5777543187141418]",0.5777543187141418
00013429.npy,1,1,"[-0.012190282344818115, 0.23180285096168518]","[0.4393025040626526, 0.5606974363327026]",0.5606974363327026
00013430.npy,1,1,"[-0.09890659153461456, 0.12196353822946548]","[0.445005863904953, 0.5549941062927246]",0.5549941062927246
00013431.npy,1,1,"[0.043088316917419434, 0.31934091448783875]","[0.4313727617263794, 0.5686272978782654]",0.5686272978782654
00013432.npy,1,1,"[-0.1169305294752121, 0.33206096291542053]","[0.38960060477256775, 0.6103994250297546]",0.6103994250297546
00013433.npy,1,1,"[-0.07847410440444946, 0.1168697252869606]","[0.45131877064704895, 0.5486812591552734]",0.5486812591552734
00013434.npy,1,1,"[-0.11738404631614685, 0.11681295186281204]","[0.44171690940856934, 0.5582830905914307]",0.5582830905914307
00013435.npy,1,1,"[-0.23287338018417358, 0.12943193316459656]","[0.4104016423225403, 0.5895984172821045]",0.5895984172821045
00013436.npy,0,1,"[-0.12132944911718369, -0.08716200292110443]","[0.4914589822292328, 0.5085410475730896]",0.5085410475730896
00013437.npy,0,1,"[0.013599425554275513, 0.2938877046108246]","[0.4303830862045288, 0.5696169137954712]",0.5696169137954712
00013438.npy,0,1,"[-0.1045205146074295, 0.03440171480178833]","[0.4653252065181732, 0.5346747636795044]",0.5346747636795044
00013439.npy,1,1,"[-0.1381232589483261, 0.10771959275007248]","[0.43884697556495667, 0.561152994632721]",0.561152994632721
00013440.npy,1,1,"[-0.12822915613651276, 0.019902430474758148]","[0.4630346894264221, 0.5369653701782227]",0.5369653701782227
00013441.npy,0,1,"[0.07849832624197006, 0.6496010422706604]","[0.36098241806030273, 0.639017641544342]",0.639017641544342
00013442.npy,1,1,"[-0.05086573213338852, 0.2689860165119171]","[0.420711874961853, 0.579288125038147]",0.579288125038147
00013443.npy,1,1,"[0.01680263876914978, 0.28494951128959656]","[0.43336209654808044, 0.5666378736495972]",0.5666378736495972
00013444.npy,0,1,"[-0.11420925706624985, 0.20149075984954834]","[0.4217240512371063, 0.5782759785652161]",0.5782759785652161
00013445.npy,1,1,"[-0.09862200915813446, 0.27652785181999207]","[0.4072972536087036, 0.5927028059959412]",0.5927028059959412
00013446.npy,1,1,"[-0.2381790280342102, -0.05011912062764168]","[0.4531231224536896, 0.5468769073486328]",0.5468769073486328
00013447.npy,1,1,"[-0.07185451686382294, 0.3067180812358856]","[0.4064711928367615, 0.5935287475585938]",0.5935287475585938
00013448.npy,1,1,"[-0.046660903841257095, 0.5306882858276367]","[0.3595427870750427, 0.640457272529602]",0.640457272529602
00013449.npy,0,1,"[-0.07543241232633591, 0.17152780294418335]","[0.4385718107223511, 0.5614281296730042]",0.5614281296730042
00013450.npy,1,1,"[-0.13122257590293884, 0.19516843557357788]","[0.4191189706325531, 0.5808809995651245]",0.5808809995651245
00013451.npy,0,1,"[-0.09891018271446228, 0.7059956192970276]","[0.3089771270751953, 0.6910228729248047]",0.6910228729248047
00013452.npy,0,1,"[-0.18488609790802002, 0.015590652823448181]","[0.45004796981811523, 0.54995197057724]",0.54995197057724
00013453.npy,0,1,"[-0.13600386679172516, 0.21208244562149048]","[0.41384658217430115, 0.5861533880233765]",0.5861533880233765
00013454.npy,0,1,"[-0.07089124619960785, 0.3827959895133972]","[0.3884844481945038, 0.6115155816078186]",0.6115155816078186
00013455.npy,1,1,"[0.027680709958076477, 0.313512921333313]","[0.42902451753616333, 0.5709754824638367]",0.5709754824638367
00013456.npy,0,1,"[-0.13812628388404846, 0.021445199847221375]","[0.460191547870636, 0.539808452129364]",0.539808452129364
00013457.npy,0,1,"[-0.11650634557008743, 0.07684943825006485]","[0.4518111050128937, 0.5481889247894287]",0.5481889247894287
00013458.npy,0,1,"[-0.3288404643535614, 0.07207920402288437]","[0.40109139680862427, 0.5989086031913757]",0.5989086031913757
00013459.npy,1,1,"[-0.0397944450378418, 0.29176458716392517]","[0.41786134243011475, 0.5821386575698853]",0.5821386575698853
00013460.npy,1,1,"[-0.37256118655204773, 0.1942571997642517]","[0.36197128891944885, 0.6380286812782288]",0.6380286812782288
00013461.npy,0,1,"[-0.011527955532073975, 0.20009136199951172]","[0.4472917318344116, 0.5527082681655884]",0.5527082681655884
00013462.npy,0,1,"[0.13096296787261963, 0.47060438990592957]","[0.41589656472206116, 0.5841034054756165]",0.5841034054756165
00013463.npy,1,1,"[0.03752893954515457, 0.5384877324104309]","[0.37731537222862244, 0.6226845979690552]",0.6226845979690552
00013464.npy,1,1,"[-0.026944955810904503, 0.21416091918945312]","[0.4400138556957245, 0.5599861145019531]",0.5599861145019531
00013465.npy,0,1,"[-0.2085133194923401, 0.5403457283973694]","[0.32106995582580566, 0.6789299845695496]",0.6789299845695496
00013466.npy,0,1,"[-0.21539506316184998, 0.21387866139411926]","[0.39429980516433716, 0.6057002544403076]",0.6057002544403076
00013467.npy,1,1,"[0.040674179792404175, 0.24345612525939941]","[0.44947749376296997, 0.55052250623703]",0.55052250623703
00013468.npy,1,1,"[0.17672669887542725, 0.5814487338066101]","[0.40017837285995483, 0.5998216867446899]",0.5998216867446899
00013469.npy,1,1,"[-0.08033217489719391, 0.1259532868862152]","[0.44861072301864624, 0.5513892769813538]",0.5513892769813538
00013470.npy,0,1,"[0.06552951782941818, 0.31842318177223206]","[0.43711137771606445, 0.5628885626792908]",0.5628885626792908
00013471.npy,1,1,"[-0.2707810699939728, 0.16901886463165283]","[0.39178866147994995, 0.60821133852005]",0.60821133852005
00013472.npy,1,1,"[-0.10588370263576508, 0.352311909198761]","[0.38741394877433777, 0.6125860214233398]",0.6125860214233398
00013473.npy,1,1,"[-0.0010062232613563538, 0.16727399826049805]","[0.4580289423465729, 0.5419710874557495]",0.5419710874557495
00013474.npy,0,1,"[-0.027589034289121628, 0.26469913125038147]","[0.4274437725543976, 0.57255619764328]",0.57255619764328
00013475.npy,1,1,"[-0.15179705619812012, 0.15149939060211182]","[0.4247518479824066, 0.5752481818199158]",0.5752481818199158
00013476.npy,0,1,"[0.027462899684906006, 0.1658649742603302]","[0.465454638004303, 0.534545361995697]",0.534545361995697
00013477.npy,1,1,"[-0.10602335631847382, 0.2509322762489319]","[0.4116967022418976, 0.58830326795578]",0.58830326795578
00013478.npy,0,1,"[0.16067835688591003, 0.3904062807559967]","[0.4428192973136902, 0.5571807026863098]",0.5571807026863098
00013479.npy,0,1,"[-0.170430988073349, 0.17258968949317932]","[0.4150759279727936, 0.5849241018295288]",0.5849241018295288
00013480.npy,1,1,"[-0.2648962438106537, -0.04775475710630417]","[0.4459269344806671, 0.5540730953216553]",0.5540730953216553
00013481.npy,1,1,"[-0.04005926102399826, 0.22324591875076294]","[0.4345514178276062, 0.5654485821723938]",0.5654485821723938
00013482.npy,0,1,"[-0.0005837045609951019, 0.11934687942266464]","[0.4700532555580139, 0.5299467444419861]",0.5299467444419861
00013483.npy,1,1,"[-0.12677738070487976, 0.3116965889930725]","[0.3921046555042267, 0.6078953146934509]",0.6078953146934509
00013484.npy,1,1,"[-0.15432573854923248, 0.3109496533870697]","[0.38573509454727173, 0.6142649054527283]",0.6142649054527283
00013485.npy,1,1,"[-0.15834397077560425, 0.09365374594926834]","[0.437331885099411, 0.5626681447029114]",0.5626681447029114
00013486.npy,1,1,"[0.10818987339735031, 0.5937886834144592]","[0.38093093037605286, 0.6190690994262695]",0.6190690994262695
00013487.npy,0,1,"[-0.05458572134375572, 0.3655220568180084]","[0.3964909613132477, 0.6035090684890747]",0.6035090684890747
00013488.npy,1,1,"[-0.09813942015171051, 0.14091914892196655]","[0.4405183792114258, 0.5594816207885742]",0.5594816207885742
00013489.npy,1,1,"[-0.24772724509239197, 0.005553402006626129]","[0.43701618909835815, 0.5629838109016418]",0.5629838109016418
00013490.npy,1,1,"[-0.15904763340950012, 0.07472219318151474]","[0.44182226061820984, 0.5581777691841125]",0.5581777691841125
00013491.npy,1,1,"[-0.038385167717933655, 0.4610828459262848]","[0.3776656985282898, 0.6223343014717102]",0.6223343014717102
00013492.npy,1,1,"[-0.003715474158525467, 0.3767813444137573]","[0.4060070812702179, 0.5939929485321045]",0.5939929485321045
00013493.npy,1,1,"[-0.1711828112602234, 0.03056420385837555]","[0.4497336149215698, 0.5502663850784302]",0.5502663850784302
00013494.npy,1,1,"[-0.48998528718948364, -0.1321418583393097]","[0.41148170828819275, 0.5885183215141296]",0.5885183215141296
00013495.npy,1,1,"[-0.018463358283042908, 0.48257800936698914]","[0.37729597091674805, 0.622704029083252]",0.622704029083252
00013496.npy,1,1,"[-0.00043231621384620667, 0.23713797330856323]","[0.44088518619537354, 0.5591147541999817]",0.5591147541999817
00013497.npy,1,0,"[0.028371669352054596, 0.008984662592411041]","[0.5048466324806213, 0.49515339732170105]",0.49515339732170105
00013498.npy,1,1,"[-0.2955050766468048, 0.015968360006809235]","[0.4227551519870758, 0.5772448778152466]",0.5772448778152466
00013499.npy,1,1,"[-0.21730828285217285, 0.26247912645339966]","[0.38230234384536743, 0.6176976561546326]",0.6176976561546326
00013500.npy,1,1,"[0.05323991924524307, 0.426961213350296]","[0.407642126083374, 0.5923578143119812]",0.5923578143119812
00013501.npy,1,1,"[-0.07535916566848755, 0.1510707139968872]","[0.44363316893577576, 0.5563668608665466]",0.5563668608665466
00013502.npy,0,1,"[-0.1666707694530487, 0.28491708636283875]","[0.3889833390712738, 0.6110166907310486]",0.6110166907310486
00013503.npy,1,1,"[-0.14285674691200256, 0.002935260534286499]","[0.46361643075942993, 0.5363835692405701]",0.5363835692405701
00013504.npy,1,1,"[-0.17959734797477722, 0.004586242139339447]","[0.4540838301181793, 0.5459161996841431]",0.5459161996841431
00013505.npy,0,1,"[-0.31803321838378906, 0.08546007424592972]","[0.40047332644462585, 0.5995266437530518]",0.5995266437530518
00013506.npy,1,1,"[0.1464988887310028, 0.35169675946235657]","[0.44887977838516235, 0.5511202812194824]",0.5511202812194824
00013507.npy,1,1,"[0.1360395848751068, 0.5745704770088196]","[0.3920910954475403, 0.6079089045524597]",0.6079089045524597
00013508.npy,1,1,"[-0.08201564103364944, 0.33277902007102966]","[0.3977630138397217, 0.6022369861602783]",0.6022369861602783
00013509.npy,0,1,"[-0.06555530428886414, 0.23556476831436157]","[0.4252837002277374, 0.574716329574585]",0.574716329574585
00013510.npy,0,1,"[-0.08865293860435486, 0.3427773416042328]","[0.39378485083580017, 0.6062151789665222]",0.6062151789665222
00013511.npy,1,1,"[-0.191211998462677, 0.27878421545028687]","[0.3846171498298645, 0.6153828501701355]",0.6153828501701355
00013512.npy,1,1,"[0.06276579946279526, 0.207504540681839]","[0.4638783633708954, 0.536121666431427]",0.536121666431427
00013513.npy,0,1,"[-0.10517536103725433, 0.2018674910068512]","[0.42383673787117004, 0.5761632919311523]",0.5761632919311523
00013514.npy,1,1,"[-0.19273057579994202, 0.09772834926843643]","[0.4278915226459503, 0.5721084475517273]",0.5721084475517273
00013515.npy,0,1,"[0.21571534872055054, 0.5749298930168152]","[0.41114968061447144, 0.5888502597808838]",0.5888502597808838
00013516.npy,1,1,"[-0.4281667172908783, 0.22281679511070251]","[0.34276795387268066, 0.6572321057319641]",0.6572321057319641
00013517.npy,1,1,"[-0.18687885999679565, 0.1152573749423027]","[0.42503535747528076, 0.5749646425247192]",0.5749646425247192
00013518.npy,0,1,"[-0.16881074011325836, 0.03541351109743118]","[0.4491206407546997, 0.5508793592453003]",0.5508793592453003
00013519.npy,1,1,"[-0.08058729022741318, 0.39939555525779724]","[0.3822562098503113, 0.6177438497543335]",0.6177438497543335
00013520.npy,0,1,"[0.03454046696424484, 0.30915290117263794]","[0.4317750930786133, 0.5682249069213867]",0.5682249069213867
00013521.npy,1,1,"[-0.07545115053653717, 0.3124884366989136]","[0.40421339869499207, 0.5957865715026855]",0.5957865715026855
00013522.npy,0,1,"[0.2468532919883728, 0.5815041065216064]","[0.4171094596385956, 0.582890510559082]",0.582890510559082
00013523.npy,1,1,"[-0.2538747191429138, 0.11397724598646164]","[0.40906015038490295, 0.5909398198127747]",0.5909398198127747
00013524.npy,1,1,"[-0.2757023572921753, -0.03776959702372551]","[0.4407958388328552, 0.5592041611671448]",0.5592041611671448
00013525.npy,1,1,"[0.05291838198900223, 0.4003323018550873]","[0.414009690284729, 0.585990309715271]",0.585990309715271
00013526.npy,1,1,"[-0.0300927571952343, 0.22311976552009583]","[0.4370329678058624, 0.56296706199646]",0.56296706199646
00013527.npy,0,1,"[-0.1323731392621994, 0.43091925978660583]","[0.36278602480888367, 0.6372140049934387]",0.6372140049934387
00013528.npy,0,1,"[0.01374952495098114, 0.19327253103256226]","[0.4552393853664398, 0.5447605848312378]",0.5447605848312378
00013529.npy,1,1,"[-0.1846102476119995, 0.1940121054649353]","[0.40645918250083923, 0.5935407876968384]",0.5935407876968384
00013530.npy,1,1,"[0.03287488967180252, 0.3253301978111267]","[0.42740288376808167, 0.5725971460342407]",0.5725971460342407
00013531.npy,1,1,"[0.10476205497980118, 0.28633689880371094]","[0.4547306001186371, 0.5452694296836853]",0.5452694296836853
00013532.npy,1,1,"[0.0019229836761951447, 0.24429315328598022]","[0.4397023320198059, 0.5602976083755493]",0.5602976083755493
00013533.npy,1,1,"[-0.1730930507183075, 0.32463979721069336]","[0.37807363271713257, 0.6219264268875122]",0.6219264268875122
00013534.npy,1,1,"[-0.08622294664382935, 0.1622404158115387]","[0.43820175528526306, 0.5617982149124146]",0.5617982149124146
00013535.npy,0,1,"[-0.25420597195625305, -0.041623037308454514]","[0.4470535218715668, 0.5529465079307556]",0.5529465079307556
00013536.npy,0,1,"[-0.019388925284147263, 0.1799474060535431]","[0.45033028721809387, 0.5496697425842285]",0.5496697425842285
00013537.npy,0,1,"[-0.18718555569648743, 0.20990654826164246]","[0.4020111858844757, 0.5979887843132019]",0.5979887843132019
00013538.npy,1,1,"[0.09408470243215561, 0.3540754020214081]","[0.4353660047054291, 0.5646339654922485]",0.5646339654922485
00013539.npy,1,1,"[-0.022374561056494713, 0.38795188069343567]","[0.39883387088775635, 0.6011661291122437]",0.6011661291122437
00013540.npy,1,1,"[0.019093550741672516, 0.33713334798812866]","[0.4211535155773163, 0.5788464546203613]",0.5788464546203613
00013541.npy,1,1,"[0.0565345361828804, 0.6742784976959229]","[0.35029470920562744, 0.6497052907943726]",0.6497052907943726
00013542.npy,1,1,"[-0.1376565545797348, 0.17168787121772766]","[0.42327478528022766, 0.5767252445220947]",0.5767252445220947
00013543.npy,1,1,"[-0.1467571258544922, 0.27308136224746704]","[0.39655542373657227, 0.6034446358680725]",0.6034446358680725
00013544.npy,0,1,"[-0.2259623110294342, 0.21741831302642822]","[0.3909356892108917, 0.6090642809867859]",0.6090642809867859
00013545.npy,1,1,"[0.014038749039173126, 0.4233154058456421]","[0.3990855813026428, 0.6009144186973572]",0.6009144186973572
00013546.npy,1,1,"[-0.04933317005634308, 0.18831384181976318]","[0.44086626172065735, 0.5591337084770203]",0.5591337084770203
00013547.npy,0,1,"[-0.04935052618384361, 0.06995739787817001]","[0.4702083468437195, 0.5297916531562805]",0.5297916531562805
00013548.npy,1,1,"[-0.11687886714935303, 0.36787933111190796]","[0.3811291754245758, 0.6188707947731018]",0.6188707947731018
00013549.npy,1,1,"[-0.04530209302902222, 0.38292405009269714]","[0.39454999566078186, 0.6054500341415405]",0.6054500341415405
00013550.npy,1,1,"[0.015094108879566193, 0.34868860244750977]","[0.41736629605293274, 0.5826337337493896]",0.5826337337493896
00013551.npy,1,1,"[-0.145313560962677, -0.03229326754808426]","[0.47177496552467346, 0.5282250046730042]",0.5282250046730042
00013552.npy,1,1,"[-0.3330097794532776, 0.03457946330308914]","[0.40912365913391113, 0.5908763408660889]",0.5908763408660889
00013553.npy,1,1,"[0.07990733534097672, 0.36972668766975403]","[0.4280480742454529, 0.5719519257545471]",0.5719519257545471
00013554.npy,0,1,"[-0.1543281227350235, 0.23750540614128113]","[0.4032759964466095, 0.5967239737510681]",0.5967239737510681
00013555.npy,1,1,"[-0.08483072370290756, 0.26984140276908875]","[0.412249892950058, 0.5877500772476196]",0.5877500772476196
00013556.npy,0,1,"[-0.12783996760845184, 0.2268240749835968]","[0.41225188970565796, 0.587748110294342]",0.587748110294342
00013557.npy,0,1,"[-0.2575278878211975, 0.054943978786468506]","[0.422511488199234, 0.5774884819984436]",0.5774884819984436
00013558.npy,1,1,"[0.13195917010307312, 0.5921794176101685]","[0.3869335949420929, 0.6130664348602295]",0.6130664348602295
00013559.npy,0,1,"[-0.02393430285155773, 0.4284760355949402]","[0.38878780603408813, 0.6112121343612671]",0.6112121343612671
00013560.npy,1,1,"[-0.08545711636543274, 0.12328258901834488]","[0.44800376892089844, 0.5519962310791016]",0.5519962310791016
00013561.npy,1,1,"[0.10774070769548416, 0.30960288643836975]","[0.4497051239013672, 0.5502948760986328]",0.5502948760986328
00013562.npy,1,1,"[-0.19234788417816162, 0.3984588086605072]","[0.35644978284835815, 0.6435502767562866]",0.6435502767562866
00013563.npy,1,1,"[-0.21760395169258118, 0.015075013041496277]","[0.44209131598472595, 0.5579087138175964]",0.5579087138175964
00013564.npy,1,1,"[0.14787235856056213, 0.4251447319984436]","[0.4311226010322571, 0.5688773989677429]",0.5688773989677429
00013565.npy,1,1,"[0.0384020134806633, 0.238253653049469]","[0.45020273327827454, 0.5497972965240479]",0.5497972965240479
00013566.npy,1,1,"[-0.2660009264945984, 0.11487085372209549]","[0.40591666102409363, 0.5940833687782288]",0.5940833687782288
00013567.npy,1,1,"[0.18178537487983704, 0.6882892847061157]","[0.3760134279727936, 0.623986542224884]",0.623986542224884
00013568.npy,1,1,"[-0.22987201809883118, 0.2521849572658539]","[0.38176652789115906, 0.6182335019111633]",0.6182335019111633
00013569.npy,1,1,"[-0.35601648688316345, -0.05671871826052666]","[0.4257291555404663, 0.5742708444595337]",0.5742708444595337
00013570.npy,1,1,"[-0.18697625398635864, 0.08560218662023544]","[0.43227419257164, 0.5677257776260376]",0.5677257776260376
00013571.npy,1,1,"[-0.24071872234344482, 0.22700834274291992]","[0.3851543366909027, 0.6148456335067749]",0.6148456335067749
00013572.npy,1,1,"[-0.095518097281456, 0.20744746923446655]","[0.42483267188072205, 0.5751672983169556]",0.5751672983169556
00013573.npy,1,1,"[0.027589187026023865, 0.3142663836479187]","[0.4288175404071808, 0.5711824297904968]",0.5711824297904968
00013574.npy,1,1,"[0.14715728163719177, 0.7683985233306885]","[0.3494991958141327, 0.6505007743835449]",0.6505007743835449
00013575.npy,1,1,"[0.1416667401790619, 0.4806281626224518]","[0.41606178879737854, 0.5839381814002991]",0.5839381814002991
00013576.npy,1,1,"[-0.18349489569664001, 0.10456570237874985]","[0.4284787178039551, 0.5715212821960449]",0.5715212821960449
00013577.npy,1,1,"[0.04346542805433273, 0.38999927043914795]","[0.41422319412231445, 0.5857767462730408]",0.5857767462730408
00013578.npy,1,1,"[0.04377000033855438, 0.2321471869945526]","[0.45304447412490845, 0.5469555258750916]",0.5469555258750916
00013579.npy,1,1,"[-0.12028138339519501, 0.2647812068462372]","[0.4049064517021179, 0.5950935482978821]",0.5950935482978821
00013580.npy,1,1,"[-0.15876948833465576, -0.012349840253591537]","[0.46346035599708557, 0.5365396738052368]",0.5365396738052368
00013581.npy,1,1,"[-0.2223844826221466, 0.04950660467147827]","[0.43244290351867676, 0.5675570964813232]",0.5675570964813232
00013582.npy,1,1,"[-0.30980268120765686, -0.05306375399231911]","[0.43616554141044617, 0.5638344883918762]",0.5638344883918762
00013583.npy,1,1,"[-0.11476698517799377, 0.08786854892969131]","[0.4495137333869934, 0.5504862666130066]",0.5504862666130066
00013584.npy,1,1,"[-0.21342000365257263, 0.23937246203422546]","[0.3886970281600952, 0.6113029718399048]",0.6113029718399048
00013585.npy,1,1,"[-0.1990090012550354, 0.1387174427509308]","[0.41636186838150024, 0.5836381316184998]",0.5836381316184998
00013586.npy,1,1,"[-0.15470407903194427, 0.12396768480539322]","[0.43077942728996277, 0.5692205429077148]",0.5692205429077148
00013587.npy,0,1,"[-0.0835663378238678, 0.21922114491462708]","[0.4248761832714081, 0.5751237869262695]",0.5751237869262695
00013588.npy,0,1,"[0.21905109286308289, 0.6045731902122498]","[0.40479576587677, 0.5952042937278748]",0.5952042937278748
00013589.npy,1,1,"[-0.21326839923858643, 0.030126549303531647]","[0.43944990634918213, 0.5605501532554626]",0.5605501532554626
00013590.npy,1,1,"[-0.13068637251853943, 0.4873928129673004]","[0.35021844506263733, 0.6497815251350403]",0.6497815251350403
00013591.npy,1,1,"[0.11752595752477646, 0.44922277331352234]","[0.4178278148174286, 0.582172155380249]",0.582172155380249
00013592.npy,1,1,"[-0.17231766879558563, -0.003674119710922241]","[0.4579387307167053, 0.5420612096786499]",0.5420612096786499
00013593.npy,1,1,"[-0.16238471865653992, 0.0989590659737587]","[0.43503338098526, 0.5649665594100952]",0.5649665594100952
00013594.npy,1,1,"[-0.006501421332359314, 0.2840934693813324]","[0.42785823345184326, 0.5721417665481567]",0.5721417665481567
00013595.npy,1,1,"[-0.17578718066215515, 0.12690678238868713]","[0.42489907145500183, 0.5751009583473206]",0.5751009583473206
00013596.npy,1,1,"[0.27087631821632385, 0.529119074344635]","[0.43579572439193726, 0.5642042756080627]",0.5642042756080627
00013597.npy,1,1,"[-0.06743637472391129, 0.15093904733657837]","[0.445622056722641, 0.5543779134750366]",0.5543779134750366
00013598.npy,1,1,"[-0.1907101273536682, 0.2860412895679474]","[0.38301950693130493, 0.6169804334640503]",0.6169804334640503
00013599.npy,1,1,"[0.0772998109459877, 0.465891033411026]","[0.40405645966529846, 0.5959435105323792]",0.5959435105323792
00013600.npy,1,1,"[-0.21024352312088013, 0.1282300055027008]","[0.4161803126335144, 0.5838196277618408]",0.5838196277618408
00013601.npy,1,1,"[-0.2340371310710907, 0.12740102410316467]","[0.41061148047447205, 0.5893885493278503]",0.5893885493278503
00013602.npy,1,1,"[-0.3002677857875824, 0.16617944836616516]","[0.38545748591423035, 0.6145424842834473]",0.6145424842834473
00013603.npy,0,1,"[-0.2847670614719391, 0.11786117404699326]","[0.4006810486316681, 0.5993189215660095]",0.5993189215660095
00013604.npy,1,1,"[-0.2300611138343811, 0.4446946680545807]","[0.33743277192115784, 0.6625672578811646]",0.6625672578811646
00013605.npy,0,1,"[-0.13446202874183655, 0.3006477355957031]","[0.3929068446159363, 0.6070931553840637]",0.6070931553840637
00013606.npy,1,1,"[-0.38921433687210083, 0.2664238214492798]","[0.3417201042175293, 0.6582798957824707]",0.6582798957824707
00013607.npy,1,1,"[-0.029457492753863335, 0.3325051963329315]","[0.41048455238342285, 0.5895154476165771]",0.5895154476165771
00013608.npy,1,1,"[-0.23431727290153503, -0.011149860918521881]","[0.44443854689598083, 0.5555614829063416]",0.5555614829063416
00013609.npy,1,1,"[-0.2197120487689972, -0.02652658522129059]","[0.45185327529907227, 0.5481467247009277]",0.5481467247009277
00013610.npy,1,1,"[-0.09759025275707245, 0.2818729281425476]","[0.4062563478946686, 0.593743622303009]",0.593743622303009
00013611.npy,0,1,"[-0.005298160016536713, 0.19923022389411926]","[0.44904541969299316, 0.5509545803070068]",0.5509545803070068
00013612.npy,1,1,"[-0.27389073371887207, 0.24897095561027527]","[0.37218332290649414, 0.6278166770935059]",0.6278166770935059
00013613.npy,1,1,"[-0.16828009486198425, 0.17558643221855164]","[0.41487056016921997, 0.5851294994354248]",0.5851294994354248
00013614.npy,1,1,"[-0.022515321150422096, 0.38357430696487427]","[0.39985010027885437, 0.6001498699188232]",0.6001498699188232
00013615.npy,1,1,"[-0.11675505340099335, 0.0929858610033989]","[0.44775617122650146, 0.5522438287734985]",0.5522438287734985
00013616.npy,1,1,"[-0.24292466044425964, 0.2768699526786804]","[0.3729002773761749, 0.6270997524261475]",0.6270997524261475
00013617.npy,1,1,"[-0.07950858026742935, 0.09010722488164902]","[0.45769742131233215, 0.5423026084899902]",0.5423026084899902
00013618.npy,1,1,"[-0.2779911458492279, 0.1294735074043274]","[0.39952021837234497, 0.600479781627655]",0.600479781627655
00013619.npy,0,1,"[-0.03584801405668259, 0.2716419994831085]","[0.42372751235961914, 0.5762724876403809]",0.5762724876403809
00013620.npy,0,1,"[-0.3109857141971588, 0.12458296865224838]","[0.3927973806858063, 0.6072025895118713]",0.6072025895118713
00013621.npy,0,1,"[-0.0009022392332553864, 0.3313426673412323]","[0.4176945090293884, 0.5823054909706116]",0.5823054909706116
00013622.npy,1,1,"[-0.1949201226234436, 0.1386127471923828]","[0.41738125681877136, 0.5826187133789062]",0.5826187133789062
00013623.npy,1,1,"[0.0919109657406807, 0.5241992473602295]","[0.39358001947402954, 0.6064199805259705]",0.6064199805259705
00013624.npy,1,1,"[-0.17810100317001343, 0.3717450499534607]","[0.3659001290798187, 0.6340998411178589]",0.6340998411178589
00013625.npy,1,1,"[-0.2958133816719055, 0.24013757705688477]","[0.3691299855709076, 0.6308700442314148]",0.6308700442314148
00013626.npy,1,1,"[-0.2469644546508789, 0.07472188025712967]","[0.42026486992836, 0.5797351598739624]",0.5797351598739624
00013627.npy,1,1,"[-0.13975495100021362, 0.012822754681110382]","[0.46192941069602966, 0.5380706191062927]",0.5380706191062927
00013628.npy,1,1,"[-0.4183090031147003, 0.21419039368629456]","[0.34694403409957886, 0.6530559659004211]",0.6530559659004211
00013629.npy,1,1,"[-0.09830071032047272, 0.5074205994606018]","[0.3530358374118805, 0.6469641327857971]",0.6469641327857971
00013630.npy,1,1,"[-0.08570389449596405, 0.35169363021850586]","[0.39236125349998474, 0.6076387166976929]",0.6076387166976929
00013631.npy,1,1,"[-0.31780651211738586, 0.05959296226501465]","[0.4067542552947998, 0.5932457447052002]",0.5932457447052002
00013632.npy,1,1,"[-0.06197235733270645, 0.20699790120124817]","[0.4331599175930023, 0.5668401122093201]",0.5668401122093201
00013633.npy,1,1,"[-0.03919009864330292, 0.1938496232032776]","[0.4420023262500763, 0.5579977035522461]",0.5579977035522461
00013634.npy,1,1,"[-0.07638617604970932, 0.1945030689239502]","[0.43268880248069763, 0.56731116771698]",0.56731116771698
00013635.npy,1,1,"[-0.21097016334533691, 0.13977819681167603]","[0.4132009446620941, 0.5867990255355835]",0.5867990255355835
00013636.npy,1,1,"[-0.02814023196697235, 0.3097429573535919]","[0.41632378101348877, 0.5836762189865112]",0.5836762189865112
00013637.npy,1,1,"[-0.04982156679034233, 0.21773159503936768]","[0.43350788950920105, 0.5664920806884766]",0.5664920806884766
00013638.npy,1,1,"[-0.0698828473687172, 0.36265888810157776]","[0.3935195505619049, 0.6064804196357727]",0.6064804196357727
00013639.npy,1,1,"[-0.24879023432731628, 0.10135366767644882]","[0.4133475124835968, 0.5866524577140808]",0.5866524577140808
00013640.npy,1,1,"[0.11468306928873062, 0.5933997631072998]","[0.382555216550827, 0.6174448132514954]",0.6174448132514954
00013641.npy,1,1,"[-0.15543681383132935, 0.17237228155136108]","[0.4187738001346588, 0.5812261700630188]",0.5812261700630188
00013642.npy,1,1,"[0.035510897636413574, 0.16305431723594666]","[0.46815726161003113, 0.5318427085876465]",0.5318427085876465
00013643.npy,1,1,"[-0.2013397216796875, 0.1961875557899475]","[0.4019066095352173, 0.5980933904647827]",0.5980933904647827
00013644.npy,1,1,"[0.0779881551861763, 0.40452834963798523]","[0.4190827012062073, 0.5809172987937927]",0.5809172987937927
00013645.npy,1,1,"[-0.26641520857810974, 0.21895894408226013]","[0.3809839189052582, 0.6190161108970642]",0.6190161108970642
00013646.npy,1,1,"[-0.07749225199222565, 0.2812459170818329]","[0.4112650454044342, 0.5887349843978882]",0.5887349843978882
00013647.npy,1,1,"[-0.2401120364665985, 0.14411240816116333]","[0.40510839223861694, 0.5948916077613831]",0.5948916077613831
00013648.npy,1,1,"[-0.08455567061901093, 0.35503244400024414]","[0.3918391168117523, 0.6081608533859253]",0.6081608533859253
00013649.npy,1,1,"[-0.14756959676742554, 0.003145076334476471]","[0.4623924791812897, 0.5376074910163879]",0.5376074910163879
00013650.npy,1,1,"[-0.19072043895721436, 0.15742364525794983]","[0.41383254528045654, 0.5861673951148987]",0.5861673951148987
00013651.npy,1,1,"[0.1977272629737854, 0.43095341324806213]","[0.4419563114643097, 0.5580436587333679]",0.5580436587333679
00013652.npy,1,1,"[-0.04274294897913933, 0.3103833496570587]","[0.4126245379447937, 0.5873755216598511]",0.5873755216598511
00013653.npy,1,1,"[-0.11947420239448547, 0.18663907051086426]","[0.4240637421607971, 0.5759362578392029]",0.5759362578392029
00013654.npy,1,1,"[0.05762014538049698, 0.3766227662563324]","[0.4209188222885132, 0.5790811777114868]",0.5790811777114868
00013655.npy,1,1,"[-0.004838518798351288, 0.6172971725463867]","[0.34929588437080383, 0.6507040858268738]",0.6507040858268738
00013656.npy,1,1,"[-0.07543359696865082, 0.14479711651802063]","[0.4451637864112854, 0.5548362135887146]",0.5548362135887146
00013657.npy,1,1,"[-0.2734343409538269, 0.0913488045334816]","[0.4098021984100342, 0.5901978015899658]",0.5901978015899658
00013658.npy,1,1,"[-0.18652504682540894, 0.157211035490036]","[0.4149022400379181, 0.5850977897644043]",0.5850977897644043
00013659.npy,1,1,"[0.02289770543575287, 0.11098691076040268]","[0.47799190878868103, 0.5220080614089966]",0.5220080614089966
00013660.npy,1,1,"[-0.14154911041259766, 0.2665526568889618]","[0.3993673622608185, 0.6006326079368591]",0.6006326079368591
00013661.npy,1,1,"[-0.22458431124687195, -0.13204026222229004]","[0.4768804907798767, 0.5231195092201233]",0.5231195092201233
00013662.npy,1,1,"[-0.0003635399043560028, 0.3101353347301483]","[0.422993004322052, 0.5770070552825928]",0.5770070552825928
00013663.npy,1,1,"[0.04542616754770279, 0.4089914858341217]","[0.41009676456451416, 0.5899032354354858]",0.5899032354354858
00013664.npy,1,1,"[-0.14421899616718292, 0.14803484082221985]","[0.4274521768093109, 0.5725478529930115]",0.5725478529930115
00013665.npy,1,1,"[-0.12264617532491684, 0.23129916191101074]","[0.4124259948730469, 0.5875740051269531]",0.5875740051269531
00013666.npy,0,1,"[-0.15141156315803528, 0.32817113399505615]","[0.3823506832122803, 0.6176493167877197]",0.6176493167877197
00013667.npy,1,1,"[-0.14600902795791626, 0.23854440450668335]","[0.4050291180610657, 0.5949708223342896]",0.5949708223342896
00013668.npy,1,1,"[-0.11854824423789978, 0.09818121045827866]","[0.4460287392139435, 0.5539712905883789]",0.5539712905883789
00013669.npy,1,1,"[-0.04359107464551926, 0.233597069978714]","[0.43114325404167175, 0.5688567161560059]",0.5688567161560059
00013670.npy,1,1,"[0.038514815270900726, 0.3006134629249573]","[0.434847891330719, 0.565152108669281]",0.565152108669281
00013671.npy,1,1,"[0.13379022479057312, 0.5392182469367981]","[0.4000089168548584, 0.5999911427497864]",0.5999911427497864
00013672.npy,1,1,"[-0.0971810519695282, 0.26293864846229553]","[0.4109306037425995, 0.5890694260597229]",0.5890694260597229
00013673.npy,1,1,"[0.2843683958053589, 0.4676249921321869]","[0.45431363582611084, 0.5456863641738892]",0.5456863641738892
00013674.npy,1,1,"[0.11170164495706558, 0.5463041067123413]","[0.3930278718471527, 0.6069721579551697]",0.6069721579551697
00013675.npy,1,1,"[-0.23616626858711243, 0.12578177452087402]","[0.4104880690574646, 0.5895119309425354]",0.5895119309425354
00013676.npy,1,1,"[-0.2660973370075226, 0.19526660442352295]","[0.3866623044013977, 0.6133376359939575]",0.6133376359939575
00013677.npy,1,1,"[-0.3732317090034485, -0.10197107493877411]","[0.43259763717651367, 0.5674023628234863]",0.5674023628234863
00013678.npy,1,1,"[-0.17002353072166443, 0.11258233338594437]","[0.42981502413749695, 0.5701849460601807]",0.5701849460601807
00013679.npy,1,1,"[-0.18660154938697815, 0.22039303183555603]","[0.39963299036026, 0.60036700963974]",0.60036700963974
00013680.npy,1,1,"[-0.2865014672279358, 0.2911783754825592]","[0.3594666123390198, 0.6405333280563354]",0.6405333280563354
00013681.npy,1,1,"[0.054539717733860016, 0.3961234986782074]","[0.41542479395866394, 0.5845751762390137]",0.5845751762390137
00013682.npy,1,1,"[0.05549965798854828, 0.31124088168144226]","[0.4364108741283417, 0.5635890960693359]",0.5635890960693359
00013683.npy,1,1,"[-0.02978481911122799, 0.09099441021680832]","[0.469841867685318, 0.5301581621170044]",0.5301581621170044
00013684.npy,1,1,"[0.1778097152709961, 0.587257444858551]","[0.39904454350471497, 0.6009554266929626]",0.6009554266929626
00013685.npy,1,1,"[-0.10680440813302994, 0.23869171738624573]","[0.41447505354881287, 0.5855249762535095]",0.5855249762535095
00013686.npy,1,1,"[0.05379895865917206, 0.23674631118774414]","[0.454390287399292, 0.5456096529960632]",0.5456096529960632
00013687.npy,1,1,"[-0.2405872642993927, 0.2690858542919159]","[0.37527015805244446, 0.6247298121452332]",0.6247298121452332
00013688.npy,1,1,"[-0.20398935675621033, 0.17599830031394958]","[0.4061298966407776, 0.5938701033592224]",0.5938701033592224
00013689.npy,1,1,"[-0.21081605553627014, 0.1669042706489563]","[0.40667685866355896, 0.5933231711387634]",0.5933231711387634
00013690.npy,1,1,"[-0.14395996928215027, 0.1076265200972557]","[0.4374330937862396, 0.5625669360160828]",0.5625669360160828
00013691.npy,1,1,"[-0.3373587131500244, 0.08290231972932816]","[0.3964542746543884, 0.6035457253456116]",0.6035457253456116
00013692.npy,1,1,"[-0.11226090788841248, 0.18179520964622498]","[0.4270111322402954, 0.5729888081550598]",0.5729888081550598
00013693.npy,1,1,"[0.035032421350479126, 0.3187929391860962]","[0.42953208088874817, 0.5704679489135742]",0.5704679489135742
00013694.npy,1,1,"[-0.07122889161109924, 0.2144518792629242]","[0.4290615916252136, 0.5709383487701416]",0.5709383487701416
00013695.npy,1,1,"[-0.05061275139451027, 0.20607179403305054]","[0.43617886304855347, 0.5638210773468018]",0.5638210773468018
00013696.npy,1,1,"[-0.06762141734361649, 0.2370142936706543]","[0.4244246780872345, 0.5755753517150879]",0.5755753517150879
00013697.npy,1,1,"[0.09028611332178116, 0.5221639275550842]","[0.39367803931236267, 0.6063219904899597]",0.6063219904899597
00013698.npy,1,1,"[0.029497481882572174, 0.20466211438179016]","[0.45632049441337585, 0.5436795353889465]",0.5436795353889465
00013699.npy,1,1,"[-0.11175031214952469, 0.3804139196872711]","[0.3793838620185852, 0.6206161379814148]",0.6206161379814148
00013700.npy,1,1,"[-0.10278875380754471, 0.14417153596878052]","[0.4385718107223511, 0.5614281892776489]",0.5614281892776489
00013701.npy,1,1,"[-0.003138180822134018, 0.4491216838359833]","[0.38882359862327576, 0.6111764311790466]",0.6111764311790466
00013702.npy,1,1,"[0.21365267038345337, 0.4270128011703491]","[0.4468613862991333, 0.5531386137008667]",0.5531386137008667
00013703.npy,1,1,"[0.12597805261611938, 0.40309226512908936]","[0.43116137385368347, 0.5688385963439941]",0.5688385963439941
00013704.npy,1,1,"[0.07394692301750183, 0.5634024739265442]","[0.3800218105316162, 0.619978129863739]",0.619978129863739
00013705.npy,1,1,"[0.04817173629999161, 0.5260187387466431]","[0.3827606439590454, 0.6172393560409546]",0.6172393560409546
00013706.npy,1,1,"[-0.28725406527519226, -0.04161501303315163]","[0.43889716267585754, 0.5611028075218201]",0.5611028075218201
00013707.npy,1,1,"[0.1678791642189026, 0.48807021975517273]","[0.42062920331954956, 0.5793707966804504]",0.5793707966804504
00013708.npy,1,1,"[-0.07169323414564133, 0.15585637092590332]","[0.44335681200027466, 0.5566432476043701]",0.5566432476043701
00013709.npy,1,1,"[0.15848058462142944, 0.6377601623535156]","[0.3824222981929779, 0.6175777316093445]",0.6175777316093445
00013710.npy,1,1,"[0.2273993194103241, 0.77358478307724]","[0.3667498826980591, 0.6332501769065857]",0.6332501769065857
00013711.npy,1,1,"[-0.1756768822669983, 0.2877531349658966]","[0.38617244362831116, 0.6138275861740112]",0.6138275861740112
00013712.npy,1,1,"[-0.22667458653450012, 0.07299267500638962]","[0.4256388247013092, 0.5743611454963684]",0.5743611454963684
00013713.npy,1,1,"[-0.06724267452955246, 0.20784753561019897]","[0.4316578805446625, 0.5683420896530151]",0.5683420896530151
00013714.npy,1,1,"[0.0032449625432491302, 0.35594308376312256]","[0.41272827982902527, 0.5872716903686523]",0.5872716903686523
00013715.npy,1,1,"[-0.214566171169281, 0.024666912853717804]","[0.44047534465789795, 0.5595245957374573]",0.5595245957374573
00013716.npy,0,1,"[-0.16443437337875366, 0.23406994342803955]","[0.40167176723480225, 0.5983282923698425]",0.5983282923698425
00013717.npy,1,1,"[-0.054782766848802567, 0.08949955552816391]","[0.4639918804168701, 0.5360081195831299]",0.5360081195831299
00013718.npy,1,1,"[0.10622913390398026, 0.532159686088562]","[0.395098477602005, 0.6049014925956726]",0.6049014925956726
00013719.npy,1,1,"[-0.18079742789268494, 0.17980921268463135]","[0.41081273555755615, 0.5891872644424438]",0.5891872644424438
00013720.npy,1,1,"[-0.3947157561779022, 0.019431501626968384]","[0.39791810512542725, 0.6020818948745728]",0.6020818948745728
00013721.npy,1,1,"[0.06659074872732162, 0.12638378143310547]","[0.48505619168281555, 0.5149438381195068]",0.5149438381195068
00013722.npy,1,1,"[-0.00800802931189537, 0.35495471954345703]","[0.41024255752563477, 0.5897574424743652]",0.5897574424743652
00013723.npy,1,1,"[0.11405471712350845, 0.43222522735595703]","[0.4211216866970062, 0.5788783431053162]",0.5788783431053162
00013724.npy,1,1,"[-0.21009081602096558, 0.08482130616903305]","[0.42680174112319946, 0.5731983184814453]",0.5731983184814453
00013725.npy,1,1,"[-0.06041432172060013, 0.18767964839935303]","[0.4382927119731903, 0.5617073178291321]",0.5617073178291321
00013726.npy,1,1,"[-0.2332475185394287, 0.016262449324131012]","[0.43794411420822144, 0.5620558857917786]",0.5620558857917786
00013727.npy,1,1,"[-0.13465102016925812, 0.1256554126739502]","[0.4352883994579315, 0.5647116303443909]",0.5647116303443909
00013728.npy,1,1,"[0.052310675382614136, 0.5823442935943604]","[0.3705090582370758, 0.6294909715652466]",0.6294909715652466
00013729.npy,1,1,"[-0.14696532487869263, 0.24424991011619568]","[0.40342479944229126, 0.5965752005577087]",0.5965752005577087
00013730.npy,1,1,"[-0.35030597448349, 0.14214006066322327]","[0.3793175220489502, 0.6206824779510498]",0.6206824779510498
00013731.npy,1,1,"[0.018512822687625885, 0.5867748260498047]","[0.3616379499435425, 0.6383619904518127]",0.6383619904518127
00013732.npy,1,1,"[-0.1538422703742981, 0.31181514263153076]","[0.3856446146965027, 0.6143554449081421]",0.6143554449081421
00013733.npy,1,1,"[-0.12737376987934113, 0.03981790691614151]","[0.4582991898059845, 0.5417008399963379]",0.5417008399963379
00013734.npy,1,1,"[0.17542195320129395, 0.3969818949699402]","[0.44483548402786255, 0.5551645159721375]",0.5551645159721375
00013735.npy,1,1,"[-0.1769162118434906, 0.11570819467306137]","[0.42736151814460754, 0.5726385116577148]",0.5726385116577148
00013736.npy,1,1,"[-0.38290902972221375, 0.011420905590057373]","[0.4026753902435303, 0.5973246097564697]",0.5973246097564697
00013737.npy,1,1,"[-0.17334654927253723, 0.36635610461235046]","[0.3682567775249481, 0.6317432522773743]",0.6317432522773743
00013738.npy,1,1,"[-0.011806759983301163, 0.2290467917919159]","[0.4400760233402252, 0.5599239468574524]",0.5599239468574524
00013739.npy,1,1,"[-0.13744062185287476, 0.2544196546077728]","[0.40326955914497375, 0.5967304706573486]",0.5967304706573486
00013740.npy,1,1,"[-0.20879334211349487, 0.13592058420181274]","[0.4146648645401001, 0.5853351354598999]",0.5853351354598999
00013741.npy,1,1,"[0.10745490342378616, 0.3273792266845703]","[0.44523945450782776, 0.5547605156898499]",0.5547605156898499
00013742.npy,1,1,"[-0.10041709244251251, 0.277671754360199]","[0.4065879285335541, 0.5934120416641235]",0.5934120416641235
00013743.npy,1,1,"[-0.026550477370619774, 0.2733108401298523]","[0.425591379404068, 0.5744085907936096]",0.5744085907936096
00013744.npy,1,1,"[-0.13813160359859467, 0.3217162787914276]","[0.38702192902565, 0.6129781007766724]",0.6129781007766724
00013745.npy,1,1,"[0.027654774487018585, 0.15384778380393982]","[0.4684935510158539, 0.5315064787864685]",0.5315064787864685
00013746.npy,1,1,"[-0.20710745453834534, 0.12073186784982681]","[0.41876646876335144, 0.581233561038971]",0.581233561038971
00013747.npy,1,1,"[-0.049747202545404434, 0.40644752979278564]","[0.38788893818855286, 0.6121110916137695]",0.6121110916137695
00013748.npy,1,1,"[0.14684763550758362, 0.595832884311676]","[0.38960206508636475, 0.6103979349136353]",0.6103979349136353
00013749.npy,1,1,"[-0.08835361897945404, 0.17991852760314941]","[0.43333131074905396, 0.5666686296463013]",0.5666686296463013
00013750.npy,1,1,"[-0.13474127650260925, 0.16271954774856567]","[0.42617830634117126, 0.5738216638565063]",0.5738216638565063
00013751.npy,1,1,"[-0.07331624627113342, 0.034884750843048096]","[0.47297611832618713, 0.5270239114761353]",0.5270239114761353
00013752.npy,0,1,"[-0.21364754438400269, 0.04153997451066971]","[0.43654710054397583, 0.5634528994560242]",0.5634528994560242
00013753.npy,1,1,"[-0.05019190534949303, 0.8687288165092468]","[0.28517788648605347, 0.7148221731185913]",0.7148221731185913
00013754.npy,1,1,"[-0.004320930689573288, 0.18325170874595642]","[0.45324385166168213, 0.5467561483383179]",0.5467561483383179
00013755.npy,1,1,"[-0.19029152393341064, 0.200935959815979]","[0.4034218192100525, 0.5965781211853027]",0.5965781211853027
00013756.npy,1,1,"[-0.3248037099838257, 0.06149907410144806]","[0.4046076536178589, 0.5953923463821411]",0.5953923463821411
00013757.npy,1,1,"[-0.17783626914024353, 0.3962026536464691]","[0.3603053689002991, 0.6396945714950562]",0.6396945714950562
00013758.npy,1,1,"[-0.10918410122394562, 0.12701532244682312]","[0.44122314453125, 0.5587767958641052]",0.5587767958641052
00013759.npy,1,1,"[0.06647571176290512, 0.40881597995758057]","[0.4152410924434662, 0.5847588777542114]",0.5847588777542114
00013760.npy,1,1,"[-0.30097082257270813, 0.04966174066066742]","[0.4132290482521057, 0.5867709517478943]",0.5867709517478943
00013761.npy,1,1,"[-0.2845810055732727, -0.0760926827788353]","[0.44806593656539917, 0.5519341230392456]",0.5519341230392456
00013762.npy,1,1,"[-0.024984324350953102, 0.38481447100639343]","[0.3989603519439697, 0.6010396480560303]",0.6010396480560303
00013763.npy,1,1,"[-0.1374574601650238, 0.1687612235546112]","[0.42403799295425415, 0.5759620070457458]",0.5759620070457458
00013764.npy,1,1,"[0.003945901989936829, 0.2631933093070984]","[0.43554872274398804, 0.564451277256012]",0.564451277256012
00013765.npy,1,1,"[-0.2206975817680359, 0.28561413288116455]","[0.37605851888656616, 0.6239414811134338]",0.6239414811134338
00013766.npy,1,1,"[-0.1551399677991867, 0.3158077001571655]","[0.3843919634819031, 0.6156080961227417]",0.6156080961227417
00013767.npy,0,1,"[-0.27151060104370117, 0.261686772108078]","[0.36977145075798035, 0.630228579044342]",0.630228579044342
00013768.npy,1,1,"[-0.24674546718597412, 0.018419943749904633]","[0.4340943396091461, 0.5659056305885315]",0.5659056305885315
00013769.npy,1,1,"[-0.28493133187294006, -0.053605154156684875]","[0.4424249529838562, 0.5575750470161438]",0.5575750470161438
00013770.npy,1,1,"[-0.3015103042125702, 0.2557321786880493]","[0.36418572068214417, 0.6358142495155334]",0.6358142495155334
00013771.npy,1,1,"[-0.19346633553504944, 0.27774983644485474]","[0.3843284547328949, 0.6156715750694275]",0.6156715750694275
00013772.npy,1,1,"[-0.21465787291526794, 0.12627416849136353]","[0.4155831038951874, 0.584416925907135]",0.584416925907135
00013773.npy,1,1,"[-0.02836291491985321, 0.12777334451675415]","[0.4610450565814972, 0.5389549732208252]",0.5389549732208252
00013774.npy,1,1,"[-0.10929569602012634, 0.2713901400566101]","[0.4059614837169647, 0.5940385460853577]",0.5940385460853577
00013775.npy,1,1,"[0.13565558195114136, 0.5700016021728516]","[0.3930889964103699, 0.6069109439849854]",0.6069109439849854
00013776.npy,1,1,"[-0.22639724612236023, 0.3113067150115967]","[0.3687218427658081, 0.6312780976295471]",0.6312780976295471
00013777.npy,1,1,"[-0.048481520265340805, 0.11894363909959793]","[0.45824122428894043, 0.5417587757110596]",0.5417587757110596
00013778.npy,1,1,"[-0.09144673496484756, 0.40285801887512207]","[0.37887996435165405, 0.6211199760437012]",0.6211199760437012
00013779.npy,1,1,"[-0.06764313578605652, 0.3749234080314636]","[0.39112958312034607, 0.6088704466819763]",0.6088704466819763
00013780.npy,1,1,"[0.16651511192321777, 0.610941469669342]","[0.3906867802143097, 0.6093132495880127]",0.6093132495880127
00013781.npy,1,1,"[-0.0644112154841423, 0.21744903922080994]","[0.4299977719783783, 0.5700022578239441]",0.5700022578239441
00013782.npy,0,1,"[-0.3207680881023407, 0.02155100554227829]","[0.41524624824523926, 0.5847537517547607]",0.5847537517547607
00013783.npy,1,1,"[0.01611165702342987, 0.14324653148651123]","[0.4682590067386627, 0.5317409634590149]",0.5317409634590149
00013784.npy,1,1,"[0.03058333694934845, 0.3676013946533203]","[0.4165340065956116, 0.5834659337997437]",0.5834659337997437
00013785.npy,1,1,"[0.08331189304590225, 0.23895344138145447]","[0.46116796135902405, 0.5388320088386536]",0.5388320088386536
00013786.npy,1,1,"[-0.1033916026353836, 0.10974066704511642]","[0.44691774249076843, 0.553082287311554]",0.553082287311554
00013787.npy,1,1,"[-0.03129776939749718, 0.17834487557411194]","[0.44778046011924744, 0.552219569683075]",0.552219569683075
00013788.npy,1,1,"[-0.06196056678891182, 0.2922355830669403]","[0.41236522793769836, 0.5876347422599792]",0.5876347422599792
00013789.npy,1,1,"[-0.06134317070245743, 0.16225898265838623]","[0.44433119893074036, 0.5556687712669373]",0.5556687712669373
00013790.npy,1,1,"[-0.05774195119738579, 0.20307353138923645]","[0.4351632595062256, 0.5648367404937744]",0.5648367404937744
00013791.npy,1,1,"[-0.09135916829109192, 0.1625135838985443]","[0.4368705153465271, 0.5631294846534729]",0.5631294846534729
00013792.npy,1,1,"[-0.40179845690727234, 0.1649196445941925]","[0.3619944453239441, 0.6380055546760559]",0.6380055546760559
00013793.npy,1,1,"[0.11694205552339554, 0.19914638996124268]","[0.4794604778289795, 0.5205395221710205]",0.5205395221710205
00013794.npy,1,1,"[-0.35920315980911255, -0.017652880400419235]","[0.4154329299926758, 0.5845670700073242]",0.5845670700073242
00013795.npy,1,1,"[-0.10697413235902786, 0.20504802465438843]","[0.4226212203502655, 0.5773787498474121]",0.5773787498474121
00013796.npy,1,1,"[-0.3169138431549072, 0.013658590614795685]","[0.41810137033462524, 0.5818986296653748]",0.5818986296653748
00013797.npy,1,1,"[-0.1149524673819542, 0.38020676374435425]","[0.37867891788482666, 0.6213210821151733]",0.6213210821151733
00013798.npy,1,1,"[-0.02680809795856476, 0.40508130192756653]","[0.3936752378940582, 0.6063247919082642]",0.6063247919082642
00013799.npy,1,1,"[-0.12182149291038513, 0.25724858045578003]","[0.4063512086868286, 0.5936487913131714]",0.5936487913131714
00013800.npy,1,1,"[0.5878056883811951, 0.8291797041893005]","[0.4399477541446686, 0.560052216053009]",0.560052216053009
00013801.npy,1,1,"[-0.105023592710495, 0.5908265113830566]","[0.3327329456806183, 0.6672670841217041]",0.6672670841217041
00013802.npy,1,1,"[-0.30956652760505676, 0.1610392928123474]","[0.3844728469848633, 0.6155271530151367]",0.6155271530151367
00013803.npy,1,1,"[-0.2890920341014862, 0.2882927656173706]","[0.3595345616340637, 0.6404654383659363]",0.6404654383659363
00013804.npy,1,1,"[-0.09085117280483246, 0.26875585317611694]","[0.41105467081069946, 0.5889453291893005]",0.5889453291893005
00013805.npy,1,1,"[-0.21937474608421326, 0.25917208194732666]","[0.38259533047676086, 0.6174046397209167]",0.6174046397209167
00013806.npy,1,1,"[-0.4883083403110504, -0.061765387654304504]","[0.3949521481990814, 0.605047881603241]",0.605047881603241
00013807.npy,1,1,"[0.21693465113639832, 0.5259539484977722]","[0.4233541488647461, 0.5766458511352539]",0.5766458511352539
00013808.npy,1,1,"[-0.11311039328575134, 0.2674778401851654]","[0.405985027551651, 0.5940149426460266]",0.5940149426460266
00013809.npy,1,1,"[0.1250220239162445, 0.5283994674682617]","[0.40050116181373596, 0.5994988679885864]",0.5994988679885864
00013810.npy,1,1,"[0.05770176649093628, 0.5854589939117432]","[0.37104013562202454, 0.6289598941802979]",0.6289598941802979
00013811.npy,1,1,"[-0.012764837592840195, 0.0665459856390953]","[0.4801826477050781, 0.5198172926902771]",0.5198172926902771
00013812.npy,1,1,"[-0.32159966230392456, 0.23061317205429077]","[0.3653511703014374, 0.634648859500885]",0.634648859500885
00013813.npy,1,1,"[-0.24673935770988464, 0.22228136658668518]","[0.38484805822372437, 0.6151519417762756]",0.6151519417762756
00013814.npy,1,1,"[0.07497449964284897, 0.29922497272491455]","[0.44417113065719604, 0.555828869342804]",0.555828869342804
00013815.npy,1,1,"[-0.07907745987176895, 0.2154230773448944]","[0.4269024133682251, 0.5730975866317749]",0.5730975866317749
00013816.npy,1,1,"[-0.05779993161559105, 0.4340951442718506]","[0.37944725155830383, 0.6205527186393738]",0.6205527186393738
00013817.npy,1,1,"[-0.12745657563209534, 0.17000147700309753]","[0.42617902159690857, 0.5738210082054138]",0.5738210082054138
00013818.npy,1,1,"[-0.15950897336006165, 0.2725990116596222]","[0.39362308382987976, 0.6063769459724426]",0.6063769459724426
00013819.npy,1,1,"[-0.2661289572715759, 0.22475048899650574]","[0.3796864151954651, 0.6203135251998901]",0.6203135251998901
00013820.npy,1,1,"[-0.06012320518493652, 0.15462392568588257]","[0.44651859998703003, 0.55348140001297]",0.55348140001297
00013821.npy,1,1,"[-0.09318263828754425, 0.3127312958240509]","[0.39989230036735535, 0.600107729434967]",0.600107729434967
00013822.npy,1,1,"[0.06128166615962982, 0.6069784164428711]","[0.3668633997440338, 0.6331366300582886]",0.6331366300582886
00013823.npy,1,1,"[-0.13853654265403748, 0.1321200132369995]","[0.43274593353271484, 0.5672540664672852]",0.5672540664672852
00013824.npy,1,1,"[-0.22879108786582947, -0.004219274967908859]","[0.4440918266773224, 0.555908203125]",0.555908203125
00013825.npy,1,1,"[-0.0062328241765499115, 0.3765408992767334]","[0.4054580628871918, 0.5945419073104858]",0.5945419073104858
00013826.npy,1,1,"[-0.03363398462533951, 0.19671976566314697]","[0.44266489148139954, 0.5573351383209229]",0.5573351383209229
00013827.npy,1,1,"[-0.21332556009292603, 0.0562555193901062]","[0.43300995230674744, 0.566990077495575]",0.566990077495575
00013828.npy,1,1,"[-0.14959459006786346, 0.04382120072841644]","[0.4517962336540222, 0.5482037663459778]",0.5482037663459778
00013829.npy,1,1,"[-0.1349470615386963, 0.23080536723136902]","[0.40956777334213257, 0.5904322266578674]",0.5904322266578674
00013830.npy,1,1,"[-0.08734312653541565, 0.15036165714263916]","[0.44085201621055603, 0.5591479539871216]",0.5591479539871216
00013831.npy,1,1,"[-0.19616371393203735, 0.22270917892456055]","[0.39678648114204407, 0.6032134890556335]",0.6032134890556335
00013832.npy,1,1,"[-0.1592639535665512, 0.05036136507987976]","[0.44778475165367126, 0.5522152781486511]",0.5522152781486511
00013833.npy,1,1,"[-0.18531093001365662, 0.34980547428131104]","[0.36932435631752014, 0.6306756734848022]",0.6306756734848022
00013834.npy,1,1,"[-0.2549682855606079, 0.15821576118469238]","[0.39814889430999756, 0.6018511056900024]",0.6018511056900024
00013835.npy,0,1,"[-0.20994678139686584, 0.12630999088287354]","[0.4167190492153168, 0.5832809805870056]",0.5832809805870056
00013836.npy,1,1,"[-0.3504992425441742, 0.37226107716560364]","[0.32678544521331787, 0.6732145547866821]",0.6732145547866821
00013837.npy,1,1,"[-0.15642580389976501, 0.20748382806777954]","[0.41001349687576294, 0.5899865627288818]",0.5899865627288818
00013838.npy,1,1,"[-0.1995207965373993, 0.2812630236148834]","[0.38206708431243896, 0.6179329752922058]",0.6179329752922058
00013839.npy,1,1,"[-0.20140382647514343, 0.054572559893131256]","[0.43635305762290955, 0.5636469125747681]",0.5636469125747681
00013840.npy,1,1,"[0.03636813908815384, 0.3472556471824646]","[0.4228981137275696, 0.5771018862724304]",0.5771018862724304
00013841.npy,1,1,"[-0.05696824565529823, 0.38494616746902466]","[0.39128491282463074, 0.6087151169776917]",0.6087151169776917
00013842.npy,1,1,"[-0.03223022073507309, 0.34450075030326843]","[0.4069155752658844, 0.5930843949317932]",0.5930843949317932
00013843.npy,1,1,"[-0.27994421124458313, 7.859990000724792e-05]","[0.43044817447662354, 0.5695518255233765]",0.5695518255233765
00013844.npy,1,1,"[-0.41882485151290894, 0.0691659078001976]","[0.3803670108318329, 0.6196330189704895]",0.6196330189704895
00013845.npy,1,1,"[-0.019007418304681778, 0.14471644163131714]","[0.4591602385044098, 0.5408397912979126]",0.5408397912979126
00013846.npy,1,1,"[0.04767053574323654, 0.3454541862010956]","[0.42609938979148865, 0.5739006400108337]",0.5739006400108337
00013847.npy,1,1,"[-0.10196304321289062, 0.09654482454061508]","[0.4505353569984436, 0.5494646430015564]",0.5494646430015564
00013848.npy,0,1,"[0.07577557116746902, 0.35829558968544006]","[0.42983606457710266, 0.570163905620575]",0.570163905620575
00013849.npy,1,1,"[-0.15794050693511963, 0.10601771622896194]","[0.43439096212387085, 0.5656090378761292]",0.5656090378761292
00013850.npy,1,1,"[-0.10591018944978714, 0.25816696882247925]","[0.4099729657173157, 0.5900270342826843]",0.5900270342826843
00013851.npy,1,1,"[-0.19350844621658325, 0.18015095591545105]","[0.40765708684921265, 0.5923429131507874]",0.5923429131507874
00013852.npy,1,1,"[0.0008392408490180969, 0.5755589604377747]","[0.36014848947525024, 0.6398515105247498]",0.6398515105247498
00013853.npy,1,1,"[-0.10398615896701813, 0.34421321749687195]","[0.38978898525238037, 0.6102110743522644]",0.6102110743522644
00013854.npy,1,1,"[-0.2428291141986847, 0.1963474452495575]","[0.3919372260570526, 0.6080628037452698]",0.6080628037452698
00013855.npy,1,1,"[0.01577485352754593, 0.5250506401062012]","[0.375363290309906, 0.6246366500854492]",0.6246366500854492
00013856.npy,1,1,"[0.01347023993730545, 0.29200494289398193]","[0.4308130443096161, 0.5691869854927063]",0.5691869854927063
00013857.npy,1,1,"[-0.28189077973365784, 0.14229226112365723]","[0.39551621675491333, 0.6044837832450867]",0.6044837832450867
00013858.npy,1,1,"[0.13958114385604858, 0.4858660399913788]","[0.4142836332321167, 0.5857164263725281]",0.5857164263725281
00013859.npy,1,1,"[-0.12507911026477814, 0.3642303943634033]","[0.3800562620162964, 0.6199437975883484]",0.6199437975883484
00013860.npy,1,1,"[0.05036851018667221, 0.42174357175827026]","[0.40820878744125366, 0.5917911529541016]",0.5917911529541016
00013861.npy,0,1,"[0.061695024371147156, 0.24700823426246643]","[0.4538038372993469, 0.5461961627006531]",0.5461961627006531
00013862.npy,1,1,"[0.04148584604263306, 0.519023597240448]","[0.38283371925354004, 0.61716628074646]",0.61716628074646
00013863.npy,1,1,"[-0.3023499846458435, -0.07738760113716125]","[0.4439953863620758, 0.5560045838356018]",0.5560045838356018
00013864.npy,1,1,"[-0.055372968316078186, 0.027728207409381866]","[0.4792366325855255, 0.5207633376121521]",0.5207633376121521
00013865.npy,0,1,"[-0.18281614780426025, 0.40912023186683655]","[0.35619068145751953, 0.6438093185424805]",0.6438093185424805
00013866.npy,1,1,"[-0.24722400307655334, 0.3403463363647461]","[0.3571925163269043, 0.6428074836730957]",0.6428074836730957
00013867.npy,1,1,"[0.02892376482486725, 0.30213555693626404]","[0.4321187734603882, 0.5678812265396118]",0.5678812265396118
00013868.npy,1,1,"[-0.05381828919053078, 0.3378511369228363]","[0.4033154845237732, 0.596684455871582]",0.596684455871582
00013869.npy,0,1,"[-0.11242827773094177, 0.27455076575279236]","[0.40444475412368774, 0.5955552458763123]",0.5955552458763123
00013870.npy,1,1,"[-0.008303072303533554, 0.41776567697525024]","[0.3950654864311218, 0.604934573173523]",0.604934573173523
00013871.npy,1,1,"[-0.20448338985443115, 0.35433003306388855]","[0.3638220429420471, 0.6361779570579529]",0.6361779570579529
00013872.npy,1,1,"[-0.20684322714805603, 0.01125241070985794]","[0.44569119811058044, 0.5543088316917419]",0.5543088316917419
00013873.npy,1,1,"[-0.5259166955947876, -0.10519758611917496]","[0.39634469151496887, 0.6036553382873535]",0.6036553382873535
00013874.npy,1,1,"[-0.20911270380020142, 0.45927414298057556]","[0.33885815739631653, 0.6611418724060059]",0.6611418724060059
00013875.npy,1,1,"[0.10177689045667648, 0.5804428458213806]","[0.3825671970844269, 0.6174328327178955]",0.6174328327178955
00013876.npy,1,1,"[-0.35520705580711365, 0.17547845840454102]","[0.3703570067882538, 0.6296430230140686]",0.6296430230140686
00013877.npy,1,1,"[0.003918919712305069, 0.4916281998157501]","[0.3804333806037903, 0.6195666790008545]",0.6195666790008545
00013878.npy,1,1,"[-0.482217937707901, 0.015387512743473053]","[0.3781035542488098, 0.6218964457511902]",0.6218964457511902
00013879.npy,1,1,"[-0.12751930952072144, 0.12386739999055862]","[0.43748220801353455, 0.5625177621841431]",0.5625177621841431
00013880.npy,1,1,"[0.06258770078420639, 0.7400242686271667]","[0.336833655834198, 0.663166344165802]",0.663166344165802
00013881.npy,1,1,"[-0.1489555835723877, 0.3448861837387085]","[0.37898895144462585, 0.6210110187530518]",0.6210110187530518
00013882.npy,1,1,"[0.031184442341327667, 0.44076529145240784]","[0.39901259541511536, 0.6009873747825623]",0.6009873747825623
00013883.npy,1,1,"[-0.04543422535061836, -0.041415490210056305]","[0.498995304107666, 0.501004695892334]",0.501004695892334
00013884.npy,1,1,"[0.20033392310142517, 0.8182940483093262]","[0.35024550557136536, 0.6497544646263123]",0.6497544646263123
00013885.npy,1,1,"[0.033914223313331604, 0.2225547730922699]","[0.4529792070388794, 0.5470207333564758]",0.5470207333564758
00013886.npy,1,1,"[0.05074898898601532, 0.3482505679130554]","[0.4261683523654938, 0.5738316178321838]",0.5738316178321838
00013887.npy,1,1,"[-0.08076662570238113, 0.35325515270233154]","[0.39316636323928833, 0.6068335771560669]",0.6068335771560669
00013888.npy,1,1,"[0.18213742971420288, 0.494386225938797]","[0.42256593704223633, 0.5774341225624084]",0.5774341225624084
00013889.npy,1,1,"[-0.3406834006309509, -0.06233561784029007]","[0.43085888028144836, 0.569141149520874]",0.569141149520874
00013890.npy,1,1,"[-0.03201666101813316, 0.3092859983444214]","[0.41549307107925415, 0.5845068693161011]",0.5845068693161011
00013891.npy,1,1,"[-0.016339443624019623, 0.17615166306495667]","[0.45202526450157166, 0.5479747653007507]",0.5479747653007507
00013892.npy,1,1,"[-0.23516103625297546, 0.1136951670050621]","[0.41365981101989746, 0.5863401293754578]",0.5863401293754578
00013893.npy,1,1,"[0.14819815754890442, 0.46522125601768494]","[0.42140141129493713, 0.5785986185073853]",0.5785986185073853
00013894.npy,1,1,"[-0.009224485605955124, 0.5034485459327698]","[0.3745671212673187, 0.6254328489303589]",0.6254328489303589
00013895.npy,1,1,"[-0.30417361855506897, 0.07150810211896896]","[0.40716883540153503, 0.5928311944007874]",0.5928311944007874
00013896.npy,1,1,"[-0.24203142523765564, 0.08979421108961105]","[0.41779646277427673, 0.5822035074234009]",0.5822035074234009
00013897.npy,1,1,"[-0.15513989329338074, 0.3512057662010193]","[0.37605059146881104, 0.623949408531189]",0.623949408531189
00013898.npy,1,1,"[-0.1002083420753479, 0.016965657472610474]","[0.4707399606704712, 0.5292600393295288]",0.5292600393295288
00013899.npy,1,1,"[-0.2922304570674896, 0.061795324087142944]","[0.4124065637588501, 0.5875934958457947]",0.5875934958457947
00013900.npy,1,1,"[-0.0050188712775707245, 0.4425075352191925]","[0.3899490535259247, 0.6100509166717529]",0.6100509166717529
00013901.npy,1,1,"[0.012154489755630493, 0.3752380609512329]","[0.4102133512496948, 0.58978670835495]",0.58978670835495
00013902.npy,1,1,"[0.00903526321053505, 0.7241891622543335]","[0.32846102118492126, 0.6715390086174011]",0.6715390086174011
00013903.npy,1,1,"[0.002809397876262665, 0.5676586627960205]","[0.36242616176605225, 0.6375738382339478]",0.6375738382339478
00013904.npy,1,1,"[-0.09594926983118057, 0.3420761823654175]","[0.39221155643463135, 0.6077883839607239]",0.6077883839607239
00013905.npy,1,1,"[-0.14273428916931152, 0.4382213354110718]","[0.358712762594223, 0.6412872672080994]",0.6412872672080994
00013906.npy,1,1,"[0.019815795123577118, 0.3657910227775574]","[0.4143587648868561, 0.5856412649154663]",0.5856412649154663
00013907.npy,1,1,"[-0.03752218559384346, 0.08938721567392349]","[0.46831515431404114, 0.5316848754882812]",0.5316848754882812
00013908.npy,1,1,"[-0.3257524371147156, 0.07756251841783524]","[0.400516152381897, 0.599483847618103]",0.599483847618103
00013909.npy,1,1,"[-0.19899272918701172, 0.17118439078330994]","[0.40849822759628296, 0.591501772403717]",0.591501772403717
00013910.npy,1,1,"[-0.17819362878799438, 0.16921254992485046]","[0.41401156783103943, 0.5859884023666382]",0.5859884023666382
00013911.npy,1,1,"[9.390711784362793e-05, 0.3100960850715637]","[0.42311418056488037, 0.5768857598304749]",0.5768857598304749
00013912.npy,1,1,"[-0.11466296017169952, 0.11889088898897171]","[0.44187551736831665, 0.5581244826316833]",0.5581244826316833
00013913.npy,1,1,"[-0.09079235792160034, 0.2695232033729553]","[0.41088318824768066, 0.5891168713569641]",0.5891168713569641
00013914.npy,1,1,"[-0.3271367847919464, 0.13614436984062195]","[0.3862077295780182, 0.6137922406196594]",0.6137922406196594
00013915.npy,1,1,"[-0.015008274465799332, 0.38627469539642334]","[0.4010041356086731, 0.5989958643913269]",0.5989958643913269
00013916.npy,1,1,"[-0.05766931548714638, 0.42898109555244446]","[0.38068294525146484, 0.6193169951438904]",0.6193169951438904
00013917.npy,1,1,"[0.05386307090520859, 0.6481902003288269]","[0.3556426465511322, 0.6443573832511902]",0.6443573832511902
00013918.npy,1,1,"[0.05550292879343033, 0.5569528341293335]","[0.3771999776363373, 0.6227999925613403]",0.6227999925613403
00013919.npy,1,1,"[-0.13346517086029053, 0.23431110382080078]","[0.409078449010849, 0.5909215807914734]",0.5909215807914734
00013920.npy,1,1,"[-0.1972632110118866, 0.08630087226629257]","[0.4295802414417267, 0.5704197883605957]",0.5704197883605957
00013921.npy,1,1,"[-0.12990041077136993, 0.392124205827713]","[0.3723789155483246, 0.6276211142539978]",0.6276211142539978
00013922.npy,1,1,"[-0.0751592144370079, 0.03754609823226929]","[0.47185346484184265, 0.5281465649604797]",0.5281465649604797
00013923.npy,1,1,"[0.14558058977127075, 0.5040492415428162]","[0.41133031249046326, 0.5886697173118591]",0.5886697173118591
00013924.npy,1,1,"[0.022365301847457886, 0.22363311052322388]","[0.44985219836235046, 0.5501477718353271]",0.5501477718353271
00013925.npy,1,1,"[-0.2546387314796448, -0.030464084818959236]","[0.4441898763179779, 0.5558101534843445]",0.5558101534843445
00013926.npy,1,1,"[-0.34081342816352844, 0.2044566571712494]","[0.3669624924659729, 0.6330375075340271]",0.6330375075340271
00013927.npy,1,1,"[0.07015110552310944, 0.31574752926826477]","[0.4389076828956604, 0.5610923767089844]",0.5610923767089844
00013928.npy,1,1,"[-0.14290425181388855, 0.04105868190526962]","[0.45413851737976074, 0.5458614826202393]",0.5458614826202393
00013929.npy,1,1,"[-0.2703183889389038, 0.21925535798072815]","[0.3799940049648285, 0.6200060248374939]",0.6200060248374939
00013930.npy,1,1,"[-0.32876938581466675, -0.16659429669380188]","[0.4595448672771454, 0.540455162525177]",0.540455162525177
00013931.npy,1,1,"[-0.15294837951660156, 0.1215386614203453]","[0.4318058490753174, 0.5681941509246826]",0.5681941509246826
00013932.npy,1,1,"[-0.06072503328323364, 0.3096042275428772]","[0.40846145153045654, 0.5915385484695435]",0.5915385484695435
00013933.npy,1,1,"[-0.07539106905460358, 0.040987469255924225]","[0.47093817591667175, 0.5290618538856506]",0.5290618538856506
00013934.npy,1,1,"[-0.24472001194953918, 0.33297935128211975]","[0.3594621419906616, 0.6405378580093384]",0.6405378580093384
00013935.npy,1,1,"[-0.16596950590610504, 0.12319482117891312]","[0.42820844054222107, 0.5717915296554565]",0.5717915296554565
00013936.npy,1,1,"[-0.022916648536920547, 0.2682841420173645]","[0.4277099072933197, 0.5722900629043579]",0.5722900629043579
00013937.npy,1,1,"[0.012186676263809204, 0.4698752462863922]","[0.38753432035446167, 0.6124656796455383]",0.6124656796455383
00013938.npy,1,1,"[0.10990720242261887, 0.2564614713191986]","[0.4634268581867218, 0.5365731120109558]",0.5365731120109558
00013939.npy,1,1,"[-0.2954201400279999, 0.05558913201093674]","[0.4131377041339874, 0.586862325668335]",0.586862325668335
00013940.npy,1,1,"[-0.24368613958358765, 0.058430254459381104]","[0.42504018545150757, 0.5749597549438477]",0.5749597549438477
00013941.npy,1,1,"[-0.1180623322725296, 0.1605650782585144]","[0.4307903051376343, 0.5692096948623657]",0.5692096948623657
00013942.npy,1,1,"[0.162958562374115, 0.4484045207500458]","[0.42911916971206665, 0.5708808898925781]",0.5708808898925781
00013943.npy,1,1,"[-0.024752140045166016, 0.187238872051239]","[0.44719985127449036, 0.552800178527832]",0.552800178527832
00013944.npy,1,1,"[0.10611727088689804, 0.3083517551422119]","[0.4496130049228668, 0.5503870248794556]",0.5503870248794556
00013945.npy,1,1,"[-0.08279929310083389, 0.13344800472259521]","[0.4461478888988495, 0.5538521409034729]",0.5538521409034729
00013946.npy,1,1,"[-0.4150324761867523, 0.1014828011393547]","[0.3736674189567566, 0.6263325810432434]",0.6263325810432434
00013947.npy,1,1,"[-0.06307359039783478, 0.4652121961116791]","[0.3709167540073395, 0.6290832161903381]",0.6290832161903381
00013948.npy,1,1,"[0.05796821415424347, 0.3473670184612274]","[0.42815107107162476, 0.57184898853302]",0.57184898853302
00013949.npy,0,1,"[-0.05895623564720154, 0.22293394804000854]","[0.4299904406070709, 0.5700095295906067]",0.5700095295906067
00013950.npy,1,1,"[-0.051660120487213135, 0.4327734708786011]","[0.3812057375907898, 0.6187942624092102]",0.6187942624092102
00013951.npy,1,1,"[-0.10641662776470184, 0.009921401739120483]","[0.4709482491016388, 0.5290517210960388]",0.5290517210960388
00013952.npy,1,1,"[0.24959513545036316, 0.8118902444839478]","[0.3630165755748749, 0.6369834542274475]",0.6369834542274475
00013953.npy,1,1,"[-0.03533188998699188, 0.39617589116096497]","[0.3937663733959198, 0.6062336564064026]",0.6062336564064026
00013954.npy,0,1,"[0.10438529402017593, 0.6563447713851929]","[0.3654099106788635, 0.6345900893211365]",0.6345900893211365
00013955.npy,1,1,"[0.04588508605957031, 0.3358132243156433]","[0.42802146077156067, 0.5719785094261169]",0.5719785094261169
00013956.npy,1,1,"[-0.09540128707885742, 0.41654419898986816]","[0.37473756074905396, 0.6252623796463013]",0.6252623796463013
00013957.npy,1,1,"[-0.09703914821147919, 0.13433954119682312]","[0.44241204857826233, 0.5575879812240601]",0.5575879812240601
00013958.npy,1,1,"[0.019299522042274475, 0.4965772330760956]","[0.38289517164230347, 0.6171048283576965]",0.6171048283576965
00013959.npy,1,1,"[0.11988692730665207, 0.39999333024024963]","[0.4304277002811432, 0.5695723295211792]",0.5695723295211792
00013960.npy,1,1,"[-0.2559092044830322, -0.02969292551279068]","[0.4436858594417572, 0.5563141107559204]",0.5563141107559204
00013961.npy,1,1,"[-0.15193280577659607, 0.1284630298614502]","[0.4303567409515381, 0.5696432590484619]",0.5696432590484619
00013962.npy,1,1,"[-0.22710371017456055, 0.0329388752579689]","[0.43535324931144714, 0.5646467804908752]",0.5646467804908752
00013963.npy,1,1,"[0.25850504636764526, 0.509864866733551]","[0.437488853931427, 0.562511146068573]",0.562511146068573
00013964.npy,1,1,"[-0.11297080665826797, 0.2606627345085144]","[0.4076633155345917, 0.5923366546630859]",0.5923366546630859
00013965.npy,1,1,"[0.013239264488220215, 0.4525560438632965]","[0.39190375804901123, 0.608096182346344]",0.608096182346344
00013966.npy,1,1,"[-0.23514699935913086, 0.1491074562072754]","[0.4051011800765991, 0.5948988199234009]",0.5948988199234009
00013967.npy,1,1,"[-0.04075373336672783, 0.07247836142778397]","[0.47172221541404724, 0.5282778143882751]",0.5282778143882751
00013968.npy,1,1,"[-0.2816694974899292, 0.35624274611473083]","[0.345718652009964, 0.6542813777923584]",0.6542813777923584
00013969.npy,1,1,"[-0.10640592873096466, 0.1278962790966034]","[0.44169098138809204, 0.5583090782165527]",0.5583090782165527
00013970.npy,1,1,"[-0.36775779724121094, 0.16883975267410278]","[0.36897942423820496, 0.6310205459594727]",0.6310205459594727
00013971.npy,1,1,"[-0.37055686116218567, 0.2870071530342102]","[0.3412870168685913, 0.6587129235267639]",0.6587129235267639
00013972.npy,1,1,"[-0.10110312700271606, 0.23205313086509705]","[0.41747286915779114, 0.5825271606445312]",0.5825271606445312
00013973.npy,1,1,"[0.12664788961410522, 0.5233696699142456]","[0.40210023522377014, 0.5978997945785522]",0.5978997945785522
00013974.npy,1,1,"[0.07598871737718582, 0.2924833297729492]","[0.44608673453330994, 0.5539132356643677]",0.5539132356643677
00013975.npy,1,1,"[-0.10918921232223511, 0.37440866231918335]","[0.3814029097557068, 0.6185970902442932]",0.6185970902442932
00013976.npy,1,1,"[-0.10998968780040741, 0.21659082174301147]","[0.41907286643981934, 0.5809271335601807]",0.5809271335601807
00013977.npy,0,1,"[-0.209690123796463, 0.2023119330406189]","[0.3984321355819702, 0.6015678644180298]",0.6015678644180298
00013978.npy,1,1,"[-0.006008308380842209, 0.32468536496162415]","[0.4180718660354614, 0.5819281339645386]",0.5819281339645386
00013979.npy,1,1,"[-0.11663978546857834, 0.1829330027103424]","[0.42566192150115967, 0.5743380784988403]",0.5743380784988403
00013980.npy,1,1,"[0.06128866970539093, 0.4002498388290405]","[0.4160618782043457, 0.5839381814002991]",0.5839381814002991
00013981.npy,1,0,"[0.040703922510147095, 0.02815357595682144]","[0.5031375288963318, 0.4968624413013458]",0.4968624413013458
00013982.npy,1,1,"[-0.055789679288864136, 0.10600226372480392]","[0.4596400260925293, 0.5403599739074707]",0.5403599739074707
00013983.npy,1,1,"[-0.2367015779018402, 0.06221921741962433]","[0.42582130432128906, 0.5741786956787109]",0.5741786956787109
00013984.npy,1,1,"[-0.2188146412372589, 0.3742322027683258]","[0.35593608021736145, 0.6440639495849609]",0.6440639495849609
00013985.npy,1,1,"[0.01777886599302292, 0.4231150448322296]","[0.4000309705734253, 0.5999690890312195]",0.5999690890312195
00013986.npy,1,1,"[-0.06420645862817764, 0.3424866199493408]","[0.39970535039901733, 0.6002947092056274]",0.6002947092056274
00013987.npy,1,1,"[-0.3796187937259674, -0.15335798263549805]","[0.44367486238479614, 0.5563251376152039]",0.5563251376152039
00013988.npy,1,1,"[0.21751531958580017, 0.561587393283844]","[0.41482067108154297, 0.585179328918457]",0.585179328918457
00013989.npy,1,1,"[-0.3057897984981537, -0.015722665935754776]","[0.4279874265193939, 0.5720126032829285]",0.5720126032829285
00013990.npy,1,1,"[0.10166990011930466, 0.6048740148544312]","[0.3767879605293274, 0.6232119798660278]",0.6232119798660278
00013991.npy,1,1,"[-0.18227487802505493, 0.1349199414253235]","[0.4213595390319824, 0.5786404013633728]",0.5786404013633728
00013992.npy,1,1,"[-0.19300749897956848, 0.3764394223690033]","[0.3613644242286682, 0.638635516166687]",0.638635516166687
00013993.npy,0,1,"[-0.24569013714790344, 0.09758781641721725]","[0.41501346230506897, 0.5849865674972534]",0.5849865674972534
00013994.npy,0,1,"[-0.2721283733844757, 0.008115813136100769]","[0.43039393424987793, 0.5696060657501221]",0.5696060657501221
00013995.npy,1,1,"[0.10617207735776901, 0.5201960206031799]","[0.39794763922691345, 0.6020523309707642]",0.6020523309707642
00013996.npy,1,1,"[-0.02180183306336403, 0.30278879404067993]","[0.4195573925971985, 0.5804426074028015]",0.5804426074028015
00013997.npy,1,1,"[-0.005273710936307907, 0.5087857246398926]","[0.3742423951625824, 0.62575763463974]",0.62575763463974
00013998.npy,1,1,"[-0.3992626368999481, 0.21649834513664246]","[0.35074618458747864, 0.6492538452148438]",0.6492538452148438
00013999.npy,1,1,"[-0.2767982482910156, 0.09447038918733597]","[0.40823450684547424, 0.5917654633522034]",0.5917654633522034
00014000.npy,1,1,"[-0.45331230759620667, -0.014471426606178284]","[0.3920172154903412, 0.6079828143119812]",0.6079828143119812
00014001.npy,1,1,"[0.20127791166305542, 0.7331485152244568]","[0.37008070945739746, 0.6299193501472473]",0.6299193501472473
00014002.npy,1,1,"[-0.29244351387023926, -0.019723553210496902]","[0.43223947286605835, 0.5677605271339417]",0.5677605271339417
00014003.npy,1,1,"[-0.07266821712255478, 0.158058762550354]","[0.44257277250289917, 0.557427167892456]",0.557427167892456
00014004.npy,1,1,"[-0.22660064697265625, 0.08851612359285355]","[0.4218662977218628, 0.5781337022781372]",0.5781337022781372
00014005.npy,1,1,"[0.1337495744228363, 0.3669649362564087]","[0.4419589936733246, 0.558040976524353]",0.558040976524353
00014006.npy,1,1,"[-0.5213888883590698, 0.04948104918003082]","[0.36103612184524536, 0.6389638781547546]",0.6389638781547546
00014007.npy,1,1,"[-0.08185572177171707, 0.27192723751068115]","[0.4124653935432434, 0.5875346064567566]",0.5875346064567566
00014008.npy,1,1,"[-0.10192300379276276, 0.4217589497566223]","[0.37199166417121887, 0.6280083060264587]",0.6280083060264587
00014009.npy,1,1,"[-0.1718769371509552, 0.1101660206913948]","[0.429953008890152, 0.5700470209121704]",0.5700470209121704
00014010.npy,1,1,"[-0.36076101660728455, -0.12035666406154633]","[0.4401867091655731, 0.5598133206367493]",0.5598133206367493
00014011.npy,1,1,"[0.049822159111499786, 0.36314722895622253]","[0.42230331897735596, 0.577696681022644]",0.577696681022644
00014012.npy,1,1,"[-0.04419097676873207, 0.17002546787261963]","[0.4466497302055359, 0.5533502101898193]",0.5533502101898193
00014013.npy,0,1,"[-0.01629917323589325, 0.13580790162086487]","[0.46204638481140137, 0.5379536151885986]",0.5379536151885986
00014014.npy,1,1,"[-0.3818065822124481, 0.10075978189706802]","[0.3816463053226471, 0.6183536648750305]",0.6183536648750305
00014015.npy,0,1,"[-0.056687526404857635, 0.2925153970718384]","[0.4135757386684418, 0.5864242911338806]",0.5864242911338806
00014016.npy,1,1,"[0.06000170856714249, 0.3007716238498688]","[0.4400966167449951, 0.5599033832550049]",0.5599033832550049
00014017.npy,1,1,"[-0.17830708622932434, 0.23807474970817566]","[0.3973828852176666, 0.6026171445846558]",0.6026171445846558
00014018.npy,1,1,"[0.07574734836816788, 0.3197672665119171]","[0.4392959177494049, 0.5607040524482727]",0.5607040524482727
00014019.npy,1,1,"[-0.19327756762504578, 0.3683628737926483]","[0.36316797137260437, 0.6368319988250732]",0.6368319988250732
00014020.npy,1,1,"[-0.21250766515731812, 0.22274652123451233]","[0.3928723633289337, 0.6071276068687439]",0.6071276068687439
00014021.npy,1,1,"[-0.1989729106426239, 0.24635040760040283]","[0.39047327637672424, 0.6095267534255981]",0.6095267534255981
00014022.npy,1,1,"[-0.23151713609695435, 0.2062811553478241]","[0.3922657370567322, 0.6077342629432678]",0.6077342629432678
00014023.npy,1,1,"[-0.29921236634254456, -0.015138387680053711]","[0.4294552803039551, 0.5705447196960449]",0.5705447196960449
00014024.npy,1,1,"[0.13791334629058838, 0.4274308383464813]","[0.42812198400497437, 0.5718780159950256]",0.5718780159950256
00014025.npy,1,1,"[-0.30630406737327576, -0.0069907233119010925]","[0.42572537064552307, 0.5742746591567993]",0.5742746591567993
00014026.npy,1,1,"[-0.15751725435256958, 0.23237082362174988]","[0.40374425053596497, 0.5962557792663574]",0.5962557792663574
00014027.npy,1,1,"[-0.13139882683753967, 0.26807305216789246]","[0.40143924951553345, 0.5985608100891113]",0.5985608100891113
00014028.npy,1,1,"[-0.07616492360830307, 0.48732712864875793]","[0.36273983120918274, 0.6372601389884949]",0.6372601389884949
00014029.npy,0,1,"[-0.0123310387134552, 0.3764090836048126]","[0.40402063727378845, 0.5959793925285339]",0.5959793925285339
00014030.npy,0,1,"[-0.04008574038743973, 0.40359625220298767]","[0.39086395502090454, 0.6091359853744507]",0.6091359853744507
00014031.npy,1,1,"[0.15044331550598145, 0.40818503499031067]","[0.435918927192688, 0.564081072807312]",0.564081072807312
00014032.npy,1,1,"[-0.06896170228719711, 0.07963152974843979]","[0.4629198908805847, 0.5370801091194153]",0.5370801091194153
00014033.npy,0,1,"[0.017616458237171173, 0.451633483171463]","[0.39316749572753906, 0.6068325042724609]",0.6068325042724609
00014034.npy,0,1,"[-0.013234235346317291, 0.2916625738143921]","[0.42436084151268005, 0.5756391286849976]",0.5756391286849976
00014035.npy,1,1,"[0.06199292093515396, 0.498220831155777]","[0.3926401734352112, 0.6073598265647888]",0.6073598265647888
00014036.npy,0,1,"[-0.14795510470867157, -0.09286648035049438]","[0.48623132705688477, 0.5137686729431152]",0.5137686729431152
00014037.npy,1,1,"[-0.08328795433044434, 0.040370531380176544]","[0.4691247344017029, 0.5308753252029419]",0.5308753252029419
00014038.npy,1,1,"[-0.09064308553934097, 0.24983277916908264]","[0.41569390892982483, 0.5843061208724976]",0.5843061208724976
00014039.npy,1,1,"[-0.015070848166942596, 0.20822519063949585]","[0.44440677762031555, 0.5555931925773621]",0.5555931925773621
00014040.npy,1,1,"[0.027617067098617554, 0.14379152655601501]","[0.47098901867866516, 0.5290109515190125]",0.5290109515190125
00014041.npy,1,1,"[-0.009538207203149796, 0.22061944007873535]","[0.44271326065063477, 0.5572867393493652]",0.5572867393493652
00014042.npy,1,1,"[-0.18711304664611816, 0.07501151412725449]","[0.4348415434360504, 0.565158486366272]",0.565158486366272
00014043.npy,1,1,"[-0.2863295078277588, 0.021408632397651672]","[0.42366692423820496, 0.5763330459594727]",0.5763330459594727
00014044.npy,1,1,"[-0.03652171045541763, 0.2610194981098175]","[0.4261586666107178, 0.5738413333892822]",0.5738413333892822
00014045.npy,1,1,"[-0.06551666557788849, 0.4073489308357239]","[0.3839382231235504, 0.616061806678772]",0.616061806678772
00014046.npy,1,1,"[-0.1299818754196167, 0.11678823083639145]","[0.43861863017082214, 0.5613813400268555]",0.5613813400268555
00014047.npy,1,1,"[0.00954769179224968, 0.1730075180530548]","[0.4592258036136627, 0.5407741665840149]",0.5407741665840149
00014048.npy,1,1,"[-0.08707458525896072, 0.3812745213508606]","[0.3850070834159851, 0.6149929165840149]",0.6149929165840149
00014049.npy,1,1,"[-0.27809613943099976, 0.263289213180542]","[0.3678653836250305, 0.6321345567703247]",0.6321345567703247
00014050.npy,1,1,"[0.010505784302949905, 0.2608933448791504]","[0.4377281069755554, 0.5622718334197998]",0.5622718334197998
00014051.npy,1,1,"[0.01636846363544464, 0.698931097984314]","[0.33568960428237915, 0.6643104553222656]",0.6643104553222656
00014052.npy,1,1,"[-0.17841032147407532, 0.10828270763158798]","[0.428813636302948, 0.5711863040924072]",0.5711863040924072
00014053.npy,1,1,"[-0.09781309962272644, 0.1063423827290535]","[0.44913768768310547, 0.5508623123168945]",0.5508623123168945
00014054.npy,1,1,"[0.0577092170715332, 0.34179872274398804]","[0.42945146560668945, 0.5705484747886658]",0.5705484747886658
00014055.npy,1,1,"[-0.05534730106592178, 0.2937391996383667]","[0.4136039614677429, 0.5863960385322571]",0.5863960385322571
00014056.npy,1,1,"[0.05694763362407684, 0.18110719323158264]","[0.4689999222755432, 0.5310000777244568]",0.5310000777244568
00014057.npy,1,1,"[-0.01103486493229866, 0.06283706426620483]","[0.48154041171073914, 0.5184595584869385]",0.5184595584869385
00014058.npy,1,1,"[0.07638568431138992, 0.5384659171104431]","[0.38649246096611023, 0.6135075688362122]",0.6135075688362122
00014059.npy,1,1,"[0.06449262797832489, 0.10257526487112045]","[0.4904805123806, 0.5095195174217224]",0.5095195174217224
00014060.npy,1,1,"[-0.32851916551589966, 0.11285565048456192]","[0.3914134204387665, 0.6085866093635559]",0.6085866093635559
00014061.npy,0,1,"[-0.06465864181518555, 0.16104519367218018]","[0.44381237030029297, 0.556187629699707]",0.556187629699707
00014062.npy,1,1,"[-0.18652117252349854, 0.23152503371238708]","[0.39698439836502075, 0.6030156016349792]",0.6030156016349792
00014063.npy,1,1,"[-0.4697357416152954, 0.004156269133090973]","[0.38369545340538025, 0.6163045167922974]",0.6163045167922974
00014064.npy,0,1,"[-0.61806720495224, -0.22093155980110168]","[0.40200069546699524, 0.5979992747306824]",0.5979992747306824
00014065.npy,1,1,"[-0.05487935617566109, 0.33065739274024963]","[0.4047921895980835, 0.5952078104019165]",0.5952078104019165
00014066.npy,0,1,"[-0.11503581702709198, 0.2350310981273651]","[0.4133661985397339, 0.5866338014602661]",0.5866338014602661
00014067.npy,1,1,"[0.051533691585063934, 0.14020943641662598]","[0.47784557938575745, 0.5221543908119202]",0.5221543908119202
00014068.npy,1,1,"[0.21629005670547485, 0.7617090344429016]","[0.3669278919696808, 0.6330720782279968]",0.6330720782279968
00014069.npy,1,1,"[-0.022408317774534225, 0.19853240251541138]","[0.4449883997440338, 0.5550115704536438]",0.5550115704536438
00014070.npy,0,1,"[-0.2701760530471802, -0.04743266850709915]","[0.4445432722568512, 0.5554567575454712]",0.5554567575454712
00014071.npy,0,1,"[0.05945415794849396, 0.371480792760849]","[0.42262014746665955, 0.5773798823356628]",0.5773798823356628
00014072.npy,1,1,"[-0.17958754301071167, 0.2169347107410431]","[0.40214821696281433, 0.5978518128395081]",0.5978518128395081
00014073.npy,1,1,"[-0.1437409222126007, 0.06858447939157486]","[0.4471171796321869, 0.5528828501701355]",0.5528828501701355
00014074.npy,1,1,"[0.0019446946680545807, 0.20604130625724792]","[0.44915223121643066, 0.5508477687835693]",0.5508477687835693
00014075.npy,1,1,"[-0.05727527290582657, 0.3099061846733093]","[0.40922224521636963, 0.5907777547836304]",0.5907777547836304
00014076.npy,1,1,"[-0.3486742079257965, 0.1955818235874176]","[0.36719805002212524, 0.63280189037323]",0.63280189037323
00014077.npy,1,1,"[-0.08124444633722305, 0.26894789934158325]","[0.41333577036857605, 0.5866641998291016]",0.5866641998291016
00014078.npy,1,1,"[-0.21765241026878357, 0.22898733615875244]","[0.3901600241661072, 0.6098400354385376]",0.6098400354385376
00014079.npy,1,1,"[-0.16025424003601074, 0.04314758628606796]","[0.4493241310119629, 0.5506758689880371]",0.5506758689880371
00014080.npy,1,1,"[-0.2776338458061218, 0.16637134552001953]","[0.3907870352268219, 0.6092129945755005]",0.6092129945755005
00014081.npy,1,1,"[-0.03480169549584389, 0.3061775267124176]","[0.4155716598033905, 0.5844283699989319]",0.5844283699989319
00014082.npy,1,1,"[-0.09668730199337006, 0.2752041220664978]","[0.40808409452438354, 0.5919159650802612]",0.5919159650802612
00014083.npy,1,1,"[0.04666585475206375, 0.2232891023159027]","[0.45595863461494446, 0.5440413951873779]",0.5440413951873779
00014084.npy,1,1,"[-0.04412173852324486, 0.11085581034421921]","[0.4613329768180847, 0.5386670231819153]",0.5386670231819153
00014085.npy,1,1,"[-0.26511117815971375, 0.20959830284118652]","[0.38350215554237366, 0.616497814655304]",0.616497814655304
00014086.npy,1,1,"[0.42292922735214233, 0.6473512053489685]","[0.4441288113594055, 0.5558711886405945]",0.5558711886405945
00014087.npy,1,1,"[-0.47239887714385986, 0.11475782841444016]","[0.35728752613067627, 0.6427125334739685]",0.6427125334739685
00014088.npy,1,1,"[-0.03299888223409653, 0.47643885016441345]","[0.37532535195350647, 0.6246746182441711]",0.6246746182441711
00014089.npy,1,1,"[-0.13534291088581085, 0.21425628662109375]","[0.41347962617874146, 0.5865203738212585]",0.5865203738212585
00014090.npy,1,1,"[-0.19453763961791992, 0.2945999503135681]","[0.38009676337242126, 0.6199032664299011]",0.6199032664299011
00014091.npy,1,1,"[-0.11061079800128937, 0.09936637431383133]","[0.4476977288722992, 0.5523023009300232]",0.5523023009300232
00014092.npy,1,1,"[-0.18897825479507446, 0.28111031651496887]","[0.38459527492523193, 0.6154047250747681]",0.6154047250747681
00014093.npy,1,1,"[0.04218360036611557, 0.4215851426124573]","[0.40627121925354004, 0.5937287211418152]",0.5937287211418152
00014094.npy,1,1,"[-0.21095532178878784, 0.12318455427885056]","[0.4172336757183075, 0.5827663540840149]",0.5827663540840149
00014095.npy,0,1,"[-0.03847303241491318, 0.276452898979187]","[0.42191281914711, 0.5780871510505676]",0.5780871510505676
00014096.npy,1,1,"[0.021158412098884583, 0.28925418853759766]","[0.43337464332580566, 0.5666253566741943]",0.5666253566741943
00014097.npy,1,1,"[0.026406124234199524, 0.2528803050518036]","[0.4436222016811371, 0.5563777685165405]",0.5563777685165405
00014098.npy,0,1,"[-0.2434518039226532, 0.09153083711862564]","[0.4170287549495697, 0.5829712152481079]",0.5829712152481079
00014099.npy,0,1,"[0.12104616314172745, 0.46428051590919495]","[0.4150240421295166, 0.5849759578704834]",0.5849759578704834
00014100.npy,1,1,"[-0.057688158005476, 0.19724911451339722]","[0.4366086721420288, 0.563391387462616]",0.563391387462616
00014101.npy,1,1,"[-0.03319668024778366, 0.43718233704566956]","[0.3845265209674835, 0.6154734492301941]",0.6154734492301941
00014102.npy,1,1,"[-0.027121080085635185, 0.26647210121154785]","[0.4271244406700134, 0.5728755593299866]",0.5728755593299866
00014103.npy,1,1,"[-0.39365530014038086, 0.008820980787277222]","[0.40071752667427063, 0.599282443523407]",0.599282443523407
00014104.npy,1,1,"[0.18512263894081116, 0.3521343767642975]","[0.45834383368492126, 0.5416561365127563]",0.5416561365127563
00014105.npy,0,1,"[-0.3788934350013733, 0.39139220118522644]","[0.3164173364639282, 0.6835826635360718]",0.6835826635360718
00014106.npy,1,1,"[0.18903163075447083, 0.28869470953941345]","[0.4751048684120178, 0.524895191192627]",0.524895191192627
00014107.npy,1,1,"[-0.256026029586792, 0.2225361168384552]","[0.38259169459342957, 0.617408275604248]",0.617408275604248
00014108.npy,1,1,"[-0.03773265704512596, 0.1901487112045288]","[0.44327494502067566, 0.5567250847816467]",0.5567250847816467
00014109.npy,1,1,"[-0.13602806627750397, 0.29240652918815613]","[0.394500195980072, 0.605499804019928]",0.605499804019928
00014110.npy,1,1,"[0.0007695592939853668, 0.4078218638896942]","[0.39961913228034973, 0.6003808975219727]",0.6003808975219727
00014111.npy,0,1,"[0.07013700157403946, 0.10716525465250015]","[0.4907439947128296, 0.5092560052871704]",0.5092560052871704
00014112.npy,0,1,"[-0.2605940103530884, 0.09060085564851761]","[0.413092702627182, 0.5869073271751404]",0.5869073271751404
00014113.npy,0,1,"[0.15043982863426208, 0.5400707721710205]","[0.4038061499595642, 0.5961938500404358]",0.5961938500404358
00014114.npy,0,1,"[0.005287453532218933, 0.21280357241630554]","[0.4483063817024231, 0.5516936779022217]",0.5516936779022217
00014115.npy,0,1,"[-0.019903305917978287, 0.1558951437473297]","[0.4561631977558136, 0.543836772441864]",0.543836772441864
00014116.npy,1,1,"[0.06674385815858841, 0.33722472190856934]","[0.43278905749320984, 0.5672109723091125]",0.5672109723091125
00014117.npy,1,1,"[-0.23269087076187134, 0.2501445412635803]","[0.3815827965736389, 0.6184172034263611]",0.6184172034263611
00014118.npy,1,1,"[-0.31052157282829285, 0.0909392461180687]","[0.40096139907836914, 0.5990386009216309]",0.5990386009216309
00014119.npy,1,1,"[-0.3009305000305176, 0.07102955132722855]","[0.4080674946308136, 0.591932475566864]",0.591932475566864
00014120.npy,1,1,"[0.05161220580339432, 0.5490793585777283]","[0.3781360685825348, 0.6218639016151428]",0.6218639016151428
00014121.npy,1,1,"[0.053058259189128876, 0.11149502545595169]","[0.4853949546813965, 0.5146050453186035]",0.5146050453186035
00014122.npy,1,1,"[0.03869809955358505, 0.36644798517227173]","[0.41878822445869446, 0.5812117457389832]",0.5812117457389832
00014123.npy,1,1,"[-0.03209397941827774, 0.3078114688396454]","[0.4158324599266052, 0.5841675400733948]",0.5841675400733948
00014124.npy,1,1,"[-0.05569359287619591, 0.16087660193443298]","[0.44606807827949524, 0.5539319515228271]",0.5539319515228271
00014125.npy,1,1,"[-0.56541508436203, 0.03187258541584015]","[0.3549644649028778, 0.6450355052947998]",0.6450355052947998
00014126.npy,1,1,"[0.0006911158561706543, 0.38277581334114075]","[0.4056242108345032, 0.5943758487701416]",0.5943758487701416
00014127.npy,1,1,"[-0.13899314403533936, 0.20562231540679932]","[0.41468876600265503, 0.585311233997345]",0.585311233997345
00014128.npy,1,1,"[-0.14718246459960938, 0.1249004378914833]","[0.4323958158493042, 0.5676041841506958]",0.5676041841506958
00014129.npy,1,1,"[0.09584542363882065, 0.40810561180114746]","[0.4225631654262543, 0.5774368643760681]",0.5774368643760681
00014130.npy,1,1,"[-0.40565258264541626, 0.014618642628192902]","[0.39645183086395264, 0.6035481095314026]",0.6035481095314026
00014131.npy,1,1,"[-0.21078985929489136, 0.05081038177013397]","[0.43497034907341003, 0.5650296211242676]",0.5650296211242676
00014132.npy,1,1,"[0.1682581901550293, 0.363602876663208]","[0.45131856203079224, 0.5486814379692078]",0.5486814379692078
00014133.npy,1,1,"[-0.2232099175453186, 0.25766903162002563]","[0.38204461336135864, 0.6179553866386414]",0.6179553866386414
00014134.npy,1,1,"[0.06855548918247223, 0.484904021024704]","[0.39739084243774414, 0.6026091575622559]",0.6026091575622559
00014135.npy,1,1,"[-0.07594115287065506, 0.05770188570022583]","[0.4666388928890228, 0.5333610773086548]",0.5333610773086548
00014136.npy,1,1,"[-0.1442105621099472, -0.00466093048453331]","[0.46516910195350647, 0.5348308682441711]",0.5348308682441711
00014137.npy,1,1,"[-0.22151046991348267, 0.44321319460868835]","[0.3396793007850647, 0.6603206396102905]",0.6603206396102905
00014138.npy,1,1,"[0.02211426943540573, 0.25046929717063904]","[0.44315803050994873, 0.5568419694900513]",0.5568419694900513
00014139.npy,1,1,"[0.15514150261878967, 0.5751222372055054]","[0.3965213894844055, 0.6034786701202393]",0.6034786701202393
00014140.npy,1,1,"[0.04730931669473648, 0.3026203513145447]","[0.4365167021751404, 0.5634832382202148]",0.5634832382202148
00014141.npy,1,1,"[-0.21451720595359802, 0.38562652468681335]","[0.3543108105659485, 0.6456891894340515]",0.6456891894340515
00014142.npy,0,1,"[-0.10742363333702087, 0.1922730803489685]","[0.42563164234161377, 0.574368417263031]",0.574368417263031
00014143.npy,1,1,"[0.04646968096494675, 0.22884494066238403]","[0.45453211665153503, 0.5454678535461426]",0.5454678535461426
00014144.npy,1,1,"[0.07351402193307877, 0.2954537868499756]","[0.44474169611930847, 0.5552582740783691]",0.5552582740783691
00014145.npy,1,1,"[-0.22267106175422668, -0.05013057589530945]","[0.45697158575057983, 0.5430284142494202]",0.5430284142494202
00014146.npy,1,1,"[-0.38670414686203003, 0.12421313673257828]","[0.37497851252555847, 0.6250214576721191]",0.6250214576721191
00014147.npy,1,1,"[-0.07099775224924088, 0.28186193108558655]","[0.41268911957740784, 0.5873108506202698]",0.5873108506202698
00014148.npy,1,1,"[-0.10296929627656937, 0.15623217821121216]","[0.435560017824173, 0.5644400119781494]",0.5644400119781494
00014149.npy,1,1,"[-0.13287150859832764, 0.15998682379722595]","[0.4273042380809784, 0.5726957321166992]",0.5726957321166992
00014150.npy,1,1,"[-0.42786166071891785, -0.21761369705200195]","[0.44763076305389404, 0.552369236946106]",0.552369236946106
00014151.npy,1,1,"[0.13242247700691223, 0.4834875762462616]","[0.413124144077301, 0.5868757963180542]",0.5868757963180542
00014152.npy,1,1,"[-0.1365613341331482, 0.08151259273290634]","[0.44569656252861023, 0.5543034672737122]",0.5543034672737122
00014153.npy,1,1,"[0.1037168875336647, 0.5508540868759155]","[0.39004161953926086, 0.6099583506584167]",0.6099583506584167
00014154.npy,1,1,"[-0.06158456951379776, 0.06135730445384979]","[0.469303160905838, 0.5306968092918396]",0.5306968092918396
00014155.npy,1,1,"[0.05154450982809067, 0.20198318362236023]","[0.46246108412742615, 0.5375388860702515]",0.5375388860702515
00014156.npy,1,1,"[-0.29900646209716797, 0.16084909439086914]","[0.387020081281662, 0.6129798889160156]",0.6129798889160156
00014157.npy,1,1,"[0.02070845663547516, 0.2842232882976532]","[0.4344998896121979, 0.5655000805854797]",0.5655000805854797
00014158.npy,1,1,"[0.05180812627077103, 0.13147681951522827]","[0.4800933599472046, 0.5199066400527954]",0.5199066400527954
00014159.npy,1,1,"[-0.21964573860168457, -0.1349869668483734]","[0.4788479208946228, 0.5211520791053772]",0.5211520791053772
00014160.npy,0,1,"[-0.13658683001995087, 0.13441172242164612]","[0.4326619505882263, 0.5673380494117737]",0.5673380494117737
00014161.npy,1,1,"[-0.22070148587226868, 0.2680889964103699]","[0.3801785707473755, 0.6198214888572693]",0.6198214888572693
00014162.npy,0,1,"[0.046720951795578, 0.3361976444721222]","[0.42813196778297424, 0.5718680024147034]",0.5718680024147034
00014163.npy,1,1,"[-0.22890514135360718, 0.08356214314699173]","[0.42251259088516235, 0.5774873495101929]",0.5774873495101929
00014164.npy,1,1,"[-0.10084126889705658, -0.0660041943192482]","[0.4912916123867035, 0.5087084174156189]",0.5087084174156189
00014165.npy,1,1,"[-0.04073286056518555, 0.20791876316070557]","[0.4381553828716278, 0.5618445873260498]",0.5618445873260498
00014166.npy,1,1,"[-0.21381276845932007, 0.2107793092727661]","[0.3954184353351593, 0.6045815944671631]",0.6045815944671631
00014167.npy,1,1,"[-0.12106162309646606, 0.0745457336306572]","[0.4512535035610199, 0.5487465262413025]",0.5487465262413025
00014168.npy,1,1,"[-0.29956692457199097, -0.18355172872543335]","[0.4710286855697632, 0.5289713144302368]",0.5289713144302368
00014169.npy,1,1,"[0.11904259771108627, 0.4745806157588959]","[0.412040114402771, 0.587959885597229]",0.587959885597229
00014170.npy,1,1,"[-0.1719542145729065, 0.08834738284349442]","[0.43528956174850464, 0.5647104382514954]",0.5647104382514954
00014171.npy,0,1,"[0.062484219670295715, 0.5040839314460754]","[0.3913598358631134, 0.6086401343345642]",0.6086401343345642
00014172.npy,1,1,"[-0.07224807888269424, 0.2743285596370697]","[0.41421279311180115, 0.5857871770858765]",0.5857871770858765
00014173.npy,1,1,"[0.01614496111869812, 0.2862943112850189]","[0.43287041783332825, 0.5671295523643494]",0.5671295523643494
00014174.npy,1,1,"[-0.24132227897644043, 0.23620426654815674]","[0.38283640146255493, 0.6171636581420898]",0.6171636581420898
00014175.npy,1,1,"[-0.08318163454532623, 0.08174265176057816]","[0.45886215567588806, 0.5411378741264343]",0.5411378741264343
00014176.npy,1,1,"[-0.030286721885204315, 0.33267974853515625]","[0.41024163365364075, 0.5897583365440369]",0.5897583365440369
00014177.npy,1,1,"[0.06686022132635117, 0.22596225142478943]","[0.4603081941604614, 0.5396918058395386]",0.5396918058395386
00014178.npy,0,1,"[-0.12069838494062424, 0.34666576981544495]","[0.3852403163909912, 0.6147596836090088]",0.6147596836090088
00014179.npy,0,1,"[-0.04760259762406349, 0.41587984561920166]","[0.3861600160598755, 0.6138399839401245]",0.6138399839401245
00014180.npy,1,1,"[-0.3513947129249573, -0.01007777452468872]","[0.41548964381217957, 0.5845103859901428]",0.5845103859901428
00014181.npy,1,1,"[-0.08454398810863495, 0.2768748104572296]","[0.4106161296367645, 0.5893838405609131]",0.5893838405609131
00014182.npy,1,1,"[-0.1036882996559143, 0.20952287316322327]","[0.4223311245441437, 0.5776688456535339]",0.5776688456535339
00014183.npy,1,1,"[0.24762415885925293, 0.5399150252342224]","[0.42744311690330505, 0.5725569128990173]",0.5725569128990173
00014184.npy,1,1,"[0.16532698273658752, 0.6078242063522339]","[0.39114609360694885, 0.6088539361953735]",0.6088539361953735
00014185.npy,1,1,"[-0.33426469564437866, -0.04023265093564987]","[0.4270170331001282, 0.5729829668998718]",0.5729829668998718
00014186.npy,1,1,"[-0.15400707721710205, 0.018736422061920166]","[0.45692119002342224, 0.5430787801742554]",0.5430787801742554
00014187.npy,1,1,"[0.11128266900777817, 0.45886388421058655]","[0.4139690697193146, 0.586030900478363]",0.586030900478363
00014188.npy,1,1,"[-0.2320162057876587, 0.12501317262649536]","[0.41167888045310974, 0.5883211493492126]",0.5883211493492126
00014189.npy,1,1,"[-0.14278051257133484, 0.10238830000162125]","[0.43901297450065613, 0.5609870553016663]",0.5609870553016663
00014190.npy,1,1,"[-0.042871709913015366, 0.1723109781742096]","[0.4464109539985657, 0.5535890460014343]",0.5535890460014343
00014191.npy,1,1,"[-0.10636380314826965, 0.22843509912490845]","[0.41707342863082886, 0.5829265713691711]",0.5829265713691711
00014192.npy,1,1,"[-0.4506303071975708, -0.09799801558256149]","[0.41274428367614746, 0.5872557759284973]",0.5872557759284973
00014193.npy,1,1,"[0.05688939988613129, 0.2571192681789398]","[0.4501091241836548, 0.54989093542099]",0.54989093542099
00014194.npy,1,1,"[-0.20737498998641968, 0.09530358761548996]","[0.4249027967453003, 0.5750972032546997]",0.5750972032546997
00014195.npy,1,1,"[-3.442913293838501e-05, 0.106927789747715]","[0.47328492999076843, 0.526715099811554]",0.526715099811554
00014196.npy,1,1,"[0.03766987472772598, 0.18019041419029236]","[0.4644300639629364, 0.535569965839386]",0.535569965839386
00014197.npy,1,1,"[0.0793505534529686, 0.22744464874267578]","[0.4630439877510071, 0.5369560122489929]",0.5369560122489929
00014198.npy,1,1,"[0.039707817137241364, 0.264040470123291]","[0.4441508650779724, 0.5558491349220276]",0.5558491349220276
00014199.npy,1,1,"[-0.22415408492088318, -0.16714826226234436]","[0.4857524037361145, 0.5142475962638855]",0.5142475962638855
00014200.npy,1,1,"[0.15570208430290222, 0.5114229917526245]","[0.4119958281517029, 0.5880042314529419]",0.5880042314529419
00014201.npy,1,1,"[0.03485579043626785, 0.41032838821411133]","[0.4072192907333374, 0.5927807092666626]",0.5927807092666626
00014202.npy,1,1,"[0.02023044228553772, 0.473667711019516]","[0.38854384422302246, 0.6114561557769775]",0.6114561557769775
00014203.npy,1,1,"[-0.028118571266531944, 0.1708587110042572]","[0.450419157743454, 0.5495808720588684]",0.5495808720588684
00014204.npy,0,1,"[0.13709962368011475, 0.4499388039112091]","[0.4224218726158142, 0.5775781273841858]",0.5775781273841858
00014205.npy,1,1,"[-0.32086294889450073, -0.0014444217085838318]","[0.42081746459007263, 0.579182505607605]",0.579182505607605
00014206.npy,0,1,"[-0.41137248277664185, 0.11785843223333359]","[0.3706962764263153, 0.6293036937713623]",0.6293036937713623
00014207.npy,1,1,"[0.04290212690830231, 0.5219805836677551]","[0.3824697434902191, 0.6175302267074585]",0.6175302267074585
00014208.npy,1,1,"[-0.08405609428882599, 0.09892325848340988]","[0.45438235998153687, 0.5456176400184631]",0.5456176400184631
00014209.npy,1,1,"[0.012111850082874298, 0.09887800365686417]","[0.4783220589160919, 0.5216779708862305]",0.5216779708862305
00014210.npy,1,1,"[-0.05078446865081787, 0.16671115159988403]","[0.44583946466445923, 0.5541605949401855]",0.5541605949401855
00014211.npy,1,1,"[-0.10279865562915802, 0.15696623921394348]","[0.43542149662971497, 0.5645785331726074]",0.5645785331726074
00014212.npy,1,1,"[-0.3826982378959656, -0.2225916087627411]","[0.46005862951278687, 0.5399413704872131]",0.5399413704872131
00014213.npy,0,1,"[-0.13159827888011932, 0.12020968645811081]","[0.43737855553627014, 0.5626214146614075]",0.5626214146614075
00014214.npy,1,1,"[-0.06962107121944427, 0.11521679908037186]","[0.45392167568206787, 0.5460783839225769]",0.5460783839225769
00014215.npy,1,1,"[-0.13899008929729462, 0.11565157026052475]","[0.4366813898086548, 0.5633186101913452]",0.5633186101913452
00014216.npy,1,1,"[0.022035911679267883, 0.3754824995994568]","[0.41254687309265137, 0.5874531269073486]",0.5874531269073486
00014217.npy,1,1,"[-0.11902311444282532, 0.4176926612854004]","[0.3689519166946411, 0.6310480833053589]",0.6310480833053589
00014218.npy,1,1,"[0.07467520982027054, 0.2124982476234436]","[0.4655986726284027, 0.5344013571739197]",0.5344013571739197
00014219.npy,0,1,"[0.060884326696395874, 0.15427786111831665]","[0.4766685664653778, 0.5233314037322998]",0.5233314037322998
00014220.npy,1,1,"[-0.06831631064414978, 0.01763526350259781]","[0.478525310754776, 0.5214746594429016]",0.5214746594429016
00014221.npy,0,1,"[-0.18899774551391602, 0.05175120383501053]","[0.4401018023490906, 0.5598981976509094]",0.5598981976509094
00014222.npy,0,1,"[-0.3517764210700989, 0.17261415719985962]","[0.3718261420726776, 0.6281738877296448]",0.6281738877296448
00014223.npy,1,1,"[0.1673671305179596, 0.33646780252456665]","[0.45782527327537537, 0.5421746969223022]",0.5421746969223022
00014224.npy,1,1,"[-0.1034131795167923, 0.19737687706947327]","[0.42536434531211853, 0.5746356248855591]",0.5746356248855591
00014225.npy,0,1,"[0.08173001557588577, 0.18605685234069824]","[0.4739419221878052, 0.5260580778121948]",0.5260580778121948
00014226.npy,0,1,"[-0.09887786209583282, 0.3062251806259155]","[0.400086909532547, 0.5999130606651306]",0.5999130606651306
00014227.npy,1,1,"[-0.23478785157203674, 0.007577136158943176]","[0.4397036135196686, 0.5602964162826538]",0.5602964162826538
00014228.npy,1,1,"[-0.19469651579856873, 0.08909057825803757]","[0.42952558398246765, 0.5704744458198547]",0.5704744458198547
00014229.npy,1,1,"[-0.10185245424509048, 0.41179078817367554]","[0.37433984875679016, 0.6256601214408875]",0.6256601214408875
00014230.npy,1,1,"[-0.31074219942092896, 0.0638098195195198]","[0.40744152665138245, 0.5925584435462952]",0.5925584435462952
00014231.npy,1,1,"[-0.513288676738739, 0.22102946043014526]","[0.3242478668689728, 0.6757521629333496]",0.6757521629333496
00014232.npy,1,1,"[-0.03512734919786453, 0.24171146750450134]","[0.4312289357185364, 0.5687710642814636]",0.5687710642814636
00014233.npy,0,1,"[-0.014033913612365723, 0.28576239943504333]","[0.42560726404190063, 0.5743927359580994]",0.5743927359580994
00014234.npy,0,1,"[-0.08776785433292389, 0.20387327671051025]","[0.4276021420955658, 0.5723978281021118]",0.5723978281021118
00014235.npy,1,1,"[-0.20489826798439026, 0.24957111477851868]","[0.3882986605167389, 0.6117013692855835]",0.6117013692855835
00014236.npy,1,1,"[-0.35533320903778076, 0.1498349905014038]","[0.37632691860198975, 0.623673141002655]",0.623673141002655
00014237.npy,1,1,"[-0.13572311401367188, 0.395388126373291]","[0.37025776505470276, 0.6297422647476196]",0.6297422647476196
00014238.npy,1,1,"[-0.11714965105056763, 0.06185261905193329]","[0.4553685486316681, 0.5446314215660095]",0.5446314215660095
00014239.npy,1,1,"[-0.004883334040641785, 0.17556333541870117]","[0.455010324716568, 0.5449896454811096]",0.5449896454811096
00014240.npy,0,1,"[0.07553490251302719, 0.1471354365348816]","[0.4821075201034546, 0.5178924798965454]",0.5178924798965454
00014241.npy,1,1,"[-0.024849405512213707, 0.15970292687416077]","[0.45399242639541626, 0.5460075736045837]",0.5460075736045837
00014242.npy,0,1,"[-0.175799161195755, 0.056860461831092834]","[0.442096084356308, 0.5579039454460144]",0.5579039454460144
00014243.npy,0,1,"[-0.15650290250778198, -0.05200066417455673]","[0.47389817237854004, 0.52610182762146]",0.52610182762146
00014244.npy,0,1,"[-0.01686280220746994, 0.49672362208366394]","[0.37435317039489746, 0.6256468296051025]",0.6256468296051025
00014245.npy,0,1,"[-0.028751838952302933, 0.2389201819896698]","[0.4334786832332611, 0.5665212869644165]",0.5665212869644165
00014246.npy,1,1,"[-0.07895024865865707, 0.48903515934944153]","[0.3617018163204193, 0.6382982134819031]",0.6382982134819031
00014247.npy,0,1,"[0.12883004546165466, 0.3333165943622589]","[0.4490557610988617, 0.5509442687034607]",0.5509442687034607
00014248.npy,0,1,"[0.11182134598493576, 0.5241407752037048]","[0.3983560800552368, 0.6016439199447632]",0.6016439199447632
00014249.npy,0,1,"[-0.0011515803635120392, 0.3651024401187897]","[0.40944647789001465, 0.5905534625053406]",0.5905534625053406
00014250.npy,0,1,"[0.05099695175886154, 0.1848650574684143]","[0.46658286452293396, 0.5334171056747437]",0.5334171056747437
00014251.npy,0,1,"[-0.30186957120895386, 0.01933363825082779]","[0.420382559299469, 0.5796175003051758]",0.5796175003051758
00014252.npy,0,1,"[0.09242034703493118, 0.13270410895347595]","[0.4899304211139679, 0.5100696086883545]",0.5100696086883545
00014253.npy,1,1,"[0.12012771517038345, 0.27384480834007263]","[0.4616461992263794, 0.5383537411689758]",0.5383537411689758
00014254.npy,1,1,"[-0.38071179389953613, 0.08610989898443222]","[0.38536879420280457, 0.614631175994873]",0.614631175994873
00014255.npy,1,1,"[-0.20054471492767334, 0.2292766273021698]","[0.39416900277137756, 0.6058310270309448]",0.6058310270309448
00014256.npy,1,1,"[-0.13715150952339172, 0.3643692135810852]","[0.37718337774276733, 0.6228166818618774]",0.6228166818618774
00014257.npy,1,1,"[-0.21030917763710022, 0.06717751175165176]","[0.4310700595378876, 0.5689299702644348]",0.5689299702644348
00014258.npy,1,1,"[-0.15041926503181458, 0.25134092569351196]","[0.40088951587677, 0.59911048412323]",0.59911048412323
00014259.npy,1,1,"[-0.20446279644966125, 0.20432135462760925]","[0.39920368790626526, 0.6007963418960571]",0.6007963418960571
00014260.npy,1,1,"[-0.1412060409784317, 0.08635064214468002]","[0.4433550536632538, 0.5566449165344238]",0.5566449165344238
00014261.npy,1,1,"[-0.20374852418899536, 0.36809080839157104]","[0.3608125150203705, 0.6391874551773071]",0.6391874551773071
00014262.npy,1,1,"[-0.10597699880599976, 0.11780080944299698]","[0.44428783655166626, 0.555712103843689]",0.555712103843689
00014263.npy,1,1,"[-0.22731712460517883, 0.052556365728378296]","[0.4304847717285156, 0.5695151686668396]",0.5695151686668396
00014264.npy,1,1,"[-0.050194062292575836, 0.311924546957016]","[0.41044679284095764, 0.58955317735672]",0.58955317735672
00014265.npy,1,1,"[-0.015321433544158936, 0.3773270547389984]","[0.40307992696762085, 0.5969201326370239]",0.5969201326370239
00014266.npy,1,1,"[-0.17267024517059326, 0.16717243194580078]","[0.4158477187156677, 0.5841522812843323]",0.5841522812843323
00014267.npy,1,1,"[-0.07450111955404282, 0.0852307453751564]","[0.46015170216560364, 0.539848268032074]",0.539848268032074
00014268.npy,1,1,"[0.03854837268590927, 0.28470873832702637]","[0.43876877427101135, 0.5612311959266663]",0.5612311959266663
00014269.npy,0,1,"[0.06752736121416092, 0.35959377884864807]","[0.42749807238578796, 0.5725019574165344]",0.5725019574165344
00014270.npy,1,1,"[-0.07838492840528488, 0.14484179019927979]","[0.44442394375801086, 0.5555760860443115]",0.5555760860443115
00014271.npy,0,1,"[0.11346615105867386, 0.3043956458568573]","[0.45241209864616394, 0.5475878715515137]",0.5475878715515137
00014272.npy,0,1,"[-0.03722032904624939, 0.2667510211467743]","[0.4245869517326355, 0.5754130482673645]",0.5754130482673645
00014273.npy,0,1,"[-0.10790099203586578, 0.12248783558607101]","[0.4426562190055847, 0.5573437809944153]",0.5573437809944153
00014274.npy,1,1,"[-0.021143216639757156, 0.07456260174512863]","[0.47609180212020874, 0.523908257484436]",0.523908257484436
00014275.npy,1,1,"[-0.16056011617183685, 0.19427338242530823]","[0.4122108221054077, 0.5877891778945923]",0.5877891778945923
00014276.npy,0,1,"[-0.2377854883670807, 0.47496142983436584]","[0.32899215817451477, 0.6710078716278076]",0.6710078716278076
00014277.npy,1,1,"[-0.1362600326538086, 0.07643983513116837]","[0.4470246434211731, 0.5529754161834717]",0.5529754161834717
00014278.npy,1,1,"[0.011499602347612381, 0.3335218131542206]","[0.4201830327510834, 0.579816997051239]",0.579816997051239
00014279.npy,0,1,"[0.20543840527534485, 0.5425254106521606]","[0.4165172576904297, 0.5834827423095703]",0.5834827423095703
00014280.npy,0,1,"[-0.0435914620757103, 0.16231709718704224]","[0.44870397448539734, 0.551296055316925]",0.551296055316925
00014281.npy,1,1,"[-0.004231322556734085, 0.012200437486171722]","[0.49589216709136963, 0.5041078925132751]",0.5041078925132751
00014282.npy,0,1,"[-0.1130109503865242, -0.007359888404607773]","[0.4736117720603943, 0.5263882279396057]",0.5263882279396057
00014283.npy,0,1,"[0.2358303964138031, 0.4788609445095062]","[0.4395396411418915, 0.5604603290557861]",0.5604603290557861
00014284.npy,1,1,"[-0.19202038645744324, 0.09558699280023575]","[0.42858973145484924, 0.5714102983474731]",0.5714102983474731
00014285.npy,1,1,"[0.1516169309616089, 0.2871723771095276]","[0.46616294980049133, 0.533837080001831]",0.533837080001831
00014286.npy,0,1,"[0.016070738434791565, 0.44997701048851013]","[0.39319393038749695, 0.6068060398101807]",0.6068060398101807
00014287.npy,0,1,"[-0.12016157805919647, 0.19604894518852234]","[0.4215995669364929, 0.5784004926681519]",0.5784004926681519
00014288.npy,1,1,"[-0.23310798406600952, 0.050201334059238434]","[0.4296426475048065, 0.5703573226928711]",0.5703573226928711
00014289.npy,1,1,"[-0.13623899221420288, 0.045662909746170044]","[0.45464950799942017, 0.5453504920005798]",0.5453504920005798
00014290.npy,1,1,"[0.04308813810348511, 0.21577003598213196]","[0.45693647861480713, 0.5430635213851929]",0.5430635213851929
00014291.npy,1,1,"[0.027150996029376984, 0.21333128213882446]","[0.45358890295028687, 0.5464110970497131]",0.5464110970497131
00014292.npy,1,1,"[-0.1317962110042572, 0.17526742815971375]","[0.42383164167404175, 0.5761683583259583]",0.5761683583259583
00014293.npy,1,1,"[-0.09674689173698425, 0.14432168006896973]","[0.4400230348110199, 0.5599769353866577]",0.5599769353866577
00014294.npy,0,1,"[-0.010251950472593307, 0.1792149841785431]","[0.4527744650840759, 0.5472255349159241]",0.5472255349159241
00014295.npy,1,1,"[-0.22970500588417053, 0.03590073436498642]","[0.43398621678352356, 0.5660138130187988]",0.5660138130187988
00014296.npy,0,1,"[-0.3095845878124237, -0.06045572832226753]","[0.4380379617214203, 0.5619620680809021]",0.5619620680809021
00014297.npy,1,1,"[-0.3978460431098938, -0.11356896162033081]","[0.4294055104255676, 0.5705944895744324]",0.5705944895744324
00014298.npy,0,1,"[0.06452538818120956, 0.19929900765419006]","[0.4663574993610382, 0.5336424708366394]",0.5336424708366394
00014299.npy,0,1,"[0.10590413957834244, 0.514652669429779]","[0.3992122411727905, 0.6007877588272095]",0.6007877588272095
00014300.npy,0,1,"[0.14792001247406006, 0.29402613639831543]","[0.4635383188724518, 0.5364616513252258]",0.5364616513252258
00014301.npy,1,1,"[-0.23369330167770386, 0.08136095851659775]","[0.4218815565109253, 0.5781185030937195]",0.5781185030937195
00014302.npy,1,1,"[-0.11123520880937576, 0.22978171706199646]","[0.4155625104904175, 0.5844374895095825]",0.5844374895095825
00014303.npy,1,1,"[-0.3116936981678009, 0.1565634310245514]","[0.3850288689136505, 0.6149711608886719]",0.6149711608886719
00014304.npy,0,1,"[0.16859892010688782, 0.47612902522087097]","[0.42371776700019836, 0.576282262802124]",0.576282262802124
00014305.npy,1,1,"[0.0346127524971962, 0.20196112990379333]","[0.45826029777526855, 0.5417397618293762]",0.5417397618293762
00014306.npy,0,1,"[0.16126307845115662, 0.4115353226661682]","[0.4377564787864685, 0.5622435212135315]",0.5622435212135315
00014307.npy,1,1,"[-0.0012354739010334015, 0.18580451607704163]","[0.4533758759498596, 0.5466241836547852]",0.5466241836547852
00014308.npy,0,1,"[0.22422349452972412, 0.5442447662353516]","[0.4206705689430237, 0.5793294310569763]",0.5793294310569763
00014309.npy,0,1,"[-0.21006068587303162, 0.14818301796913147]","[0.41138479113578796, 0.5886152386665344]",0.5886152386665344
00014310.npy,0,1,"[0.07778622955083847, 0.2778838574886322]","[0.4501418471336365, 0.5498581528663635]",0.5498581528663635
00014311.npy,0,1,"[-0.13441786170005798, 0.24782967567443848]","[0.4055849611759186, 0.5944150686264038]",0.5944150686264038
00014312.npy,0,1,"[0.07563997060060501, 0.146408349275589]","[0.4823153018951416, 0.5176847577095032]",0.5176847577095032
00014313.npy,0,1,"[-0.2652040719985962, 0.08993514627218246]","[0.4121367633342743, 0.5878632664680481]",0.5878632664680481
00014314.npy,0,1,"[0.15939626097679138, 0.6346520781517029]","[0.3833729922771454, 0.6166269779205322]",0.6166269779205322
00014315.npy,0,1,"[0.17856726050376892, 0.7066897749900818]","[0.37095487117767334, 0.6290451288223267]",0.6290451288223267
00014316.npy,0,1,"[-0.18357020616531372, 0.005038246512413025]","[0.4529871642589569, 0.5470128059387207]",0.5470128059387207
00014317.npy,1,1,"[-0.170113667845726, 0.18835440278053284]","[0.4113304316997528, 0.5886695384979248]",0.5886695384979248
00014318.npy,0,1,"[-0.0647861659526825, 0.3697052597999573]","[0.3930543065071106, 0.6069456338882446]",0.6069456338882446
00014319.npy,0,1,"[-0.08972403407096863, 0.19106248021125793]","[0.43026095628738403, 0.569739043712616]",0.569739043712616
00014320.npy,0,1,"[-0.09440310299396515, 0.062287814915180206]","[0.4609071910381317, 0.5390927791595459]",0.5390927791595459
00014321.npy,0,1,"[-0.13680583238601685, 0.2534753084182739]","[0.40364962816238403, 0.596350371837616]",0.596350371837616
00014322.npy,0,1,"[-0.15467098355293274, 0.2970205247402191]","[0.3889586627483368, 0.6110413670539856]",0.6110413670539856
00014323.npy,0,1,"[-0.15629234910011292, 0.1917116641998291]","[0.4138665199279785, 0.5861334800720215]",0.5861334800720215
00014324.npy,0,1,"[-0.3064863085746765, 0.2414322793483734]","[0.36634746193885803, 0.6336525678634644]",0.6336525678634644
00014325.npy,0,1,"[-0.12714849412441254, 0.08716078847646713]","[0.44662681221961975, 0.5533732175827026]",0.5533732175827026
00014326.npy,0,1,"[0.00922420248389244, 0.3275291621685028]","[0.42108890414237976, 0.5789110660552979]",0.5789110660552979
00014327.npy,0,1,"[-0.014305368065834045, 0.1585713028907776]","[0.4568881392478943, 0.5431118607521057]",0.5431118607521057
00014328.npy,0,1,"[0.22769898176193237, 0.5023863315582275]","[0.4317567050457001, 0.5682432651519775]",0.5682432651519775
00014329.npy,0,1,"[-0.08044075965881348, 0.2890920042991638]","[0.4086539149284363, 0.591346025466919]",0.591346025466919
00014330.npy,0,1,"[-0.15800505876541138, 0.04908480495214462]","[0.4484117925167084, 0.551588237285614]",0.551588237285614
00014331.npy,0,1,"[0.028706975281238556, 0.4100742042064667]","[0.40579718351364136, 0.5942028164863586]",0.5942028164863586
00014332.npy,0,1,"[-0.06490559875965118, 0.19413411617279053]","[0.43559980392456055, 0.5644001960754395]",0.5644001960754395
00014333.npy,0,1,"[-0.07831647992134094, 0.34460651874542236]","[0.39581751823425293, 0.6041824817657471]",0.6041824817657471
00014334.npy,0,1,"[0.03480374068021774, 0.3237402141094208]","[0.4282642602920532, 0.5717357397079468]",0.5717357397079468
00014335.npy,0,1,"[0.03674978017807007, 0.6001029014587402]","[0.36277198791503906, 0.6372280120849609]",0.6372280120849609
00014336.npy,0,1,"[0.23790952563285828, 0.6859081983566284]","[0.38983672857284546, 0.6101632714271545]",0.6101632714271545
00014337.npy,0,1,"[0.1521720588207245, 0.3280073404312134]","[0.45615407824516296, 0.5438459515571594]",0.5438459515571594
00014338.npy,1,1,"[-0.20406916737556458, 0.28314557671546936]","[0.38054993748664856, 0.6194500923156738]",0.6194500923156738
00014339.npy,0,1,"[-0.26047149300575256, 0.08952892571687698]","[0.41338232159614563, 0.586617648601532]",0.586617648601532
00014340.npy,0,1,"[-0.2553718090057373, -0.04549690708518028]","[0.44772306084632874, 0.5522769689559937]",0.5522769689559937
00014341.npy,0,1,"[-0.16511613130569458, 0.3837382197380066]","[0.3661302626132965, 0.6338697075843811]",0.6338697075843811
00014342.npy,0,1,"[-0.039935383945703506, 0.2388378083705902]","[0.43075457215309143, 0.569245457649231]",0.569245457649231
00014343.npy,0,1,"[-0.01725408062338829, 0.11747758835554123]","[0.4663679301738739, 0.5336320400238037]",0.5336320400238037
00014344.npy,0,1,"[-0.14009989798069, 0.11743336170911789]","[0.4359701871871948, 0.5640298128128052]",0.5640298128128052
00014345.npy,0,1,"[0.1440826654434204, 0.3800565004348755]","[0.44127875566482544, 0.5587212443351746]",0.5587212443351746
00014346.npy,0,1,"[0.3475445806980133, 0.5056416988372803]","[0.46055781841278076, 0.5394421219825745]",0.5394421219825745
00014347.npy,1,1,"[0.12892141938209534, 0.3690412640571594]","[0.44025686383247375, 0.5597431659698486]",0.5597431659698486
00014348.npy,1,1,"[0.03976478427648544, 0.38621148467063904]","[0.4142443835735321, 0.5857556462287903]",0.5857556462287903
00014349.npy,0,1,"[0.1969623863697052, 0.5396685600280762]","[0.41515225172042847, 0.5848477482795715]",0.5848477482795715
00014350.npy,0,1,"[-0.02276672050356865, 0.12054786831140518]","[0.46423253417015076, 0.5357674360275269]",0.5357674360275269
00014351.npy,0,1,"[-0.1159302219748497, 0.35164332389831543]","[0.3851907551288605, 0.6148092746734619]",0.6148092746734619
00014352.npy,1,1,"[-0.19765254855155945, 0.14096561074256897]","[0.4161452054977417, 0.5838547945022583]",0.5838547945022583
00014353.npy,0,1,"[-0.1635521650314331, 0.21321475505828857]","[0.40690693259239197, 0.5930930972099304]",0.5930930972099304
00014354.npy,0,1,"[0.018486440181732178, 0.1996314823627472]","[0.4548371732234955, 0.5451628565788269]",0.5451628565788269
00014355.npy,0,1,"[-0.1425730586051941, 0.4050999879837036]","[0.3664044439792633, 0.6335955262184143]",0.6335955262184143
00014356.npy,0,1,"[0.2171599268913269, 0.645718514919281]","[0.39447057247161865, 0.6055294275283813]",0.6055294275283813
00014357.npy,1,1,"[-0.18018007278442383, -0.08512107282876968]","[0.47625312209129333, 0.5237468481063843]",0.5237468481063843
00014358.npy,0,1,"[0.024725988507270813, 0.31186315417289734]","[0.4287048876285553, 0.5712950825691223]",0.5712950825691223
00014359.npy,1,1,"[0.39750921726226807, 0.8784751296043396]","[0.3820240795612335, 0.6179759502410889]",0.6179759502410889
00014360.npy,0,1,"[0.06235455721616745, 0.2884773313999176]","[0.44370895624160767, 0.5562910437583923]",0.5562910437583923
00014361.npy,0,1,"[0.13799893856048584, 0.35923314094543457]","[0.4449159801006317, 0.5550840497016907]",0.5550840497016907
00014362.npy,0,1,"[-0.3789142668247223, 0.239582359790802]","[0.35012343525886536, 0.649876594543457]",0.649876594543457
00014363.npy,0,1,"[-0.28275400400161743, 0.005864650011062622]","[0.4283420741558075, 0.5716579556465149]",0.5716579556465149
00014364.npy,0,1,"[-0.0790545791387558, 0.2788518965244293]","[0.41146644949913025, 0.5885335803031921]",0.5885335803031921
00014365.npy,0,1,"[-0.10866720229387283, 0.026956669986248016]","[0.46614590287208557, 0.533854067325592]",0.533854067325592
00014366.npy,0,1,"[-0.2258230745792389, 0.028536513447761536]","[0.43675073981285095, 0.5632492303848267]",0.5632492303848267
00014367.npy,0,1,"[-0.29843005537986755, 0.2692588269710541]","[0.36177024245262146, 0.6382297277450562]",0.6382297277450562
00014368.npy,0,1,"[-0.38441604375839233, 0.2908216118812561]","[0.3373250365257263, 0.6626750230789185]",0.6626750230789185
00014369.npy,1,1,"[-0.05109849199652672, 0.09344906359910965]","[0.46392589807510376, 0.5360741019248962]",0.5360741019248962
00014370.npy,0,1,"[-0.1489211916923523, 0.4773155748844147]","[0.34836435317993164, 0.6516357064247131]",0.6516357064247131
00014371.npy,0,1,"[-0.22325655817985535, 0.4070177376270294]","[0.34744834899902344, 0.6525517106056213]",0.6525517106056213
00014372.npy,0,1,"[0.04348060488700867, 0.29576289653778076]","[0.43726181983947754, 0.5627381801605225]",0.5627381801605225
00014373.npy,0,1,"[0.0022122561931610107, 0.42470046877861023]","[0.3959214985370636, 0.6040785312652588]",0.6040785312652588
00014374.npy,0,1,"[-0.07257720828056335, 0.21776366233825684]","[0.4279204308986664, 0.572079598903656]",0.572079598903656
00014375.npy,1,1,"[0.029295526444911957, 0.21115419268608093]","[0.45466020703315735, 0.5453397631645203]",0.5453397631645203
00014376.npy,1,1,"[0.0938812866806984, 0.3314889669418335]","[0.44087597727775574, 0.5591239929199219]",0.5591239929199219
00014377.npy,0,1,"[0.14533165097236633, 0.27110952138900757]","[0.4685969054698944, 0.5314030647277832]",0.5314030647277832
00014378.npy,0,1,"[-0.5257044434547424, 0.0006387978792190552]","[0.3713701665401459, 0.6286298036575317]",0.6286298036575317
00014379.npy,0,1,"[-0.03813670948147774, 0.19303908944129944]","[0.44246208667755127, 0.5575379133224487]",0.5575379133224487
00014380.npy,0,1,"[-0.04638136178255081, 0.12548649311065674]","[0.4571385085582733, 0.5428615212440491]",0.5428615212440491
00014381.npy,0,1,"[0.07310256361961365, 0.33811649680137634]","[0.43413159251213074, 0.5658684372901917]",0.5658684372901917
00014382.npy,0,1,"[-0.09325017035007477, 0.1440514326095581]","[0.4409514367580414, 0.5590485334396362]",0.5590485334396362
00014383.npy,0,1,"[0.14389356970787048, 0.4932543933391571]","[0.4135374426841736, 0.5864625573158264]",0.5864625573158264
00014384.npy,0,1,"[0.021491996943950653, 0.30046209692955017]","[0.43070629239082336, 0.569293737411499]",0.569293737411499
00014385.npy,0,1,"[-0.23612242937088013, 0.17343682050704956]","[0.3990178108215332, 0.6009821891784668]",0.6009821891784668
00014386.npy,0,1,"[0.2949070930480957, 0.7154715657234192]","[0.396381676197052, 0.603618323802948]",0.603618323802948
00014387.npy,1,1,"[-0.05251184105873108, 0.15528681874275208]","[0.44823649525642395, 0.5517635345458984]",0.5517635345458984
00014388.npy,1,1,"[-0.2557024359703064, 0.24633678793907166]","[0.3770615756511688, 0.6229384541511536]",0.6229384541511536
00014389.npy,1,1,"[0.11997469514608383, 0.37951424717903137]","[0.4354768991470337, 0.5645231008529663]",0.5645231008529663
00014390.npy,0,1,"[0.03830663859844208, 0.36422955989837646]","[0.4192329943180084, 0.580767035484314]",0.580767035484314
00014391.npy,0,1,"[-0.01676912233233452, 0.2854229807853699]","[0.4250217080116272, 0.5749782919883728]",0.5749782919883728
00014392.npy,0,1,"[0.1257900893688202, 0.27441665530204773]","[0.46291160583496094, 0.5370883941650391]",0.5370883941650391
00014393.npy,0,1,"[-0.22069084644317627, 0.18698444962501526]","[0.39946967363357544, 0.6005303859710693]",0.6005303859710693
00014394.npy,1,1,"[0.07237853854894638, 0.32229748368263245]","[0.4378434717655182, 0.5621565580368042]",0.5621565580368042
00014395.npy,1,1,"[0.10929767042398453, 0.4949187934398651]","[0.4047718644142151, 0.5952281355857849]",0.5952281355857849
00014396.npy,0,1,"[0.1418299376964569, 0.38446980714797974]","[0.43963590264320374, 0.5603641271591187]",0.5603641271591187
00014397.npy,0,1,"[-0.2916008532047272, 0.021234281361103058]","[0.4224228858947754, 0.5775771737098694]",0.5775771737098694
00014398.npy,0,1,"[-0.2781902551651001, 0.11629379540681839]","[0.40263834595680237, 0.59736168384552]",0.59736168384552
00014399.npy,0,1,"[-0.19018739461898804, 0.2986684739589691]","[0.38016313314437866, 0.6198368668556213]",0.6198368668556213
00014400.npy,0,1,"[-0.09899227321147919, 0.36922183632850647]","[0.3850390315055847, 0.6149609684944153]",0.6149609684944153
00014401.npy,0,1,"[-0.05855172127485275, 0.5069584250450134]","[0.3622734844684601, 0.6377264857292175]",0.6377264857292175
00014402.npy,0,1,"[0.037328578531742096, 0.09916944056749344]","[0.4845447242259979, 0.5154553055763245]",0.5154553055763245
00014403.npy,0,1,"[-0.027487698942422867, 0.20328673720359802]","[0.4425610899925232, 0.5574389100074768]",0.5574389100074768
00014404.npy,0,1,"[-0.25485172867774963, 0.04684096574783325]","[0.4251437187194824, 0.5748562216758728]",0.5748562216758728
00014405.npy,0,1,"[0.15405088663101196, 0.331894189119339]","[0.4556559920310974, 0.5443440079689026]",0.5443440079689026
00014406.npy,0,1,"[-0.09784972667694092, 0.30554184317588806]","[0.4004977345466614, 0.5995022058486938]",0.5995022058486938
00014407.npy,0,1,"[0.04813481122255325, 0.09731105715036392]","[0.4877084195613861, 0.5122916102409363]",0.5122916102409363
00014408.npy,0,1,"[-0.05588439106941223, 0.01399654895067215]","[0.48253685235977173, 0.5174630880355835]",0.5174630880355835
00014409.npy,0,1,"[-0.022482844069600105, 0.13268637657165527]","[0.4612853229045868, 0.5387146472930908]",0.5387146472930908
00014410.npy,0,1,"[-0.05935266241431236, 0.18426233530044556]","[0.4393956661224365, 0.5606042742729187]",0.5606042742729187
00014411.npy,0,1,"[-0.13381904363632202, 0.19322773814201355]","[0.418959379196167, 0.581040620803833]",0.581040620803833
00014412.npy,1,1,"[-0.05222594365477562, 0.19656789302825928]","[0.43812039494514465, 0.5618796348571777]",0.5618796348571777
00014413.npy,0,1,"[-0.09809573739767075, 0.31604138016700745]","[0.39792051911354065, 0.602079451084137]",0.602079451084137
00014414.npy,0,1,"[0.03186587989330292, 0.1408369541168213]","[0.472784161567688, 0.527215838432312]",0.527215838432312
00014415.npy,0,1,"[0.06871770322322845, 0.3520979881286621]","[0.4296252429485321, 0.5703747272491455]",0.5703747272491455
00014416.npy,0,1,"[-0.12480100989341736, 0.2756122350692749]","[0.40121304988861084, 0.5987869501113892]",0.5987869501113892
00014417.npy,1,1,"[-0.14960148930549622, 0.11422067135572433]","[0.43442437052726746, 0.5655755996704102]",0.5655755996704102
00014418.npy,0,1,"[-0.13001063466072083, 0.08626437932252884]","[0.4461410343647003, 0.5538589358329773]",0.5538589358329773
00014419.npy,0,1,"[-0.16005370020866394, 0.010646320879459381]","[0.45742830634117126, 0.5425716638565063]",0.5425716638565063
00014420.npy,1,1,"[-0.0008433051407337189, 0.2333628237247467]","[0.44171464443206787, 0.5582853555679321]",0.5582853555679321
00014421.npy,0,1,"[0.06774316728115082, 0.07626532763242722]","[0.49786949157714844, 0.5021305680274963]",0.5021305680274963
00014422.npy,1,0,"[0.18054300546646118, 0.151650071144104]","[0.5072227716445923, 0.4927772879600525]",0.4927772879600525
00014423.npy,0,1,"[-0.03486650437116623, 0.16657766699790955]","[0.4498085379600525, 0.5501914024353027]",0.5501914024353027
00014424.npy,0,1,"[-0.018196582794189453, 0.033470235764980316]","[0.48708614706993103, 0.5129138231277466]",0.5129138231277466
00014425.npy,1,1,"[-0.018952880054712296, 0.18679985404014587]","[0.44874250888824463, 0.5512574911117554]",0.5512574911117554
00014426.npy,0,1,"[-0.26021289825439453, 0.07743237167596817]","[0.4163815975189209, 0.5836184024810791]",0.5836184024810791
00014427.npy,0,1,"[0.1494678556919098, 0.4757707417011261]","[0.41914045810699463, 0.5808594822883606]",0.5808594822883606
00014428.npy,0,1,"[-0.13439056277275085, -0.025811519473791122]","[0.47288188338279724, 0.5271181464195251]",0.5271181464195251
00014429.npy,0,1,"[0.2073064148426056, 0.49164703488349915]","[0.42938995361328125, 0.5706100463867188]",0.5706100463867188
00014430.npy,0,1,"[-0.05050291493535042, 0.17296206951141357]","[0.4443650543689728, 0.5556349158287048]",0.5556349158287048
00014431.npy,0,1,"[0.2875591218471527, 0.5550388097763062]","[0.4335259199142456, 0.5664740800857544]",0.5664740800857544
00014432.npy,0,1,"[-0.03665223345160484, 0.3791472017765045]","[0.39752233028411865, 0.6024776697158813]",0.6024776697158813
00014433.npy,0,1,"[-0.06294815987348557, 0.1255365014076233]","[0.45301786065101624, 0.5469821691513062]",0.5469821691513062
00014434.npy,0,1,"[-0.2085653841495514, 0.059340693056583405]","[0.43342125415802, 0.5665788054466248]",0.5665788054466248
00014435.npy,0,1,"[0.2843530476093292, 0.47440817952156067]","[0.4526287019252777, 0.5473712682723999]",0.5473712682723999
00014436.npy,0,1,"[0.042457520961761475, 0.2716350257396698]","[0.4429550766944885, 0.5570449233055115]",0.5570449233055115
00014437.npy,0,1,"[0.17648059129714966, 0.5270044207572937]","[0.4132554233074188, 0.5867446064949036]",0.5867446064949036
00014438.npy,0,1,"[0.07232217490673065, 0.2510080337524414]","[0.4554470479488373, 0.5445529818534851]",0.5445529818534851
00014439.npy,1,1,"[-0.28267890214920044, 0.11909260600805283]","[0.40088677406311035, 0.5991131663322449]",0.5991131663322449
00014440.npy,0,1,"[0.16783612966537476, 0.32047855854034424]","[0.4619133472442627, 0.5380867123603821]",0.5380867123603821
00014441.npy,1,1,"[0.08975148946046829, 0.43420642614364624]","[0.41472771763801575, 0.5852722525596619]",0.5852722525596619
00014442.npy,0,1,"[0.0629805326461792, 0.2689334452152252]","[0.44869303703308105, 0.5513070225715637]",0.5513070225715637
00014443.npy,0,1,"[0.12179931253194809, 0.3853834569454193]","[0.4344828724861145, 0.5655171275138855]",0.5655171275138855
00014444.npy,0,1,"[-0.2634478807449341, 0.2694132626056671]","[0.3698498010635376, 0.6301501393318176]",0.6301501393318176
00014445.npy,1,1,"[0.15951254963874817, 0.4243934750556946]","[0.43416425585746765, 0.5658357739448547]",0.5658357739448547
00014446.npy,0,1,"[-0.02309764176607132, 0.2965359091758728]","[0.42076507210731506, 0.5792349576950073]",0.5792349576950073
00014447.npy,0,1,"[0.026090681552886963, 0.12224464863538742]","[0.4759800136089325, 0.5240199565887451]",0.5240199565887451
00014448.npy,0,1,"[-0.02505391649901867, 0.17404672503471375]","[0.4503886103630066, 0.5496113896369934]",0.5496113896369934
00014449.npy,0,1,"[-0.2866683900356293, 0.04113656282424927]","[0.41877481341362, 0.5812251567840576]",0.5812251567840576
00014450.npy,0,1,"[-0.12730151414871216, 0.22212710976600647]","[0.4135209918022156, 0.5864790678024292]",0.5864790678024292
00014451.npy,0,1,"[0.08285116404294968, 0.19195061922073364]","[0.4727521538734436, 0.5272478461265564]",0.5272478461265564
00014452.npy,1,1,"[0.19350960850715637, 0.38350141048431396]","[0.452644407749176, 0.547355592250824]",0.547355592250824
00014453.npy,0,1,"[0.1320103108882904, 0.1960933804512024]","[0.48398470878601074, 0.5160152912139893]",0.5160152912139893
00014454.npy,0,1,"[0.40729984641075134, 0.8176149725914001]","[0.39883658289909363, 0.6011634469032288]",0.6011634469032288
00014455.npy,0,1,"[-0.0825614333152771, 0.2893318235874176]","[0.40808361768722534, 0.5919163823127747]",0.5919163823127747
00014456.npy,0,1,"[0.06701546162366867, 0.305809885263443]","[0.4405834674835205, 0.5594165325164795]",0.5594165325164795
00014457.npy,0,1,"[-0.0416545495390892, 0.2570343017578125]","[0.42587804794311523, 0.5741219520568848]",0.5741219520568848
00014458.npy,0,1,"[-0.07109063118696213, 0.29325011372566223]","[0.4099092185497284, 0.590090811252594]",0.590090811252594
00014459.npy,1,1,"[0.10579834133386612, 0.5449699759483337]","[0.39193835854530334, 0.6080616116523743]",0.6080616116523743
00014460.npy,0,1,"[-0.03726561367511749, 0.43537092208862305]","[0.38399243354797363, 0.6160076260566711]",0.6160076260566711
00014461.npy,1,1,"[-0.02374975197017193, 0.24721011519432068]","[0.4326714873313904, 0.5673285126686096]",0.5673285126686096
00014462.npy,0,1,"[-0.12511107325553894, 0.30092838406562805]","[0.39507248997688293, 0.6049275398254395]",0.6049275398254395
00014463.npy,1,1,"[0.005697015672922134, 0.2949782609939575]","[0.4281798303127289, 0.5718201994895935]",0.5718201994895935
00014464.npy,0,1,"[-0.2396765947341919, 0.049500204622745514]","[0.4282054305076599, 0.5717945694923401]",0.5717945694923401
00014465.npy,1,1,"[0.05097977817058563, 0.16947564482688904]","[0.47041064500808716, 0.5295892953872681]",0.5295892953872681
00014466.npy,0,1,"[-0.1170375794172287, 0.015587374567985535]","[0.4668923020362854, 0.5331076979637146]",0.5331076979637146
00014467.npy,0,1,"[-0.2634751498699188, 0.17002052068710327]","[0.3932918906211853, 0.6067080497741699]",0.6067080497741699
00014468.npy,0,1,"[-0.09262342751026154, 0.2959844172000885]","[0.4040524661540985, 0.5959475636482239]",0.5959475636482239
00014469.npy,0,1,"[0.028213992714881897, 0.18505236506462097]","[0.4608705937862396, 0.5391294360160828]",0.5391294360160828
00014470.npy,0,1,"[0.006666366010904312, 0.14378374814987183]","[0.465774267911911, 0.5342257618904114]",0.5342257618904114
00014471.npy,1,1,"[0.0162036195397377, 0.39490076899528503]","[0.4064411520957947, 0.5935588479042053]",0.5935588479042053
00014472.npy,1,1,"[-0.33066120743751526, 0.14466410875320435]","[0.38335657119750977, 0.6166434288024902]",0.6166434288024902
00014473.npy,0,1,"[-0.09696213901042938, 0.11421627551317215]","[0.4474007189273834, 0.5525992512702942]",0.5525992512702942
00014474.npy,0,1,"[-0.11743777245283127, 0.09438086301088333]","[0.44724246859550476, 0.5527575612068176]",0.5527575612068176
00014475.npy,1,1,"[-0.31347206234931946, 0.06356554478406906]","[0.40684160590171814, 0.5931584239006042]",0.5931584239006042
00014476.npy,0,1,"[0.13121607899665833, 0.5613625049591064]","[0.3940913677215576, 0.6059086918830872]",0.6059086918830872
00014477.npy,1,1,"[0.032621510326862335, 0.19935262203216553]","[0.4584135115146637, 0.5415864586830139]",0.5415864586830139
00014478.npy,1,1,"[0.025053054094314575, 0.3117814064025879]","[0.42880499362945557, 0.5711950063705444]",0.5711950063705444
00014479.npy,0,1,"[0.06399203091859818, 0.38091492652893066]","[0.42142581939697266, 0.5785741806030273]",0.5785741806030273
00014480.npy,0,1,"[-0.02743622288107872, 0.09821242839097977]","[0.4686290919780731, 0.5313709378242493]",0.5313709378242493
00014481.npy,0,1,"[0.0723339319229126, 0.21378764510154724]","[0.46469539403915405, 0.5353045463562012]",0.5353045463562012
00014482.npy,1,1,"[-0.018382199108600616, 0.06535240262746811]","[0.47907859086990356, 0.5209214091300964]",0.5209214091300964
00014483.npy,0,1,"[-0.14045071601867676, 0.25354117155075073]","[0.4027567207813263, 0.5972433090209961]",0.5972433090209961
00014484.npy,0,1,"[-0.13314560055732727, 0.12314505130052567]","[0.43627575039863586, 0.5637242197990417]",0.5637242197990417
00014485.npy,0,1,"[0.3589758574962616, 0.6259582042694092]","[0.43364807963371277, 0.5663519501686096]",0.5663519501686096
00014486.npy,1,1,"[-0.034784287214279175, 0.22229021787643433]","[0.43608298897743225, 0.5639169812202454]",0.5639169812202454
00014487.npy,1,1,"[0.19538342952728271, 0.5061458349227905]","[0.42292866110801697, 0.5770713686943054]",0.5770713686943054
00014488.npy,0,1,"[-0.31151601672172546, 0.0718163326382637]","[0.40532344579696655, 0.5946765542030334]",0.5946765542030334
00014489.npy,0,1,"[0.11210187524557114, 0.2913612127304077]","[0.4553048014640808, 0.5446951985359192]",0.5446951985359192
00014490.npy,0,1,"[-0.021639082580804825, 0.4568388760089874]","[0.38261160254478455, 0.6173883676528931]",0.6173883676528931
00014491.npy,0,1,"[0.0709507018327713, 0.6336760520935059]","[0.36291712522506714, 0.6370828747749329]",0.6370828747749329
00014492.npy,0,1,"[-0.10601858794689178, 0.2984500825405121]","[0.4002391993999481, 0.5997608304023743]",0.5997608304023743
00014493.npy,1,1,"[-0.003206983208656311, 0.28390151262283325]","[0.4287119209766388, 0.5712881088256836]",0.5712881088256836
00014494.npy,0,1,"[0.09431732445955276, 0.5214436054229736]","[0.39481276273727417, 0.6051872372627258]",0.6051872372627258
00014495.npy,0,1,"[-0.3821786940097809, -0.07395237684249878]","[0.4235477149486542, 0.5764522552490234]",0.5764522552490234
00014496.npy,0,1,"[0.16099071502685547, 0.37366408109664917]","[0.447031170129776, 0.5529688596725464]",0.5529688596725464
00014497.npy,0,1,"[-0.22447454929351807, 0.13626697659492493]","[0.41078007221221924, 0.5892199873924255]",0.5892199873924255
00014498.npy,0,1,"[0.08531216531991959, 0.30961519479751587]","[0.4441581666469574, 0.5558418035507202]",0.5558418035507202
00014499.npy,0,1,"[-0.32669636607170105, -0.14802893996238708]","[0.4554515779018402, 0.5445483922958374]",0.5445483922958374
00014500.npy,0,1,"[-0.10736624151468277, 0.02520190179347992]","[0.46690642833709717, 0.5330935716629028]",0.5330935716629028
00014501.npy,0,1,"[0.011467572301626205, 0.22498688101768494]","[0.44682204723358154, 0.5531779527664185]",0.5531779527664185
00014502.npy,0,1,"[0.16394591331481934, 0.5014431476593018]","[0.41641756892204285, 0.5835824608802795]",0.5835824608802795
00014503.npy,0,1,"[-0.005780749022960663, 0.1785825788974762]","[0.4540392756462097, 0.5459607243537903]",0.5459607243537903
00014504.npy,0,1,"[0.4475281238555908, 0.8277879953384399]","[0.4060642123222351, 0.5939357876777649]",0.5939357876777649
00014505.npy,1,1,"[-0.0609210804104805, 0.04512270539999008]","[0.4735138714313507, 0.5264861583709717]",0.5264861583709717
00014506.npy,0,1,"[0.11974788457155228, 0.2398071587085724]","[0.47002118825912476, 0.5299788117408752]",0.5299788117408752
00014507.npy,0,1,"[0.13338437676429749, 0.47035035490989685]","[0.41654667258262634, 0.5834532976150513]",0.5834532976150513
00014508.npy,0,1,"[0.08254561573266983, 0.2911818325519562]","[0.4480293393135071, 0.5519706606864929]",0.5519706606864929
00014509.npy,0,1,"[0.02421896904706955, 0.27035167813301086]","[0.43877559900283813, 0.5612244009971619]",0.5612244009971619
00014510.npy,0,1,"[-0.1755577176809311, 0.027260534465312958]","[0.44946855306625366, 0.5505315065383911]",0.5505315065383911
00014511.npy,1,1,"[0.3018968999385834, 0.4605030119419098]","[0.46043139696121216, 0.5395686030387878]",0.5395686030387878
00014512.npy,0,1,"[0.06798433512449265, 0.27809938788414]","[0.44766363501548767, 0.5523363351821899]",0.5523363351821899
00014513.npy,0,1,"[-0.28400886058807373, 0.12657061219215393]","[0.398773193359375, 0.6012268662452698]",0.6012268662452698
00014514.npy,0,1,"[-0.16327941417694092, 0.20886611938476562]","[0.4080227017402649, 0.5919772982597351]",0.5919772982597351
00014515.npy,0,1,"[-0.2738857865333557, -0.0696733146905899]","[0.4491235613822937, 0.5508764386177063]",0.5508764386177063
00014516.npy,0,1,"[-0.15910911560058594, 0.06739635020494461]","[0.44361451268196106, 0.5563855171203613]",0.5563855171203613
00014517.npy,0,1,"[0.15842753648757935, 0.44602635502815247]","[0.428591787815094, 0.5714081525802612]",0.5714081525802612
00014518.npy,0,1,"[-0.07838160544633865, 0.17016470432281494]","[0.4381813406944275, 0.5618186593055725]",0.5618186593055725
00014519.npy,0,1,"[0.014765657484531403, 0.23504972457885742]","[0.44515058398246765, 0.55484938621521]",0.55484938621521
00014520.npy,0,1,"[-0.14225053787231445, 0.046003133058547974]","[0.4530750811100006, 0.546924889087677]",0.546924889087677
00014521.npy,0,1,"[-0.08258253335952759, 0.20229554176330566]","[0.42925825715065, 0.5707417130470276]",0.5707417130470276
00014522.npy,1,1,"[0.019134074449539185, 0.1358310878276825]","[0.4708588123321533, 0.5291411876678467]",0.5291411876678467
00014523.npy,1,1,"[0.2121579647064209, 0.22849240899085999]","[0.4959164559841156, 0.504083514213562]",0.504083514213562
00014524.npy,0,1,"[0.04684774577617645, 0.17749527096748352]","[0.4673845171928406, 0.5326154828071594]",0.5326154828071594
00014525.npy,1,1,"[-0.2196332812309265, 0.04301408678293228]","[0.4347130358219147, 0.5652869343757629]",0.5652869343757629
00014526.npy,0,1,"[0.0018125884234905243, 0.07235973328351974]","[0.482370525598526, 0.5176294445991516]",0.5176294445991516
00014527.npy,1,1,"[-0.0413912758231163, -0.0012439899146556854]","[0.4899645149707794, 0.5100354552268982]",0.5100354552268982
00014528.npy,0,1,"[0.04235025495290756, 0.3297567665576935]","[0.42863890528678894, 0.5713610649108887]",0.5713610649108887
00014529.npy,0,1,"[-0.2816760540008545, -0.09506838768720627]","[0.4534830152988434, 0.546517014503479]",0.546517014503479
00014530.npy,0,1,"[0.22253179550170898, 0.3359344005584717]","[0.4716796875, 0.5283203125]",0.5283203125
00014531.npy,0,1,"[-0.19236207008361816, 0.32671719789505005]","[0.37306755781173706, 0.6269324421882629]",0.6269324421882629
00014532.npy,1,1,"[0.15882331132888794, 0.6352177858352661]","[0.3831039071083069, 0.6168961524963379]",0.6168961524963379
00014533.npy,0,1,"[-0.2068362832069397, -0.09593836218118668]","[0.4723038971424103, 0.5276960730552673]",0.5276960730552673
00014534.npy,1,1,"[0.011147696524858475, 0.3133935332298279]","[0.4250085651874542, 0.5749914646148682]",0.5749914646148682
00014535.npy,0,1,"[-0.03450530022382736, 0.2878563106060028]","[0.42010030150413513, 0.5798996686935425]",0.5798996686935425
00014536.npy,1,1,"[0.09814780205488205, 0.37930336594581604]","[0.430170476436615, 0.5698294639587402]",0.5698294639587402
00014537.npy,1,1,"[-0.1722557246685028, 0.195520281791687]","[0.40907853841781616, 0.5909214615821838]",0.5909214615821838
00014538.npy,0,1,"[0.003134489059448242, 0.0302523672580719]","[0.4932209253311157, 0.5067790150642395]",0.5067790150642395
00014539.npy,0,1,"[0.278591513633728, 0.450321227312088]","[0.45717278122901917, 0.5428272485733032]",0.5428272485733032
00014540.npy,0,1,"[-0.06625906378030777, 0.13579049706459045]","[0.44965875148773193, 0.5503412485122681]",0.5503412485122681
00014541.npy,0,1,"[0.2532312572002411, 0.47454288601875305]","[0.4448968172073364, 0.5551031827926636]",0.5551031827926636
00014542.npy,1,1,"[-0.15574181079864502, 0.055259399116039276]","[0.44744452834129333, 0.5525554418563843]",0.5525554418563843
00014543.npy,1,1,"[-0.08360950648784637, 0.14094698429107666]","[0.4440956115722656, 0.5559043884277344]",0.5559043884277344
00014544.npy,1,1,"[0.18871429562568665, 0.4405776560306549]","[0.43736493587493896, 0.5626351237297058]",0.5626351237297058
00014545.npy,0,1,"[-0.06991402804851532, 0.1607748568058014]","[0.4425821900367737, 0.5574178099632263]",0.5574178099632263
00014546.npy,0,1,"[0.027106262743473053, 0.2341260313987732]","[0.448429137468338, 0.5515708923339844]",0.5515708923339844
00014547.npy,0,1,"[-0.004082661122083664, 0.2487061619758606]","[0.4371372163295746, 0.5628628134727478]",0.5628628134727478
00014548.npy,0,1,"[-0.3689703345298767, 0.21404299139976501]","[0.3582395315170288, 0.6417604684829712]",0.6417604684829712
00014549.npy,0,1,"[-0.2764359712600708, 0.10005868226289749]","[0.40697261691093445, 0.5930273532867432]",0.5930273532867432
00014550.npy,1,1,"[0.09224503487348557, 0.41673895716667175]","[0.41958093643188477, 0.5804190039634705]",0.5804190039634705
00014551.npy,1,1,"[0.061360396444797516, 0.12603452801704407]","[0.4838370680809021, 0.5161628723144531]",0.5161628723144531
00014552.npy,1,1,"[0.010606877505779266, 0.19072580337524414]","[0.4550916254520416, 0.5449084043502808]",0.5449084043502808
00014553.npy,1,1,"[-0.02705833502113819, 0.08069700747728348]","[0.47308722138404846, 0.5269128084182739]",0.5269128084182739
00014554.npy,1,1,"[-0.053857751190662384, 0.0858713909983635]","[0.4651244282722473, 0.5348755717277527]",0.5348755717277527
00014555.npy,0,1,"[0.09811026602983475, 0.49277862906455994]","[0.40259402990341187, 0.5974060297012329]",0.5974060297012329
00014556.npy,0,1,"[-0.4493721127510071, 0.0371909961104393]","[0.38070353865623474, 0.6192964315414429]",0.6192964315414429
00014557.npy,1,1,"[0.01849503070116043, 0.4108751118183136]","[0.4031444787979126, 0.5968555212020874]",0.5968555212020874
00014558.npy,0,1,"[0.057295896112918854, 0.5392669439315796]","[0.3817867934703827, 0.6182132363319397]",0.6182132363319397
00014559.npy,0,1,"[0.009937930852174759, 0.21194320917129517]","[0.4496697187423706, 0.5503302812576294]",0.5503302812576294
00014560.npy,0,1,"[0.027144834399223328, 0.34405675530433655]","[0.42142850160598755, 0.5785714387893677]",0.5785714387893677
00014561.npy,1,1,"[-0.04991539567708969, 0.2635859549045563]","[0.4222603440284729, 0.5777396559715271]",0.5777396559715271
00014562.npy,0,1,"[-0.17026907205581665, 0.2446172535419464]","[0.39774104952812195, 0.6022589206695557]",0.6022589206695557
00014563.npy,0,1,"[-0.0696897879242897, 0.21322616934776306]","[0.4297390282154083, 0.5702609419822693]",0.5702609419822693
00014564.npy,1,1,"[-0.2670890986919403, 0.08345095068216324]","[0.41325148940086365, 0.5867485404014587]",0.5867485404014587
00014565.npy,0,1,"[0.0767795667052269, 0.10518587380647659]","[0.4928988814353943, 0.5071010589599609]",0.5071010589599609
00014566.npy,1,1,"[0.12177032977342606, 0.4901706278324127]","[0.4089276194572449, 0.5910723805427551]",0.5910723805427551
00014567.npy,1,1,"[-0.03934454917907715, 0.004189193248748779]","[0.4891183078289032, 0.5108817219734192]",0.5108817219734192
00014568.npy,0,1,"[0.01037709042429924, 0.05093084275722504]","[0.48986297845840454, 0.5101370811462402]",0.5101370811462402
00014569.npy,0,1,"[-0.00487031415104866, 0.3100953698158264]","[0.421903133392334, 0.578096866607666]",0.578096866607666
00014570.npy,1,1,"[-0.04635438323020935, 0.23205265402793884]","[0.43084436655044556, 0.5691556334495544]",0.5691556334495544
00014571.npy,0,1,"[0.09614165872335434, 0.41713160276412964]","[0.42043453454971313, 0.5795655250549316]",0.5795655250549316
00014572.npy,0,1,"[-0.21186000108718872, 0.24332767724990845]","[0.3881280720233917, 0.6118719577789307]",0.6118719577789307
00014573.npy,1,1,"[-0.1624486744403839, 0.05578833818435669]","[0.44565626978874207, 0.5543437600135803]",0.5543437600135803
00014574.npy,0,1,"[-0.2437371015548706, 0.5860192775726318]","[0.3036966025829315, 0.6963034272193909]",0.6963034272193909
00014575.npy,0,1,"[0.06313611567020416, 0.14400944113731384]","[0.47979265451431274, 0.5202073454856873]",0.5202073454856873
00014576.npy,1,1,"[-0.5041194558143616, -0.07234169542789459]","[0.3937018811702728, 0.6062981486320496]",0.6062981486320496
00014577.npy,1,1,"[-0.09806272387504578, 0.38460075855255127]","[0.38162335753440857, 0.618376612663269]",0.618376612663269
00014578.npy,0,1,"[-0.0983186885714531, -0.07210832089185715]","[0.49344778060913086, 0.5065522193908691]",0.5065522193908691
00014579.npy,0,1,"[0.05438870191574097, 0.15112411975860596]","[0.47583499550819397, 0.5241650342941284]",0.5241650342941284
00014580.npy,0,1,"[0.018894538283348083, 0.45525822043418884]","[0.39260780811309814, 0.6073922514915466]",0.6073922514915466
00014581.npy,0,1,"[0.1565535068511963, 0.47094306349754333]","[0.42204365134239197, 0.5779563188552856]",0.5779563188552856
00014582.npy,1,1,"[-0.1170526072382927, 0.10462292283773422]","[0.44480693340301514, 0.5551930069923401]",0.5551930069923401
00014583.npy,0,1,"[-0.2032538652420044, -0.038340382277965546]","[0.45886480808258057, 0.5411351323127747]",0.5411351323127747
00014584.npy,0,1,"[-0.21124619245529175, -0.09342560172080994]","[0.4705789089202881, 0.5294211506843567]",0.5294211506843567
00014585.npy,0,1,"[0.11348117142915726, 0.33225217461586]","[0.4455243647098541, 0.5544756650924683]",0.5544756650924683
00014586.npy,1,1,"[-0.15780267119407654, 0.11605425924062729]","[0.43196046352386475, 0.5680395364761353]",0.5680395364761353
00014587.npy,0,1,"[0.01787770539522171, 0.47045084834098816]","[0.3887491524219513, 0.6112508773803711]",0.6112508773803711
00014588.npy,0,1,"[-0.23622044920921326, -0.041974179446697235]","[0.45159056782722473, 0.5484094619750977]",0.5484094619750977
00014589.npy,0,1,"[-0.13041391968727112, 0.021757304668426514]","[0.46203047037124634, 0.5379695892333984]",0.5379695892333984
00014590.npy,1,1,"[0.191145658493042, 0.4507339894771576]","[0.43546491861343384, 0.5645350813865662]",0.5645350813865662
00014591.npy,0,1,"[-0.2588741183280945, 0.3520321547985077]","[0.35185250639915466, 0.648147463798523]",0.648147463798523
00014592.npy,1,1,"[-0.2803773581981659, -0.05229756608605385]","[0.4432259500026703, 0.5567740201950073]",0.5567740201950073
00014593.npy,1,1,"[-0.027679944410920143, 0.4750491678714752]","[0.3768995404243469, 0.6231004595756531]",0.6231004595756531
00014594.npy,0,1,"[-0.04861437529325485, 0.14548569917678833]","[0.4516267478466034, 0.5483732223510742]",0.5483732223510742
00014595.npy,0,1,"[-0.2548139989376068, 0.006844721734523773]","[0.43495601415634155, 0.5650439858436584]",0.5650439858436584
00014596.npy,1,1,"[-0.1133454218506813, 0.2566237449645996]","[0.408548504114151, 0.5914515256881714]",0.5914515256881714
00014597.npy,0,1,"[0.07721846550703049, 0.3915538787841797]","[0.4220568835735321, 0.5779431462287903]",0.5779431462287903
00014598.npy,0,1,"[0.1018792912364006, 0.3745402991771698]","[0.43225395679473877, 0.5677460432052612]",0.5677460432052612
00014599.npy,1,1,"[0.05619966983795166, 0.6719037890434265]","[0.3507591485977173, 0.6492409110069275]",0.6492409110069275
00014600.npy,1,1,"[0.023936279118061066, 0.21302324533462524]","[0.45286861062049866, 0.547131359577179]",0.547131359577179
00014601.npy,0,1,"[-0.07979381829500198, 0.18663367629051208]","[0.4337843358516693, 0.5662156343460083]",0.5662156343460083
00014602.npy,0,1,"[0.0010342523455619812, 0.09703134745359421]","[0.47601914405822754, 0.5239808559417725]",0.5239808559417725
00014603.npy,0,1,"[-0.3538084328174591, -0.033964186906814575]","[0.42071372270584106, 0.5792863368988037]",0.5792863368988037
00014604.npy,0,1,"[-0.10215480625629425, 0.0014963224530220032]","[0.4741103947162628, 0.5258895754814148]",0.5258895754814148
00014605.npy,1,1,"[-0.26786717772483826, -0.03771189600229263]","[0.4427138566970825, 0.5572861433029175]",0.5572861433029175
00014606.npy,1,1,"[-0.06252263486385345, 0.023365408182144165]","[0.47854116559028625, 0.5214588046073914]",0.5214588046073914
00014607.npy,0,1,"[0.037105247378349304, 0.2598615288734436]","[0.4445400834083557, 0.5554599165916443]",0.5554599165916443
00014608.npy,0,1,"[-0.020581010729074478, 0.14645346999168396]","[0.4583382308483124, 0.54166179895401]",0.54166179895401
00014609.npy,1,1,"[-0.21946284174919128, -0.05166304111480713]","[0.45814818143844604, 0.5418517589569092]",0.5418517589569092
00014610.npy,1,1,"[0.06749266386032104, 0.5557764172554016]","[0.380297988653183, 0.6197020411491394]",0.6197020411491394
00014611.npy,0,1,"[-0.12010908871889114, 0.43438902497291565]","[0.3648214340209961, 0.6351785659790039]",0.6351785659790039
00014612.npy,0,1,"[0.008564118295907974, 0.14697057008743286]","[0.465453565120697, 0.5345464944839478]",0.5345464944839478
00014613.npy,1,1,"[-0.09875208884477615, -0.007933028042316437]","[0.47731080651283264, 0.522689163684845]",0.522689163684845
00014614.npy,1,1,"[0.020192869007587433, 0.35199856758117676]","[0.4178013503551483, 0.5821986198425293]",0.5821986198425293
00014615.npy,0,1,"[-0.07575489580631256, 0.22918349504470825]","[0.4243507385253906, 0.5756493210792542]",0.5756493210792542
00014616.npy,0,1,"[-0.2525478005409241, 0.3355148434638977]","[0.35707950592041016, 0.6429204940795898]",0.6429204940795898
00014617.npy,1,1,"[0.050661541521549225, 0.2670094668865204]","[0.44612303376197815, 0.5538769960403442]",0.5538769960403442
00014618.npy,0,1,"[0.04749549180269241, 0.4005691409111023]","[0.41263729333877563, 0.5873627066612244]",0.5873627066612244
00014619.npy,0,1,"[0.09547153860330582, 0.45775720477104187]","[0.4104063808917999, 0.5895935893058777]",0.5895935893058777
00014620.npy,1,1,"[0.012803614139556885, 0.270431786775589]","[0.43594685196876526, 0.5640531778335571]",0.5640531778335571
00014621.npy,1,1,"[-0.04399126023054123, 0.07421328872442245]","[0.4704832136631012, 0.5295167565345764]",0.5295167565345764
00014622.npy,1,0,"[-0.17730781435966492, -0.18762287497520447]","[0.5025787353515625, 0.4974212646484375]",0.4974212646484375
00014623.npy,0,1,"[-0.18019366264343262, 0.013574562966823578]","[0.45170894265174866, 0.5482910871505737]",0.5482910871505737
00014624.npy,0,1,"[0.07473867386579514, 0.3695317804813385]","[0.42683085799217224, 0.5731691718101501]",0.5731691718101501
00014625.npy,0,1,"[-0.08147071301937103, 0.09443555027246475]","[0.4561364948749542, 0.5438635349273682]",0.5438635349273682
00014626.npy,1,1,"[-0.07004329562187195, 0.3148985803127289]","[0.4049355089664459, 0.5950644612312317]",0.5950644612312317
00014627.npy,1,1,"[-0.2783362567424774, 0.11462520807981491]","[0.40300461649894714, 0.5969954133033752]",0.5969954133033752
00014628.npy,1,1,"[-0.3769112229347229, 0.08707930892705917]","[0.3860395848751068, 0.6139603853225708]",0.6139603853225708
00014629.npy,1,1,"[-0.08920679986476898, 0.17258647084236145]","[0.4349229335784912, 0.565077006816864]",0.565077006816864
00014630.npy,0,1,"[0.03692539781332016, 0.06057386100292206]","[0.49408814311027527, 0.5059118270874023]",0.5059118270874023
00014631.npy,0,1,"[0.09276429563760757, 0.3126496374607086]","[0.44524911046028137, 0.554750919342041]",0.554750919342041
00014632.npy,1,1,"[-0.07509809732437134, 0.17844155430793762]","[0.43695247173309326, 0.5630475878715515]",0.5630475878715515
00014633.npy,1,1,"[-0.021389398723840714, 0.44440093636512756]","[0.3856131136417389, 0.6143869161605835]",0.6143869161605835
00014634.npy,1,1,"[-0.18030962347984314, 0.11425174027681351]","[0.42688751220703125, 0.573112428188324]",0.573112428188324
00014635.npy,1,1,"[0.000345572829246521, 0.018103234469890594]","[0.4955607056617737, 0.5044392943382263]",0.5044392943382263
00014636.npy,1,1,"[-0.34278053045272827, -0.0696897953748703]","[0.4321484863758087, 0.5678514838218689]",0.5678514838218689
00014637.npy,1,1,"[0.1779497265815735, 0.43026694655418396]","[0.43725326657295227, 0.5627467632293701]",0.5627467632293701
00014638.npy,1,1,"[-0.05307594686746597, 0.17753273248672485]","[0.4426019787788391, 0.5573980212211609]",0.5573980212211609
00014639.npy,1,1,"[-0.06189084053039551, 0.16598203778266907]","[0.4432770013809204, 0.5567229390144348]",0.5567229390144348
00014640.npy,0,1,"[-0.2215549647808075, 0.3172362744808197]","[0.3684688210487366, 0.6315311789512634]",0.6315311789512634
00014641.npy,1,1,"[-0.046901922672986984, 0.12005383521318436]","[0.4583577513694763, 0.5416422486305237]",0.5416422486305237
00014642.npy,0,1,"[0.23512685298919678, 0.3668569028377533]","[0.46711504459381104, 0.532884955406189]",0.532884955406189
00014643.npy,1,1,"[0.20612365007400513, 0.37383323907852173]","[0.4581705927848816, 0.5418294072151184]",0.5418294072151184
00014644.npy,1,1,"[0.020959973335266113, 0.5336582064628601]","[0.37456122040748596, 0.6254388093948364]",0.6254388093948364
00014645.npy,1,1,"[0.25927644968032837, 0.296936571598053]","[0.4905861020088196, 0.5094139575958252]",0.5094139575958252
00014646.npy,0,1,"[-0.026498746126890182, 0.06746172159910202]","[0.4765271544456482, 0.5234728455543518]",0.5234728455543518
00014647.npy,1,1,"[-0.05237075686454773, 0.15794670581817627]","[0.44761359691619873, 0.5523864030838013]",0.5523864030838013
00014648.npy,1,1,"[-0.05548182874917984, 0.09574127942323685]","[0.46226608753204346, 0.5377339124679565]",0.5377339124679565
00014649.npy,0,1,"[-0.44634419679641724, 0.013615831732749939]","[0.3869953155517578, 0.6130046844482422]",0.6130046844482422
00014650.npy,1,1,"[0.0543128103017807, 0.14513543248176575]","[0.4773099720478058, 0.5226900577545166]",0.5226900577545166
00014651.npy,1,1,"[0.13550317287445068, 0.6137298941612244]","[0.38267096877098083, 0.6173290610313416]",0.6173290610313416
00014652.npy,0,1,"[0.019624389708042145, 0.1787576973438263]","[0.46030041575431824, 0.5396996140480042]",0.5396996140480042
00014653.npy,1,1,"[-0.13794201612472534, 0.0534139946103096]","[0.45230644941329956, 0.5476935505867004]",0.5476935505867004
00014654.npy,0,1,"[-0.059816230088472366, 0.2548944354057312]","[0.4219653308391571, 0.5780346989631653]",0.5780346989631653
00014655.npy,0,1,"[-0.05187162384390831, 0.24376198649406433]","[0.42662525177001953, 0.5733747482299805]",0.5733747482299805
00014656.npy,1,1,"[-0.3363245725631714, 0.2535296380519867]","[0.35666829347610474, 0.6433317065238953]",0.6433317065238953
00014657.npy,0,1,"[-0.04673803970217705, 0.4531356990337372]","[0.37757036089897156, 0.6224296689033508]",0.6224296689033508
00014658.npy,1,1,"[0.030012108385562897, 0.10042715817689896]","[0.4824035167694092, 0.5175964832305908]",0.5175964832305908
00014659.npy,0,1,"[-0.23957476019859314, -0.005149781703948975]","[0.44166067242622375, 0.5583392977714539]",0.5583392977714539
00014660.npy,0,1,"[-0.05497196316719055, 0.3213362395763397]","[0.40701761841773987, 0.5929824113845825]",0.5929824113845825
00014661.npy,1,1,"[0.160690039396286, 0.3385612964630127]","[0.4556490480899811, 0.5443509221076965]",0.5443509221076965
00014662.npy,0,1,"[-0.09969787299633026, 0.34638381004333496]","[0.39029279351234436, 0.609707236289978]",0.609707236289978
00014663.npy,0,1,"[-0.32503655552864075, -0.04279922693967819]","[0.42990535497665405, 0.5700947046279907]",0.5700947046279907
00014664.npy,0,1,"[0.008795145899057388, 0.5660826563835144]","[0.36417531967163086, 0.6358246803283691]",0.6358246803283691
00014665.npy,0,1,"[-0.007111944258213043, 0.6123799681663513]","[0.34989699721336365, 0.6501030325889587]",0.6501030325889587
00014666.npy,0,1,"[-0.23491361737251282, 0.10827773064374924]","[0.4150344431400299, 0.5849655270576477]",0.5849655270576477
00014667.npy,0,0,"[0.1485193371772766, 0.09783073514699936]","[0.5126694440841675, 0.4873305559158325]",0.4873305559158325
00014668.npy,1,1,"[-0.11443918943405151, 0.25982969999313354]","[0.4075099229812622, 0.5924900770187378]",0.5924900770187378
00014669.npy,0,1,"[-0.14292669296264648, 0.2566416561603546]","[0.40141603350639343, 0.5985839366912842]",0.5985839366912842
00014670.npy,0,1,"[-0.06277928501367569, 0.22886425256729126]","[0.42760157585144043, 0.5723984241485596]",0.5723984241485596
00014671.npy,0,1,"[-0.025292931124567986, 0.328196257352829]","[0.4125365912914276, 0.5874634385108948]",0.5874634385108948
00014672.npy,1,1,"[-0.1200006753206253, 0.35059890151023865]","[0.38447436690330505, 0.6155256628990173]",0.6155256628990173
00014673.npy,1,1,"[0.12965011596679688, 0.16602516174316406]","[0.4909072518348694, 0.5090927481651306]",0.5090927481651306
00014674.npy,0,1,"[0.13827946782112122, 0.45249441266059875]","[0.42208626866340637, 0.577913761138916]",0.577913761138916
00014675.npy,0,1,"[-0.11596040427684784, 0.24531632661819458]","[0.4106505215167999, 0.5893494486808777]",0.5893494486808777
00014676.npy,0,1,"[-0.17033904790878296, 0.10702133923768997]","[0.4311010241508484, 0.5688989758491516]",0.5688989758491516
00014677.npy,1,1,"[-0.10103616118431091, 0.18625569343566895]","[0.42866697907447815, 0.5713329911231995]",0.5713329911231995
00014678.npy,0,1,"[0.16327407956123352, 0.4922414720058441]","[0.418491929769516, 0.5815081000328064]",0.5815081000328064
00014679.npy,1,1,"[0.20625698566436768, 0.41542646288871765]","[0.44789746403694153, 0.5521025657653809]",0.5521025657653809
00014680.npy,1,1,"[0.012853153049945831, 0.1795087456703186]","[0.45843225717544556, 0.5415677428245544]",0.5415677428245544
00014681.npy,0,1,"[-0.05410764366388321, 0.18093577027320862]","[0.4415081739425659, 0.5584917664527893]",0.5584917664527893
00014682.npy,0,1,"[-0.07013650983572006, 0.17608201503753662]","[0.43875443935394287, 0.5612455010414124]",0.5612455010414124
00014683.npy,1,1,"[0.04488404095172882, 0.25932714343070984]","[0.4465937316417694, 0.5534062385559082]",0.5534062385559082
00014684.npy,1,1,"[0.002584856003522873, 0.2754311263561249]","[0.43220847845077515, 0.5677915215492249]",0.5677915215492249
00014685.npy,1,1,"[-0.00604068860411644, 0.22557833790779114]","[0.4423527419567108, 0.5576472878456116]",0.5576472878456116
00014686.npy,0,1,"[0.0027434714138507843, 0.22373747825622559]","[0.44497525691986084, 0.5550247430801392]",0.5550247430801392
00014687.npy,0,1,"[-0.3263844847679138, -0.10603387653827667]","[0.44513416290283203, 0.554865837097168]",0.554865837097168
00014688.npy,1,1,"[0.2086583971977234, 0.46383145451545715]","[0.43655064702033997, 0.5634493231773376]",0.5634493231773376
00014689.npy,0,0,"[-0.1267518401145935, -0.18660545349121094]","[0.514958918094635, 0.4850410521030426]",0.4850410521030426
00014690.npy,1,1,"[-0.32719922065734863, 0.2207200527191162]","[0.3663472831249237, 0.6336527466773987]",0.6336527466773987
00014691.npy,1,1,"[0.08567296713590622, 0.5569928288459778]","[0.38430386781692505, 0.6156960725784302]",0.6156960725784302
00014692.npy,1,1,"[-0.11414113640785217, 0.23085230588912964]","[0.4145970344543457, 0.5854029655456543]",0.5854029655456543
00014693.npy,1,1,"[-0.0014567188918590546, 0.3650992810726166]","[0.4093734622001648, 0.5906264781951904]",0.5906264781951904
00014694.npy,1,0,"[-0.27224165201187134, -0.2729279696941376]","[0.5001715421676636, 0.49982842803001404]",0.49982842803001404
00014695.npy,0,1,"[-0.05137590318918228, 0.22049662470817566]","[0.4324474334716797, 0.5675525069236755]",0.5675525069236755
00014696.npy,1,1,"[0.006272755563259125, 0.10377078503370285]","[0.4756447970867157, 0.5243552327156067]",0.5243552327156067
00014697.npy,0,1,"[-0.08403434604406357, 0.1695922315120697]","[0.4369310736656189, 0.5630689263343811]",0.5630689263343811
00014698.npy,1,1,"[-0.017437733709812164, 0.36444583535194397]","[0.40567266941070557, 0.5943273305892944]",0.5943273305892944
00014699.npy,1,1,"[-0.27585387229919434, 0.0007199309766292572]","[0.43129396438598633, 0.5687060952186584]",0.5687060952186584
00014700.npy,1,1,"[-0.43135902285575867, 0.321502149105072]","[0.3201981782913208, 0.6798018217086792]",0.6798018217086792
00014701.npy,0,1,"[-0.21423381567001343, 0.2807411253452301]","[0.37872228026390076, 0.6212776899337769]",0.6212776899337769
00014702.npy,1,1,"[-0.08854655921459198, 0.09300977736711502]","[0.4547351896762848, 0.5452648401260376]",0.5452648401260376
00014703.npy,0,1,"[-0.16153037548065186, 0.12400000542402267]","[0.4290984570980072, 0.5709015130996704]",0.5709015130996704
00014704.npy,0,1,"[0.05696835368871689, 0.3398086726665497]","[0.42975759506225586, 0.5702424049377441]",0.5702424049377441
00014705.npy,0,1,"[-0.05177328363060951, 0.10824338346719742]","[0.46008098125457764, 0.5399190187454224]",0.5399190187454224
00014706.npy,1,1,"[-0.19019174575805664, 0.22737213969230652]","[0.3970998525619507, 0.6029001474380493]",0.6029001474380493
00014707.npy,1,1,"[-0.07587307691574097, 0.18538370728492737]","[0.4350547790527344, 0.5649452209472656]",0.5649452209472656
00014708.npy,1,1,"[-0.05810294300317764, 0.3574509918689728]","[0.39758116006851196, 0.602418839931488]",0.602418839931488
00014709.npy,1,1,"[-0.1020796149969101, 0.09270384162664413]","[0.45145753026008606, 0.5485424995422363]",0.5485424995422363
00014710.npy,0,1,"[-0.20190444588661194, 0.5039491653442383]","[0.33051571249961853, 0.6694843173027039]",0.6694843173027039
00014711.npy,0,1,"[-0.18919458985328674, 0.41998016834259033]","[0.3522474765777588, 0.6477525234222412]",0.6477525234222412
00014712.npy,1,1,"[-0.03099346160888672, 0.14836418628692627]","[0.4552804231643677, 0.5447196364402771]",0.5447196364402771
00014713.npy,1,1,"[-0.006083156913518906, 0.27396878600120544]","[0.4304410219192505, 0.5695589780807495]",0.5695589780807495
00014714.npy,1,1,"[-0.043898068368434906, 0.14355579018592834]","[0.4532732665538788, 0.5467267036437988]",0.5467267036437988
00014715.npy,1,1,"[-0.03584061563014984, 0.2547697424888611]","[0.42785441875457764, 0.5721455216407776]",0.5721455216407776
00014716.npy,0,1,"[-0.23272058367729187, 0.19276729226112366]","[0.3952042758464813, 0.6047956943511963]",0.6047956943511963
00014717.npy,1,1,"[-0.10141472518444061, 0.23477748036384583]","[0.4167347252368927, 0.5832652449607849]",0.5832652449607849
00014718.npy,0,1,"[-0.06346625089645386, 0.6484893560409546]","[0.32916685938835144, 0.6708331108093262]",0.6708331108093262
00014719.npy,1,1,"[-0.29552921652793884, -0.06707378476858139]","[0.44313323497772217, 0.5568667054176331]",0.5568667054176331
00014720.npy,1,1,"[-0.07139123976230621, 0.5232672691345215]","[0.35556671023368835, 0.644433319568634]",0.644433319568634
00014721.npy,0,1,"[0.18693014979362488, 0.23764875531196594]","[0.4873230755329132, 0.5126769542694092]",0.5126769542694092
00014722.npy,0,1,"[-0.06285618245601654, 0.20661470293998718]","[0.43303701281547546, 0.5669629573822021]",0.5669629573822021
00014723.npy,0,1,"[-0.34552493691444397, -0.035113587975502014]","[0.4230143427848816, 0.5769856572151184]",0.5769856572151184
00014724.npy,0,1,"[-0.24504157900810242, -0.1405254304409027]","[0.47389474511146545, 0.5261052846908569]",0.5261052846908569
00014725.npy,0,1,"[0.04059991240501404, 0.2665666341781616]","[0.44374746084213257, 0.5562524795532227]",0.5562524795532227
00014726.npy,0,1,"[-0.10341884195804596, -0.04614340141415596]","[0.4856850504875183, 0.5143148899078369]",0.5143148899078369
00014727.npy,1,1,"[-0.1533430516719818, 0.15995368361473083]","[0.4223102629184723, 0.5776897668838501]",0.5776897668838501
00014728.npy,0,1,"[-0.0818193182349205, 0.28441929817199707]","[0.4094502031803131, 0.5905497670173645]",0.5905497670173645
00014729.npy,0,1,"[-0.24905356764793396, 0.04036390036344528]","[0.42814648151397705, 0.5718534588813782]",0.5718534588813782
00014730.npy,0,1,"[-0.27081239223480225, 0.29510435461997986]","[0.3621795177459717, 0.6378204226493835]",0.6378204226493835
00014731.npy,0,1,"[-0.14288896322250366, 0.09410131722688675]","[0.4410281777381897, 0.5589718222618103]",0.5589718222618103
00014732.npy,0,1,"[0.15223559737205505, 0.5792909860610962]","[0.3948296904563904, 0.6051703095436096]",0.6051703095436096
00014733.npy,1,1,"[-0.2192641794681549, 0.1026209369301796]","[0.4202163815498352, 0.57978355884552]",0.57978355884552
00014734.npy,1,1,"[-0.1733117252588272, 0.06236565113067627]","[0.44135186076164246, 0.5586481690406799]",0.5586481690406799
00014735.npy,1,1,"[0.07242581993341446, 0.5741431713104248]","[0.3771371841430664, 0.6228628158569336]",0.6228628158569336
00014736.npy,1,1,"[-0.11318221688270569, 0.06696199625730515]","[0.4550853371620178, 0.5449146628379822]",0.5449146628379822
00014737.npy,0,1,"[-0.06762011349201202, 0.1749831736087799]","[0.4396449327468872, 0.5603550672531128]",0.5603550672531128
00014738.npy,0,1,"[0.04817326366901398, 0.16112661361694336]","[0.47179165482521057, 0.5282083749771118]",0.5282083749771118
00014739.npy,0,1,"[-0.13323816657066345, 0.08374436944723129]","[0.4459662139415741, 0.5540338158607483]",0.5540338158607483
00014740.npy,0,1,"[-0.01937083899974823, 0.34134748578071594]","[0.4107857048511505, 0.5892143249511719]",0.5892143249511719
00014741.npy,0,1,"[-0.3415636420249939, 0.0828651562333107]","[0.3954574763774872, 0.6045425534248352]",0.6045425534248352
00014742.npy,0,1,"[0.04471524804830551, 0.11870255321264267]","[0.48151159286499023, 0.5184884071350098]",0.5184884071350098
00014743.npy,0,1,"[-0.09926497936248779, 0.22386965155601501]","[0.4199120104312897, 0.5800879597663879]",0.5800879597663879
00014744.npy,0,1,"[-0.002567123621702194, 0.3569207191467285]","[0.41108354926109314, 0.5889164209365845]",0.5889164209365845
00014745.npy,0,1,"[-0.05284744128584862, 0.18284016847610474]","[0.4413493573665619, 0.5586506724357605]",0.5586506724357605
00014746.npy,1,1,"[0.13557225465774536, 0.20401877164840698]","[0.48289504647254944, 0.517104983329773]",0.517104983329773
00014747.npy,1,1,"[0.11154267936944962, 0.33753859996795654]","[0.44374024868011475, 0.5562597513198853]",0.5562597513198853
00014748.npy,1,1,"[0.07271027565002441, 0.26911038160324097]","[0.45105722546577454, 0.5489428043365479]",0.5489428043365479
00014749.npy,0,1,"[-0.3640260100364685, 0.041152238845825195]","[0.40006881952285767, 0.5999311208724976]",0.5999311208724976
00014750.npy,0,1,"[-0.27857285737991333, -0.023367926478385925]","[0.436542809009552, 0.563457190990448]",0.563457190990448
00014751.npy,0,1,"[0.036124661564826965, 0.6251286268234253]","[0.356863409280777, 0.6431365609169006]",0.6431365609169006
00014752.npy,0,1,"[-0.26359695196151733, -0.0019395463168621063]","[0.4349563419818878, 0.5650436878204346]",0.5650436878204346
00014753.npy,0,1,"[0.03096184879541397, 0.05855335295200348]","[0.4931025505065918, 0.5068974494934082]",0.5068974494934082
00014754.npy,1,0,"[-0.07318149507045746, -0.07843215018510818]","[0.5013126730918884, 0.4986873269081116]",0.4986873269081116
00014755.npy,0,1,"[-0.17979416251182556, 0.009702078998088837]","[0.4527672231197357, 0.5472328066825867]",0.5472328066825867
00014756.npy,0,1,"[-0.11815871298313141, 0.21274569630622864]","[0.4180205762386322, 0.5819793939590454]",0.5819793939590454
00014757.npy,0,1,"[-0.0680411159992218, 0.2813510298728943]","[0.4135298430919647, 0.5864701867103577]",0.5864701867103577
00014758.npy,0,1,"[-0.09980936348438263, 0.25383174419403076]","[0.41249972581863403, 0.5875002145767212]",0.5875002145767212
00014759.npy,1,1,"[-0.1404743194580078, 0.15674427151679993]","[0.4262375831604004, 0.5737624764442444]",0.5737624764442444
00014760.npy,0,1,"[-0.2790835499763489, -0.029325464740395546]","[0.43788304924964905, 0.5621169209480286]",0.5621169209480286
00014761.npy,1,1,"[0.02131127566099167, 0.21428930759429932]","[0.45190468430519104, 0.5480953454971313]",0.5480953454971313
00014762.npy,1,1,"[0.02288597822189331, 0.349198579788208]","[0.4191380739212036, 0.5808619260787964]",0.5808619260787964
00014763.npy,1,1,"[-0.1805688440799713, 0.22076058387756348]","[0.4009929597377777, 0.5990070104598999]",0.5990070104598999
00014764.npy,1,1,"[-0.04464208334684372, 0.056674301624298096]","[0.47469255328178406, 0.5253074765205383]",0.5253074765205383
00014765.npy,1,1,"[-0.19804927706718445, 0.1966019868850708]","[0.402598112821579, 0.5974019169807434]",0.5974019169807434
00014766.npy,1,1,"[0.08942679315805435, 0.25016170740127563]","[0.4599025547504425, 0.5400974750518799]",0.5400974750518799
00014767.npy,1,1,"[0.492634654045105, 0.8877812623977661]","[0.402478963136673, 0.5975210070610046]",0.5975210070610046
00014768.npy,1,1,"[-0.061669424176216125, 0.3871309161186218]","[0.3896460235118866, 0.610353946685791]",0.610353946685791
00014769.npy,1,1,"[-0.7238361835479736, 0.09795191138982773]","[0.30538424849510193, 0.6946157813072205]",0.6946157813072205
00014770.npy,1,1,"[-0.1870870292186737, -0.05493510514497757]","[0.4670100510120392, 0.5329899787902832]",0.5329899787902832
00014771.npy,1,1,"[-0.07019780576229095, 0.1996455192565918]","[0.43294557929039, 0.5670544505119324]",0.5670544505119324
00014772.npy,0,1,"[-0.35574668645858765, 0.22505369782447815]","[0.3587484359741211, 0.6412515640258789]",0.6412515640258789
00014773.npy,0,1,"[0.432892769575119, 0.9648705720901489]","[0.3700557351112366, 0.6299443244934082]",0.6299443244934082
00014774.npy,1,1,"[-0.19272422790527344, 0.1297624707221985]","[0.4200698435306549, 0.5799301862716675]",0.5799301862716675
00014775.npy,1,1,"[-0.16742178797721863, 0.053368665277957916]","[0.44502556324005127, 0.5549744963645935]",0.5549744963645935
00014776.npy,0,1,"[-0.13579979538917542, 0.10950761288404465]","[0.43897882103919983, 0.5610211491584778]",0.5610211491584778
00014777.npy,0,1,"[0.009528905153274536, 0.34080231189727783]","[0.41793084144592285, 0.5820691585540771]",0.5820691585540771
00014778.npy,1,1,"[0.042892761528491974, 0.10889240354299545]","[0.48350608348846436, 0.5164939165115356]",0.5164939165115356
00014779.npy,1,1,"[-0.06880082190036774, 0.17592781782150269]","[0.4391213655471802, 0.560878574848175]",0.560878574848175
00014780.npy,1,1,"[0.16872969269752502, 0.7479221820831299]","[0.35911840200424194, 0.6408815979957581]",0.6408815979957581
00014781.npy,0,1,"[-0.19998645782470703, 0.15675637125968933]","[0.4117482602596283, 0.5882517099380493]",0.5882517099380493
00014782.npy,1,1,"[-0.2964469790458679, -0.025928135961294174]","[0.4327797293663025, 0.5672202706336975]",0.5672202706336975
00014783.npy,1,1,"[-0.04076267406344414, 0.41693511605262756]","[0.387532114982605, 0.6124679446220398]",0.6124679446220398
00014784.npy,0,1,"[0.028190061450004578, 0.21184569597244263]","[0.4542147219181061, 0.5457853078842163]",0.5457853078842163
00014785.npy,1,1,"[-0.17608791589736938, 0.25276049971580505]","[0.39440134167671204, 0.6055986285209656]",0.6055986285209656
00014786.npy,0,1,"[0.04738164693117142, 0.23425951600074768]","[0.45341604948043823, 0.5465840101242065]",0.5465840101242065
00014787.npy,1,1,"[-0.4065900444984436, 0.03398092836141586]","[0.3916049301624298, 0.6083950996398926]",0.6083950996398926
00014788.npy,1,1,"[-0.009484056383371353, 0.34168943762779236]","[0.41309788823127747, 0.5869020819664001]",0.5869020819664001
00014789.npy,0,1,"[-0.32429125905036926, 0.05682973563671112]","[0.40585657954216003, 0.5941434502601624]",0.5941434502601624
00014790.npy,1,1,"[-0.21497997641563416, -0.05621008947491646]","[0.46039071679115295, 0.5396093130111694]",0.5396093130111694
00014791.npy,1,1,"[0.053481027483940125, 0.8748916387557983]","[0.30546432733535767, 0.6945356726646423]",0.6945356726646423
00014792.npy,0,1,"[-0.1263076215982437, 0.0949595496058464]","[0.4449078142642975, 0.5550921559333801]",0.5550921559333801
00014793.npy,0,1,"[-0.20786091685295105, 0.009394913911819458]","[0.4458986818790436, 0.554101288318634]",0.554101288318634
00014794.npy,0,1,"[-0.04013223573565483, 0.14978495240211487]","[0.4526629149913788, 0.5473371148109436]",0.5473371148109436
00014795.npy,0,1,"[0.03048671782016754, 0.12254052609205246]","[0.4770027995109558, 0.5229972004890442]",0.5229972004890442
00014796.npy,0,1,"[0.036798104643821716, 0.22394514083862305]","[0.4533493220806122, 0.5466506481170654]",0.5466506481170654
00014797.npy,0,1,"[0.10098140686750412, 0.3028809130191803]","[0.449695885181427, 0.550304114818573]",0.550304114818573
00014798.npy,1,1,"[-0.050646040588617325, 0.3224305808544159]","[0.40779784321784973, 0.5922021865844727]",0.5922021865844727
00014799.npy,0,1,"[-0.041764553636312485, 0.389335036277771]","[0.3938637971878052, 0.6061362028121948]",0.6061362028121948
00014800.npy,1,1,"[-0.1810303032398224, 0.2845554053783417]","[0.3856615722179413, 0.6143383979797363]",0.6143383979797363
00014801.npy,0,1,"[-0.23172208666801453, 0.21523040533065796]","[0.3900856077671051, 0.6099144220352173]",0.6099144220352173
00014802.npy,0,1,"[-0.12057515978813171, 0.2081546187400818]","[0.4185497462749481, 0.5814502835273743]",0.5814502835273743
00014803.npy,1,1,"[-0.24339565634727478, 0.3073839545249939]","[0.36568355560302734, 0.6343164443969727]",0.6343164443969727
00014804.npy,1,1,"[-0.10748639702796936, -0.02151719480752945]","[0.478520929813385, 0.521479070186615]",0.521479070186615
00014805.npy,1,1,"[-0.2772890031337738, 0.19478490948677063]","[0.3841255009174347, 0.6158745288848877]",0.6158745288848877
00014806.npy,1,1,"[-0.08067671954631805, 0.3861430883407593]","[0.3853692412376404, 0.6146307587623596]",0.6146307587623596
00014807.npy,0,1,"[-0.206419438123703, 0.3324841260910034]","[0.3684426546096802, 0.631557285785675]",0.631557285785675
00014808.npy,0,1,"[-0.19240787625312805, 0.00794392079114914]","[0.45007893443107605, 0.5499210357666016]",0.5499210357666016
00014809.npy,1,1,"[0.10625762492418289, 0.36879390478134155]","[0.4347403347492218, 0.5652596354484558]",0.5652596354484558
00014810.npy,1,1,"[-0.10629048943519592, 0.06805380433797836]","[0.4565240144729614, 0.5434759855270386]",0.5434759855270386
00014811.npy,0,1,"[0.16886743903160095, 0.49235621094703674]","[0.4198257327079773, 0.5801742076873779]",0.5801742076873779
00014812.npy,0,1,"[0.11968529969453812, 0.34464240074157715]","[0.44399669766426086, 0.5560032725334167]",0.5560032725334167
00014813.npy,0,1,"[0.05847683548927307, 0.21588385105133057]","[0.4607292711734772, 0.5392706990242004]",0.5392706990242004
00014814.npy,1,1,"[0.019764818251132965, 0.3189032971858978]","[0.425768107175827, 0.5742318630218506]",0.5742318630218506
00014815.npy,1,1,"[0.14750328660011292, 0.5925506949424744]","[0.39053893089294434, 0.6094610691070557]",0.6094610691070557
00014816.npy,1,1,"[-0.19483157992362976, 0.27082544565200806]","[0.38564470410346985, 0.6143553256988525]",0.6143553256988525
00014817.npy,1,1,"[-0.5550776124000549, -0.11741875112056732]","[0.39229896664619446, 0.6077010631561279]",0.6077010631561279
00014818.npy,0,1,"[-0.07414077967405319, 0.3491962254047394]","[0.3957184851169586, 0.604281485080719]",0.604281485080719
00014819.npy,0,1,"[0.08510109037160873, 0.3062589764595032]","[0.44493478536605835, 0.5550652146339417]",0.5550652146339417
00014820.npy,1,1,"[-0.10150803625583649, 0.3170458674430847]","[0.39686286449432373, 0.603137195110321]",0.603137195110321
00014821.npy,1,1,"[-0.415469229221344, 0.10757897049188614]","[0.37213975191116333, 0.6278602480888367]",0.6278602480888367
00014822.npy,1,1,"[-0.1226499080657959, 0.3034104108810425]","[0.3950674831867218, 0.6049325466156006]",0.6049325466156006
00014823.npy,1,1,"[0.03903321921825409, 0.4340893030166626]","[0.4025007486343384, 0.5974992513656616]",0.5974992513656616
00014824.npy,1,1,"[-0.02337413653731346, 0.1876198649406433]","[0.4474463164806366, 0.552553653717041]",0.552553653717041
00014825.npy,0,1,"[-0.09850610792636871, 0.0359405055642128]","[0.466438889503479, 0.533561110496521]",0.533561110496521
00014826.npy,0,1,"[-0.21334388852119446, 0.4043685495853424]","[0.3503018915653229, 0.6496980786323547]",0.6496980786323547
00014827.npy,0,1,"[-0.060523416846990585, -0.05686827376484871]","[0.4990862011909485, 0.5009137988090515]",0.5009137988090515
00014828.npy,1,1,"[0.0388270765542984, 0.04717646539211273]","[0.4979126751422882, 0.5020873546600342]",0.5020873546600342
00014829.npy,1,1,"[-0.0911620482802391, 0.29157233238220215]","[0.40546756982803345, 0.5945324301719666]",0.5945324301719666
00014830.npy,0,1,"[-0.019828781485557556, 0.383035808801651]","[0.40062427520751953, 0.5993756651878357]",0.5993756651878357
00014831.npy,0,1,"[0.02884533256292343, 0.5079516768455505]","[0.38246315717697144, 0.6175368428230286]",0.6175368428230286
00014832.npy,1,1,"[-0.28093355894088745, -0.1581445038318634]","[0.4693412780761719, 0.5306587815284729]",0.5306587815284729
00014833.npy,0,1,"[-0.01981537602841854, 0.2244608998298645]","[0.43923279643058777, 0.5607671737670898]",0.5607671737670898
00014834.npy,1,1,"[0.12303686887025833, 0.29780685901641846]","[0.45641839504241943, 0.5435816049575806]",0.5435816049575806
00014835.npy,0,1,"[-0.039008110761642456, 0.23191183805465698]","[0.43268126249313354, 0.5673186779022217]",0.5673186779022217
00014836.npy,0,1,"[0.16213825345039368, 0.40428391098976135]","[0.43975764513015747, 0.5602422952651978]",0.5602422952651978
00014837.npy,0,1,"[-0.0837535411119461, 0.30438047647476196]","[0.404166579246521, 0.595833420753479]",0.595833420753479
00014838.npy,0,1,"[0.09437648206949234, 0.35718977451324463]","[0.4346722662448883, 0.5653277635574341]",0.5653277635574341
00014839.npy,1,1,"[-0.1074216216802597, 0.003916099667549133]","[0.47219428420066833, 0.5278056859970093]",0.5278056859970093
00014840.npy,0,1,"[-0.20745781064033508, -0.01620195060968399]","[0.4523312449455261, 0.5476687550544739]",0.5476687550544739
00014841.npy,0,1,"[-0.19977715611457825, 0.11007233709096909]","[0.4231514632701874, 0.5768485069274902]",0.5768485069274902
00014842.npy,0,1,"[0.07072517275810242, 0.47463616728782654]","[0.40037304162979126, 0.599626898765564]",0.599626898765564
00014843.npy,1,1,"[-0.1278919279575348, 0.17558494210243225]","[0.4247077703475952, 0.5752922892570496]",0.5752922892570496
00014844.npy,1,1,"[0.27392417192459106, 0.4381495714187622]","[0.4590356945991516, 0.5409643054008484]",0.5409643054008484
00014845.npy,0,0,"[0.13709565997123718, 0.12584549188613892]","[0.5028125047683716, 0.49718746542930603]",0.49718746542930603
00014846.npy,0,1,"[-0.32168832421302795, 0.08424892276525497]","[0.39988669753074646, 0.6001132726669312]",0.6001132726669312
00014847.npy,1,1,"[0.016176030039787292, 0.2319030463695526]","[0.4462764263153076, 0.5537235736846924]",0.5537235736846924
00014848.npy,0,1,"[-0.29659304022789, -0.007919028401374817]","[0.4283285140991211, 0.5716714859008789]",0.5716714859008789
00014849.npy,0,1,"[0.01666979491710663, 0.6277132630348206]","[0.3518212139606476, 0.6481788158416748]",0.6481788158416748
00014850.npy,1,1,"[-0.20965135097503662, 0.21826210618019104]","[0.3946246802806854, 0.6053752899169922]",0.6053752899169922
00014851.npy,0,1,"[-0.15201807022094727, 0.2186383306980133]","[0.4083824157714844, 0.5916175246238708]",0.5916175246238708
00014852.npy,1,1,"[-0.31593236327171326, 0.10964495688676834]","[0.39518290758132935, 0.6048170328140259]",0.6048170328140259
00014853.npy,1,1,"[-0.019365344196558, 0.20257043838500977]","[0.44474270939826965, 0.5552573204040527]",0.5552573204040527
00014854.npy,1,1,"[-0.250427782535553, 0.08595826476812363]","[0.41668760776519775, 0.5833123922348022]",0.5833123922348022
00014855.npy,0,1,"[0.15877774357795715, 0.3361922800540924]","[0.4557623267173767, 0.5442376136779785]",0.5442376136779785
00014856.npy,1,1,"[-0.05334256961941719, 0.01726069301366806]","[0.4823565185070038, 0.5176434516906738]",0.5176434516906738
00014857.npy,0,1,"[0.036528900265693665, 0.5896991491317749]","[0.3651292026042938, 0.6348707675933838]",0.6348707675933838
00014858.npy,1,1,"[-0.053962342441082, 0.06834258884191513]","[0.4694618284702301, 0.5305381417274475]",0.5305381417274475
00014859.npy,0,1,"[0.020387522876262665, 0.2634723484516144]","[0.4395263195037842, 0.5604737401008606]",0.5604737401008606
00014860.npy,0,1,"[-0.0443454384803772, 0.042978912591934204]","[0.47818276286125183, 0.5218172073364258]",0.5218172073364258
00014861.npy,1,1,"[-0.06773467361927032, 0.2187785506248474]","[0.4288577437400818, 0.571142315864563]",0.571142315864563
00014862.npy,1,1,"[-0.08547088503837585, 0.17331501841545105]","[0.435662180185318, 0.5643378496170044]",0.5643378496170044
00014863.npy,0,1,"[-0.15442031621932983, 0.17393404245376587]","[0.4186411201953888, 0.5813589096069336]",0.5813589096069336
00014864.npy,0,1,"[0.06246666610240936, 0.29588592052459717]","[0.44190871715545654, 0.5580912828445435]",0.5580912828445435
00014865.npy,0,1,"[0.0255461186170578, 0.20127728581428528]","[0.4561799168586731, 0.5438200831413269]",0.5438200831413269
00014866.npy,0,1,"[-0.17937356233596802, 0.3371008038520813]","[0.37367701530456543, 0.6263229846954346]",0.6263229846954346
00014867.npy,0,1,"[-0.021556753665208817, 0.22061535716056824]","[0.43975114822387695, 0.560248851776123]",0.560248851776123
00014868.npy,0,1,"[-0.13218069076538086, 0.3507829010486603]","[0.3815525770187378, 0.6184474229812622]",0.6184474229812622
00014869.npy,0,1,"[-0.2601810097694397, 0.14916202425956726]","[0.3990696668624878, 0.6009303331375122]",0.6009303331375122
00014870.npy,1,1,"[-0.28468361496925354, -0.041988909244537354]","[0.4396223723888397, 0.5603775978088379]",0.5603775978088379
00014871.npy,0,1,"[-0.1299181580543518, 0.08178218454122543]","[0.4472716748714447, 0.5527282953262329]",0.5527282953262329
00014872.npy,0,1,"[-0.18460562825202942, 0.45349201560020447]","[0.3456766903400421, 0.6543232798576355]",0.6543232798576355
00014873.npy,1,1,"[-0.04086114466190338, 0.252758264541626]","[0.4271180033683777, 0.5728819966316223]",0.5728819966316223
00014874.npy,1,1,"[0.05499369651079178, 0.45390573143959045]","[0.4015737473964691, 0.5984262228012085]",0.5984262228012085
00014875.npy,1,1,"[-0.08640419691801071, -0.0636221319437027]","[0.49430474638938904, 0.5056952834129333]",0.5056952834129333
00014876.npy,0,1,"[-0.0668785348534584, 0.26201698184013367]","[0.41850942373275757, 0.5814906358718872]",0.5814906358718872
00014877.npy,0,1,"[-0.0886349231004715, 0.04041019827127457]","[0.4677833914756775, 0.5322166085243225]",0.5322166085243225
00014878.npy,1,1,"[-0.03126004338264465, 0.3465769588947296]","[0.4066486954689026, 0.5933513045310974]",0.5933513045310974
00014879.npy,1,1,"[-0.12325220555067062, 0.20468702912330627]","[0.4187421202659607, 0.5812578797340393]",0.5812578797340393
00014880.npy,0,1,"[-0.05279887095093727, 0.1770056188106537]","[0.442800372838974, 0.5571995973587036]",0.5571995973587036
00014881.npy,0,1,"[-0.040498558431863785, 0.05921205133199692]","[0.47509297728538513, 0.5249069929122925]",0.5249069929122925
00014882.npy,0,1,"[0.06774390488862991, 0.17554131150245667]","[0.473076730966568, 0.5269232988357544]",0.5269232988357544
00014883.npy,0,1,"[0.00958288460969925, 0.14129436016082764]","[0.46711966395378113, 0.5328803658485413]",0.5328803658485413
00014884.npy,0,1,"[0.263110876083374, 0.5357783436775208]","[0.4322523772716522, 0.5677476525306702]",0.5677476525306702
00014885.npy,0,1,"[-0.08069774508476257, 0.26575300097465515]","[0.4142433702945709, 0.5857566595077515]",0.5857566595077515
00014886.npy,0,1,"[-0.029788289219141006, 0.17928722500801086]","[0.44792070984840393, 0.5520793199539185]",0.5520793199539185
00014887.npy,1,1,"[0.060019247233867645, 0.3391731381416321]","[0.43066126108169556, 0.5693387985229492]",0.5693387985229492
00014888.npy,1,1,"[-0.02674814686179161, 0.08300555497407913]","[0.4725891053676605, 0.5274109244346619]",0.5274109244346619
00014889.npy,1,1,"[-0.10054617375135422, 0.49032315611839294]","[0.3564353883266449, 0.6435645818710327]",0.6435645818710327
00014890.npy,1,1,"[-0.06006916984915733, 0.3262510299682617]","[0.4046034514904022, 0.5953965187072754]",0.5953965187072754
00014891.npy,1,1,"[-0.07702922075986862, 0.060626059770584106]","[0.46564042568206787, 0.5343595147132874]",0.5343595147132874
00014892.npy,0,1,"[-0.03833692520856857, 0.05642551928758621]","[0.4763270914554596, 0.523672878742218]",0.523672878742218
00014893.npy,0,1,"[-0.11001694202423096, 0.1491318643093109]","[0.43557295203208923, 0.5644270181655884]",0.5644270181655884
00014894.npy,1,1,"[0.1562684178352356, 0.42987507581710815]","[0.4320218861103058, 0.5679781436920166]",0.5679781436920166
00014895.npy,0,1,"[-0.08855020999908447, 0.3157895803451538]","[0.40027010440826416, 0.5997298955917358]",0.5997298955917358
00014896.npy,0,1,"[0.1631297469139099, 0.26205578446388245]","[0.47528865933418274, 0.5247113704681396]",0.5247113704681396
00014897.npy,0,1,"[0.06199128180742264, 0.2372649908065796]","[0.45629340410232544, 0.5437065958976746]",0.5437065958976746
00014898.npy,1,1,"[0.3343485891819, 0.6549562215805054]","[0.4205276668071747, 0.5794723033905029]",0.5794723033905029
00014899.npy,1,1,"[-0.24279692769050598, 0.2630551755428314]","[0.37616637349128723, 0.6238335967063904]",0.6238335967063904
00014900.npy,1,1,"[-0.21102988719940186, 0.009676493704319]","[0.4450463056564331, 0.5549536943435669]",0.5549536943435669
00014901.npy,1,1,"[-0.2415316104888916, -0.11593516170978546]","[0.46864211559295654, 0.5313579440116882]",0.5313579440116882
00014902.npy,1,1,"[0.1175578311085701, 0.37679189443588257]","[0.4355520009994507, 0.5644479990005493]",0.5644479990005493
00014903.npy,0,1,"[-0.38132792711257935, -0.10830606520175934]","[0.43216538429260254, 0.5678346157073975]",0.5678346157073975
00014904.npy,1,1,"[0.11781474202871323, 0.3152617812156677]","[0.45079800486564636, 0.549202024936676]",0.549202024936676
00014905.npy,1,1,"[-0.06744324415922165, 0.3134741187095642]","[0.40590566396713257, 0.5940943360328674]",0.5940943360328674
00014906.npy,0,1,"[-0.0851755142211914, 0.0019710399210453033]","[0.4782271385192871, 0.5217728614807129]",0.5217728614807129
00014907.npy,1,1,"[0.004462935030460358, 0.23270326852798462]","[0.44318631291389465, 0.556813657283783]",0.556813657283783
00014908.npy,1,1,"[0.17364954948425293, 0.5096468329429626]","[0.41678211092948914, 0.5832178592681885]",0.5832178592681885
00014909.npy,1,1,"[0.1391296088695526, 0.3286754786968231]","[0.4527548849582672, 0.5472450852394104]",0.5472450852394104
00014910.npy,0,1,"[0.0630495697259903, 0.5282535552978516]","[0.3857520520687103, 0.6142479777336121]",0.6142479777336121
00014911.npy,1,1,"[-0.012930389493703842, 0.22624331712722778]","[0.4404899775981903, 0.5595099925994873]",0.5595099925994873
00014912.npy,0,1,"[0.002425994724035263, 0.30032289028167725]","[0.4260716736316681, 0.5739282965660095]",0.5739282965660095
00014913.npy,0,1,"[-0.020443663001060486, 0.30802464485168457]","[0.41861334443092346, 0.5813866257667542]",0.5813866257667542
00014914.npy,0,1,"[0.11504023522138596, 0.1682896614074707]","[0.48669078946113586, 0.5133092403411865]",0.5133092403411865
00014915.npy,1,1,"[-0.35119298100471497, -0.0037727952003479004]","[0.41400817036628723, 0.5859918594360352]",0.5859918594360352
00014916.npy,0,1,"[-0.1045888215303421, 0.23282760381698608]","[0.4164372384548187, 0.5835627913475037]",0.5835627913475037
00014917.npy,1,1,"[-0.21660897135734558, 0.10576152056455612]","[0.4200981557369232, 0.5799018144607544]",0.5799018144607544
00014918.npy,1,1,"[0.15053901076316833, 0.5586862564086914]","[0.3993564546108246, 0.600643515586853]",0.600643515586853
00014919.npy,1,1,"[0.0958021804690361, 0.23352190852165222]","[0.4656243920326233, 0.5343756079673767]",0.5343756079673767
00014920.npy,1,1,"[0.08408182114362717, 0.43022239208221436]","[0.41431865096092224, 0.5856813788414001]",0.5856813788414001
00014921.npy,1,1,"[-0.004804488271474838, 0.5126217603683472]","[0.3734542429447174, 0.6265457272529602]",0.6265457272529602
00014922.npy,1,1,"[-0.07417013496160507, 0.06785918027162552]","[0.46455222368240356, 0.5354477167129517]",0.5354477167129517
00014923.npy,0,1,"[-0.0818290263414383, 0.20281198620796204]","[0.42931631207466125, 0.5706836581230164]",0.5706836581230164
00014924.npy,1,1,"[0.07050175219774246, 0.3112846314907074]","[0.44009342789649963, 0.5599066019058228]",0.5599066019058228
00014925.npy,0,1,"[0.0023397356271743774, 0.38534116744995117]","[0.405403196811676, 0.594596803188324]",0.594596803188324
00014926.npy,0,1,"[0.07326927781105042, 0.34514370560646057]","[0.43244698643684387, 0.5675529837608337]",0.5675529837608337
00014927.npy,0,1,"[-0.027303500100970268, 0.14081114530563354]","[0.4580700397491455, 0.5419299602508545]",0.5419299602508545
00014928.npy,0,1,"[-0.3137213885784149, 0.08405027538537979]","[0.40184783935546875, 0.5981521606445312]",0.5981521606445312
00014929.npy,0,1,"[0.013841494917869568, 0.5634548664093018]","[0.36595410108566284, 0.6340458393096924]",0.6340458393096924
00014930.npy,0,1,"[-0.18097034096717834, -0.09953486919403076]","[0.47965237498283386, 0.5203476548194885]",0.5203476548194885
00014931.npy,1,1,"[-0.10263237357139587, 0.6311114430427551]","[0.32437369227409363, 0.675626277923584]",0.675626277923584
00014932.npy,0,1,"[-0.07995182275772095, 0.2563907504081726]","[0.4166981875896454, 0.5833017826080322]",0.5833017826080322
00014933.npy,1,1,"[0.17586520314216614, 0.43055349588394165]","[0.43666988611221313, 0.5633301138877869]",0.5633301138877869
00014934.npy,0,1,"[0.09440655261278152, 0.1784403920173645]","[0.4790038764476776, 0.52099609375]",0.52099609375
00014935.npy,0,1,"[0.04410473257303238, 0.2917691767215729]","[0.43839845061302185, 0.5616015791893005]",0.5616015791893005
00014936.npy,1,1,"[-0.20944803953170776, -0.14070841670036316]","[0.48282188177108765, 0.5171781778335571]",0.5171781778335571
00014937.npy,0,1,"[-0.2491186261177063, 0.0399896502494812]","[0.4282221794128418, 0.5717777609825134]",0.5717777609825134
00014938.npy,1,1,"[0.04531648010015488, 0.26518145203590393]","[0.4452541172504425, 0.5547458529472351]",0.5547458529472351
00014939.npy,1,1,"[0.17807221412658691, 0.45683690905570984]","[0.43075668811798096, 0.5692433714866638]",0.5692433714866638
00014940.npy,1,1,"[0.1668265461921692, 0.23037713766098022]","[0.48411768674850464, 0.5158822536468506]",0.5158822536468506
00014941.npy,0,1,"[-0.0602082721889019, 0.23312163352966309]","[0.42718884348869324, 0.5728111267089844]",0.5728111267089844
00014942.npy,1,1,"[-0.05871869996190071, 0.346741646528244]","[0.4000011384487152, 0.5999988317489624]",0.5999988317489624
00014943.npy,1,1,"[0.09489519149065018, 0.32637062668800354]","[0.4423881769180298, 0.557611882686615]",0.557611882686615
00014944.npy,0,1,"[-0.12594357132911682, 0.27136093378067017]","[0.4019601345062256, 0.5980398654937744]",0.5980398654937744
00014945.npy,0,1,"[-0.007553324103355408, 0.10532500594854355]","[0.47181037068367004, 0.5281896591186523]",0.5281896591186523
00014946.npy,0,1,"[0.09902449697256088, 0.27571165561676025]","[0.4559427797794342, 0.5440571904182434]",0.5440571904182434
00014947.npy,1,1,"[-0.1495649516582489, 0.11276709288358688]","[0.4347905218601227, 0.5652094483375549]",0.5652094483375549
00014948.npy,1,1,"[-0.09447979927062988, 0.2239154875278473]","[0.42106691002845764, 0.5789331197738647]",0.5789331197738647
00014949.npy,1,1,"[-0.12210994958877563, -0.012134753167629242]","[0.4725338816642761, 0.5274661183357239]",0.5274661183357239
00014950.npy,0,1,"[0.032365500926971436, 0.45403769612312317]","[0.3961166739463806, 0.6038833260536194]",0.6038833260536194
00014951.npy,1,1,"[0.01637285202741623, 0.29718509316444397]","[0.43025466799736023, 0.5697453618049622]",0.5697453618049622
00014952.npy,1,1,"[-0.3240011930465698, 0.04619317501783371]","[0.4084940552711487, 0.5915059447288513]",0.5915059447288513
00014953.npy,0,1,"[-0.2708747684955597, 0.052664607763290405]","[0.41981345415115356, 0.5801866054534912]",0.5801866054534912
00014954.npy,1,1,"[-0.022534996271133423, 0.2805788218975067]","[0.424796462059021, 0.5752034783363342]",0.5752034783363342
00014955.npy,0,1,"[0.031133286654949188, 0.3617037534713745]","[0.41810184717178345, 0.5818981528282166]",0.5818981528282166
00014956.npy,1,1,"[-0.018700089305639267, 0.39277738332748413]","[0.3985579013824463, 0.6014420986175537]",0.6014420986175537
00014957.npy,0,1,"[0.024274960160255432, 0.20682308077812195]","[0.4544892907142639, 0.5455107092857361]",0.5455107092857361
00014958.npy,0,1,"[-0.2557874321937561, -0.04514160752296448]","[0.44753238558769226, 0.5524675846099854]",0.5524675846099854
00014959.npy,1,1,"[-0.33729633688926697, 0.02550937980413437]","[0.4102805256843567, 0.5897194147109985]",0.5897194147109985
00014960.npy,0,1,"[-0.08979148417711258, 0.18651670217514038]","[0.43135911226272583, 0.5686408877372742]",0.5686408877372742
00014961.npy,0,1,"[0.017573527991771698, 0.14412018656730652]","[0.46840545535087585, 0.5315945148468018]",0.5315945148468018
00014962.npy,1,1,"[0.08099997788667679, 0.15213966369628906]","[0.4822225570678711, 0.5177773833274841]",0.5177773833274841
00014963.npy,1,0,"[0.04996485263109207, 0.024999305605888367]","[0.5062410831451416, 0.4937589466571808]",0.4937589466571808
00014964.npy,0,1,"[-0.006774134933948517, 0.1951775848865509]","[0.44968298077583313, 0.5503170490264893]",0.5503170490264893
00014965.npy,1,1,"[0.006319243460893631, 0.16994771361351013]","[0.459183931350708, 0.540816068649292]",0.540816068649292
00014966.npy,0,1,"[-0.1269264817237854, 0.22352001070976257]","[0.4132741391658783, 0.5867258310317993]",0.5867258310317993
00014967.npy,0,1,"[-0.0023606643080711365, 0.18005713820457458]","[0.4545215666294098, 0.5454784035682678]",0.5454784035682678
00014968.npy,0,1,"[-0.15204715728759766, 0.24246454238891602]","[0.4026316702365875, 0.5973682999610901]",0.5973682999610901
00014969.npy,0,1,"[-0.09491556882858276, 0.2456139624118805]","[0.415680855512619, 0.5843191146850586]",0.5843191146850586
00014970.npy,0,1,"[0.07146599888801575, 0.5378307700157166]","[0.3854770064353943, 0.6145229935646057]",0.6145229935646057
00014971.npy,1,1,"[-0.09622281789779663, 0.17186033725738525]","[0.433377742767334, 0.566622257232666]",0.566622257232666
00014972.npy,0,1,"[0.08262484520673752, 0.2734055817127228]","[0.4524489939212799, 0.5475510358810425]",0.5475510358810425
00014973.npy,0,1,"[0.10169639438390732, 0.21868321299552917]","[0.4707866311073303, 0.5292133688926697]",0.5292133688926697
00014974.npy,0,1,"[0.17592072486877441, 0.5507814288139343]","[0.4073670208454132, 0.5926329493522644]",0.5926329493522644
00014975.npy,0,1,"[-0.21894338726997375, 0.47548624873161316]","[0.33304843306541443, 0.666951596736908]",0.666951596736908
00014976.npy,1,1,"[0.1465499997138977, 0.4423668086528778]","[0.42658042907714844, 0.5734195709228516]",0.5734195709228516
00014977.npy,0,1,"[-0.08691560477018356, 0.08723070472478867]","[0.45657312870025635, 0.5434268712997437]",0.5434268712997437
00014978.npy,0,1,"[-0.28036943078041077, 0.0952920988202095]","[0.4071737229824066, 0.592826247215271]",0.592826247215271
00014979.npy,0,1,"[-0.009278234094381332, 0.26003220677375793]","[0.433076411485672, 0.5669236183166504]",0.5669236183166504
00014980.npy,0,1,"[0.14506056904792786, 0.4260312020778656]","[0.43021583557128906, 0.5697841644287109]",0.5697841644287109
00014981.npy,0,1,"[-0.19483092427253723, -0.04681086167693138]","[0.4630623757839203, 0.5369375944137573]",0.5369375944137573
00014982.npy,0,1,"[-0.08767875283956528, 0.18514740467071533]","[0.4322133958339691, 0.5677865743637085]",0.5677865743637085
00014983.npy,0,1,"[0.11136556416749954, 0.6797225475311279]","[0.36161601543426514, 0.6383839845657349]",0.6383839845657349
00014984.npy,0,1,"[0.04399613291025162, 0.316936194896698]","[0.43218547105789185, 0.5678145289421082]",0.5678145289421082
00014985.npy,1,1,"[-0.2730967700481415, -0.006926272064447403]","[0.43384745717048645, 0.5661525130271912]",0.5661525130271912
00014986.npy,1,1,"[-0.10683277994394302, -0.013683926314115524]","[0.4767296016216278, 0.5232703685760498]",0.5232703685760498
00014987.npy,1,1,"[-0.1615029275417328, 0.1881525218486786]","[0.4134659767150879, 0.5865340232849121]",0.5865340232849121
00014988.npy,1,1,"[0.018952518701553345, 0.2784003019332886]","[0.43549948930740356, 0.5645005702972412]",0.5645005702972412
00014989.npy,0,1,"[-0.09324916452169418, 0.07203365117311478]","[0.45877310633659363, 0.541226863861084]",0.541226863861084
00014990.npy,1,1,"[-0.009417299181222916, 0.2910936772823334]","[0.42543256282806396, 0.574567437171936]",0.574567437171936
00014991.npy,0,1,"[-0.04954122379422188, 0.07370346039533615]","[0.46922779083251953, 0.5307722687721252]",0.5307722687721252
00014992.npy,1,1,"[0.11007443815469742, 0.2844971716403961]","[0.4565045237541199, 0.5434954762458801]",0.5434954762458801
00014993.npy,1,1,"[-0.12214875966310501, 0.19498127698898315]","[0.4213753342628479, 0.5786246657371521]",0.5786246657371521
00014994.npy,0,1,"[-0.06831784546375275, 0.16826415061950684]","[0.44112882018089294, 0.5588711500167847]",0.5588711500167847
00014995.npy,1,1,"[-0.12966367602348328, 0.035324826836586]","[0.45884615182876587, 0.5411537885665894]",0.5411537885665894
00014996.npy,0,1,"[0.190335214138031, 0.3332097828388214]","[0.46434202790260315, 0.5356580018997192]",0.5356580018997192
00014997.npy,1,1,"[-0.2153608798980713, -0.14247559010982513]","[0.48178672790527344, 0.5182132720947266]",0.5182132720947266
00014998.npy,0,1,"[0.03425213694572449, 0.2568668723106384]","[0.4445750415325165, 0.5554249882698059]",0.5554249882698059
00014999.npy,0,1,"[-0.04478001222014427, 0.21450668573379517]","[0.4355390667915344, 0.5644609928131104]",0.5644609928131104
00015000.npy,0,1,"[0.12156512588262558, 0.49082669615745544]","[0.4087194800376892, 0.5912805199623108]",0.5912805199623108
00015001.npy,0,1,"[0.26374560594558716, 0.48739299178123474]","[0.44432008266448975, 0.555679976940155]",0.555679976940155
00015002.npy,1,1,"[-0.2798631489276886, 0.08678387850522995]","[0.40935149788856506, 0.5906485319137573]",0.5906485319137573
00015003.npy,0,1,"[-0.07849524915218353, 0.24518877267837524]","[0.4197782278060913, 0.5802218317985535]",0.5802218317985535
00015004.npy,0,1,"[-0.04775378480553627, 0.468567818403244]","[0.37371277809143066, 0.6262872815132141]",0.6262872815132141
00015005.npy,1,1,"[0.12457040697336197, 0.3751218020915985]","[0.43768778443336487, 0.5623121857643127]",0.5623121857643127
00015006.npy,1,1,"[-0.29629579186439514, 0.07291129976511002]","[0.40873265266418457, 0.5912673473358154]",0.5912673473358154
00015007.npy,0,1,"[-0.06568960845470428, 0.1591634452342987]","[0.44402235746383667, 0.5559775829315186]",0.5559775829315186
00015008.npy,1,1,"[-0.0987306535243988, 0.24935808777809143]","[0.413845956325531, 0.586154043674469]",0.586154043674469
00015009.npy,0,1,"[-0.017273370176553726, 0.20781004428863525]","[0.44396552443504333, 0.556034505367279]",0.556034505367279
00015010.npy,0,1,"[-0.04328645020723343, 0.537787139415741]","[0.35868558287620544, 0.6413143873214722]",0.6413143873214722
00015011.npy,0,1,"[-0.02421666495501995, 0.3695245087146759]","[0.402817040681839, 0.5971829891204834]",0.5971829891204834
00015012.npy,0,1,"[-0.14462506771087646, 0.21612492203712463]","[0.4107780158519745, 0.5892219543457031]",0.5892219543457031
00015013.npy,1,1,"[-0.3095325827598572, 0.06123427301645279]","[0.4083557426929474, 0.591644287109375]",0.591644287109375
00015014.npy,1,1,"[0.07858023792505264, 0.21444538235664368]","[0.46608588099479675, 0.5339141488075256]",0.5339141488075256
00015015.npy,0,1,"[-0.22271201014518738, 0.1340688169002533]","[0.4117390513420105, 0.5882609486579895]",0.5882609486579895
00015016.npy,0,1,"[-0.2475210428237915, 0.025730907917022705]","[0.43210893869400024, 0.5678911209106445]",0.5678911209106445
00015017.npy,1,1,"[0.08616100996732712, 0.24441567063331604]","[0.4605186879634857, 0.5394812822341919]",0.5394812822341919
00015018.npy,0,1,"[-0.1278504729270935, 0.5240841507911682]","[0.3425537049770355, 0.6574462652206421]",0.6574462652206421
00015019.npy,0,1,"[-0.06934612989425659, 0.136549711227417]","[0.44870710372924805, 0.551292896270752]",0.551292896270752
00015020.npy,0,1,"[0.012922003865242004, 0.33553412556648254]","[0.4200392961502075, 0.5799606442451477]",0.5799606442451477
00015021.npy,1,1,"[0.07754337042570114, 0.2851773202419281]","[0.44827720522880554, 0.5517227649688721]",0.5517227649688721
00015022.npy,0,1,"[0.20415064692497253, 0.5911831259727478]","[0.40443187952041626, 0.5955681204795837]",0.5955681204795837
00015023.npy,1,1,"[0.00943894311785698, 0.2723248302936554]","[0.43465444445610046, 0.5653455853462219]",0.5653455853462219
00015024.npy,0,1,"[-0.497893750667572, -0.10527948290109634]","[0.40308815240859985, 0.5969119071960449]",0.5969119071960449
00015025.npy,1,1,"[0.019242189824581146, 0.15618658065795898]","[0.46581730246543884, 0.5341826677322388]",0.5341826677322388
00015026.npy,0,1,"[-0.10979828238487244, 0.3551885783672333]","[0.3858034908771515, 0.6141965389251709]",0.6141965389251709
00015027.npy,1,1,"[-0.22369951009750366, 0.1785127818584442]","[0.40078091621398926, 0.5992190837860107]",0.5992190837860107
00015028.npy,1,1,"[-0.04026110842823982, 0.25300776958465576]","[0.4272037744522095, 0.5727962255477905]",0.5727962255477905
00015029.npy,0,1,"[0.028067350387573242, 0.09281685203313828]","[0.48381829261779785, 0.5161817073822021]",0.5161817073822021
00015030.npy,1,1,"[-0.3100197911262512, 0.01624005287885666]","[0.4191509485244751, 0.5808490514755249]",0.5808490514755249
00015031.npy,0,1,"[0.06854519248008728, 0.3858940303325653]","[0.4213220179080963, 0.5786780118942261]",0.5786780118942261
00015032.npy,0,1,"[-0.2843517065048218, -0.17908650636672974]","[0.47370797395706177, 0.5262920260429382]",0.5262920260429382
00015033.npy,0,1,"[0.0367656871676445, 0.3976251482963562]","[0.4107515215873718, 0.5892484784126282]",0.5892484784126282
00015034.npy,1,1,"[-0.028203478083014488, 0.14204838871955872]","[0.45753952860832214, 0.5424604415893555]",0.5424604415893555
00015035.npy,1,1,"[0.14032921195030212, 0.35946497321128845]","[0.44543424248695374, 0.5545657873153687]",0.5545657873153687
00015036.npy,0,1,"[0.3455297648906708, 0.7745862603187561]","[0.39435166120529175, 0.6056483387947083]",0.6056483387947083
00015037.npy,0,1,"[-0.2390184998512268, 0.2373127043247223]","[0.3831188380718231, 0.6168811917304993]",0.6168811917304993
00015038.npy,0,1,"[-0.029188763350248337, 0.299891859292984]","[0.4184643626213074, 0.5815356969833374]",0.5815356969833374
00015039.npy,1,1,"[-0.2974640130996704, 0.2895362973213196]","[0.35732343792915344, 0.642676591873169]",0.642676591873169
00015040.npy,1,1,"[-0.20165452361106873, 0.11812803894281387]","[0.42072874307632446, 0.5792712569236755]",0.5792712569236755
00015041.npy,1,1,"[-0.25106081366539, 0.08338160067796707]","[0.41716012358665466, 0.582839846611023]",0.582839846611023
00015042.npy,0,1,"[-0.1280273050069809, 0.12627530097961426]","[0.43676477670669556, 0.5632352232933044]",0.5632352232933044
00015043.npy,1,1,"[0.3113952875137329, 0.75559002161026]","[0.3907419443130493, 0.6092581152915955]",0.6092581152915955
00015044.npy,0,1,"[-0.12010541558265686, 0.09442169219255447]","[0.4465729594230652, 0.5534270405769348]",0.5534270405769348
00015045.npy,1,1,"[0.04890040308237076, 0.25475531816482544]","[0.44871723651885986, 0.5512827038764954]",0.5512827038764954
00015046.npy,0,1,"[0.008148521184921265, 0.18040400743484497]","[0.45704230666160583, 0.5429577231407166]",0.5429577231407166
00015047.npy,1,1,"[-0.28597524762153625, 0.2106655240058899]","[0.37833040952682495, 0.621669590473175]",0.621669590473175
00015048.npy,0,1,"[-0.10527213662862778, 0.27087193727493286]","[0.4070572257041931, 0.5929427742958069]",0.5929427742958069
00015049.npy,1,1,"[0.39601749181747437, 0.6542626619338989]","[0.4357950985431671, 0.5642048716545105]",0.5642048716545105
00015050.npy,0,1,"[-0.25878915190696716, 0.3309512734413147]","[0.35669440031051636, 0.6433055400848389]",0.6433055400848389
00015051.npy,0,1,"[0.08971994370222092, 0.22156795859336853]","[0.46708568930625916, 0.5329143404960632]",0.5329143404960632
00015052.npy,0,1,"[-0.1497616022825241, 0.3188234567642212]","[0.3849512040615082, 0.6150488257408142]",0.6150488257408142
00015053.npy,1,1,"[-0.047304607927799225, 0.1716042160987854]","[0.4454903304576874, 0.554509699344635]",0.554509699344635
00015054.npy,0,1,"[-0.22797849774360657, 0.011743269860744476]","[0.4403549134731293, 0.5596450567245483]",0.5596450567245483
00015055.npy,1,1,"[0.0035689547657966614, 0.4549201428890228]","[0.3890395760536194, 0.6109604239463806]",0.6109604239463806
00015056.npy,1,1,"[-0.06205322965979576, 0.2793843746185303]","[0.4154603183269501, 0.5845397114753723]",0.5845397114753723
00015057.npy,1,1,"[-0.009286675602197647, 0.16493773460388184]","[0.45655375719070435, 0.5434462428092957]",0.5434462428092957
00015058.npy,1,1,"[8.769705891609192e-05, 0.21072551608085632]","[0.44753438234329224, 0.5524656176567078]",0.5524656176567078
00015059.npy,0,1,"[-0.1433388888835907, 0.14933091402053833]","[0.42735037207603455, 0.5726495981216431]",0.5726495981216431
00015060.npy,0,1,"[0.0018154829740524292, 0.013604648411273956]","[0.49705272912979126, 0.5029472708702087]",0.5029472708702087
00015061.npy,0,1,"[-0.0002953261137008667, 0.2115757167339325]","[0.4472295045852661, 0.5527704954147339]",0.5527704954147339
00015062.npy,0,1,"[0.1332697570323944, 0.37195882201194763]","[0.4406094253063202, 0.5593905448913574]",0.5593905448913574
00015063.npy,1,1,"[0.013133488595485687, 0.023256972432136536]","[0.4974691569805145, 0.5025308728218079]",0.5025308728218079
00015064.npy,0,1,"[0.1493084728717804, 0.5952354073524475]","[0.39032959938049316, 0.6096704006195068]",0.6096704006195068
00015065.npy,0,1,"[0.021512120962142944, 0.37326332926750183]","[0.4129578173160553, 0.5870422124862671]",0.5870422124862671
00015066.npy,1,1,"[-0.21116903424263, 0.07059075683355331]","[0.43002238869667053, 0.5699776411056519]",0.5699776411056519
00015067.npy,0,1,"[-0.11420094221830368, -0.0051320381462574005]","[0.47275978326797485, 0.5272402167320251]",0.5272402167320251
00015068.npy,0,1,"[0.04260450601577759, 0.3100377023220062]","[0.4335373342037201, 0.5664626359939575]",0.5664626359939575
00015069.npy,0,1,"[0.02327854186296463, 0.34897544980049133]","[0.4192880094051361, 0.5807120203971863]",0.5807120203971863
00015070.npy,1,1,"[-0.05370099097490311, 0.22374355792999268]","[0.4310804009437561, 0.5689195990562439]",0.5689195990562439
00015071.npy,0,1,"[-0.03547392413020134, 0.4299943745136261]","[0.3856894373893738, 0.614310622215271]",0.614310622215271
00015072.npy,0,1,"[-0.24400103092193604, 0.19305557012557983]","[0.3924425542354584, 0.607557475566864]",0.607557475566864
00015073.npy,0,1,"[-0.17864882946014404, 0.05062948167324066]","[0.4429302215576172, 0.5570697784423828]",0.5570697784423828
00015074.npy,0,1,"[-0.06376494467258453, 0.24695256352424622]","[0.42293959856033325, 0.5770604014396667]",0.5770604014396667
00015075.npy,0,1,"[-0.17344507575035095, 0.2839490473270416]","[0.3876042068004608, 0.6123958230018616]",0.6123958230018616
00015076.npy,0,1,"[0.2991545796394348, 0.5508098602294922]","[0.43741610646247864, 0.562583863735199]",0.562583863735199
00015077.npy,1,1,"[0.24306192994117737, 0.45289304852485657]","[0.4477338492870331, 0.5522661209106445]",0.5522661209106445
00015078.npy,1,1,"[-0.11196041107177734, 0.15745937824249268]","[0.4330495595932007, 0.5669504404067993]",0.5669504404067993
00015079.npy,0,1,"[-0.12658849358558655, 0.1771012842655182]","[0.4246557354927063, 0.5753442645072937]",0.5753442645072937
00015080.npy,1,1,"[-0.17725098133087158, 0.12269962579011917]","[0.4255695641040802, 0.5744304060935974]",0.5744304060935974
00015081.npy,0,1,"[-0.08836042881011963, 0.3156422972679138]","[0.40035104751586914, 0.5996489524841309]",0.5996489524841309
00015082.npy,0,1,"[0.16881439089775085, 0.4096624553203583]","[0.44007736444473267, 0.5599225759506226]",0.5599225759506226
00015083.npy,0,1,"[-0.26041388511657715, 0.027732469141483307]","[0.42845770716667175, 0.5715422630310059]",0.5715422630310059
00015084.npy,0,1,"[0.015059858560562134, 0.16401144862174988]","[0.4628307819366455, 0.5371691584587097]",0.5371691584587097
00015085.npy,1,1,"[-0.07829651236534119, 0.1733395755290985]","[0.4374208450317383, 0.5625791549682617]",0.5625791549682617
00015086.npy,1,1,"[0.15663814544677734, 0.3361436128616333]","[0.4552437663078308, 0.5447562336921692]",0.5447562336921692
00015087.npy,0,1,"[-0.1639118492603302, 0.1675233542919159]","[0.4178914725780487, 0.5821085572242737]",0.5821085572242737
00015088.npy,1,1,"[-0.21467304229736328, 0.15554553270339966]","[0.4084882140159607, 0.5915117859840393]",0.5915117859840393
00015089.npy,0,1,"[-0.1667141318321228, 0.24508020281791687]","[0.39848193526268005, 0.6015180349349976]",0.6015180349349976
00015090.npy,0,1,"[-0.34925398230552673, -0.040629833936691284]","[0.42345064878463745, 0.5765494108200073]",0.5765494108200073
00015091.npy,1,1,"[-0.15400412678718567, 0.05457364767789841]","[0.4480437934398651, 0.5519562363624573]",0.5519562363624573
00015092.npy,1,1,"[-0.09765341877937317, 0.4405635893344879]","[0.368602454662323, 0.631397545337677]",0.631397545337677
00015093.npy,0,1,"[0.13358643651008606, 0.2283186912536621]","[0.4763346314430237, 0.5236653685569763]",0.5236653685569763
00015094.npy,0,1,"[-0.3256213963031769, 0.24741151928901672]","[0.3605372905731201, 0.6394627094268799]",0.6394627094268799
00015095.npy,0,1,"[-0.3328586518764496, 0.015491776168346405]","[0.4137824773788452, 0.58621746301651]",0.58621746301651
00024204.npy,1,1,"[-0.18562844395637512, 0.03530430048704147]","[0.4449903964996338, 0.5550096035003662]",0.5550096035003662
00024205.npy,1,1,"[-0.15939655900001526, 0.26649096608161926]","[0.39510875940322876, 0.6048912405967712]",0.6048912405967712
00024206.npy,1,1,"[-0.08247879892587662, 0.17893198132514954]","[0.4350169599056244, 0.5649830102920532]",0.5649830102920532
00024207.npy,1,1,"[-0.2486090064048767, 0.4193670451641083]","[0.33895018696784973, 0.6610497832298279]",0.6610497832298279
00024208.npy,1,1,"[-0.006122369319200516, 0.43583303689956665]","[0.3912751376628876, 0.6087248921394348]",0.6087248921394348
00024209.npy,1,1,"[0.16437789797782898, 0.35955026745796204]","[0.45136120915412903, 0.5486387610435486]",0.5486387610435486
00024210.npy,1,1,"[-0.20870351791381836, 0.1132955327630043]","[0.42018863558769226, 0.5798113346099854]",0.5798113346099854
00024211.npy,1,1,"[0.061110734939575195, 0.4418775141239166]","[0.40594199299812317, 0.5940580368041992]",0.5940580368041992
00024212.npy,1,1,"[-0.11348330229520798, 0.07892810553312302]","[0.4520450234413147, 0.5479549765586853]",0.5479549765586853
00024213.npy,1,1,"[-0.07672426104545593, 0.19057956337928772]","[0.43356916308403015, 0.5664308667182922]",0.5664308667182922
00024214.npy,1,1,"[-0.05211680755019188, 0.5229247808456421]","[0.36007431149482727, 0.6399257183074951]",0.6399257183074951
00024215.npy,1,1,"[-0.24032652378082275, 0.0415593758225441]","[0.4299914836883545, 0.5700085163116455]",0.5700085163116455
00024216.npy,1,1,"[0.05772148817777634, 0.2545727491378784]","[0.45094549655914307, 0.5490545034408569]",0.5490545034408569
00024217.npy,1,1,"[-0.1637462079524994, 0.19050198793411255]","[0.41235262155532837, 0.5876473784446716]",0.5876473784446716
00024218.npy,0,1,"[-0.08456391096115112, 0.18217185139656067]","[0.43370863795280457, 0.5662913918495178]",0.5662913918495178
00024219.npy,1,1,"[-0.04356151819229126, 0.3029005825519562]","[0.41424062848091125, 0.5857594013214111]",0.5857594013214111
00024220.npy,1,1,"[0.057921089231967926, 0.49722710251808167]","[0.39190635085105896, 0.6080936193466187]",0.6080936193466187
00024221.npy,1,1,"[-0.0838041752576828, 0.4521397054195404]","[0.3691316545009613, 0.6308683753013611]",0.6308683753013611
00024222.npy,1,1,"[0.11836086958646774, 0.5597336292266846]","[0.39141392707824707, 0.6085860729217529]",0.6085860729217529
00024223.npy,1,1,"[-0.13760234415531158, 0.3320990204811096]","[0.3846869468688965, 0.6153130531311035]",0.6153130531311035
00024224.npy,1,1,"[-0.1564101278781891, 0.09331106394529343]","[0.4378921389579773, 0.5621078610420227]",0.5621078610420227
00024225.npy,1,1,"[0.017460845410823822, 0.2096601128578186]","[0.4520975649356842, 0.5479024648666382]",0.5479024648666382
00024226.npy,1,1,"[0.09617715328931808, 0.6844912767410278]","[0.3570217788219452, 0.6429782509803772]",0.6429782509803772
00024227.npy,1,1,"[-0.13175663352012634, 0.23531824350357056]","[0.409248024225235, 0.5907519459724426]",0.5907519459724426
00024228.npy,1,1,"[-0.12477247416973114, 0.17217040061950684]","[0.42630499601364136, 0.5736950039863586]",0.5736950039863586
00024229.npy,1,1,"[-0.1122579425573349, 0.4326161742210388]","[0.36705443263053894, 0.6329455375671387]",0.6329455375671387
00024230.npy,0,1,"[0.012526087462902069, 0.2967893183231354]","[0.4294089078903198, 0.5705910921096802]",0.5705910921096802
00024231.npy,0,1,"[-0.029761968180537224, 0.3079366981983185]","[0.41636860370635986, 0.5836313962936401]",0.5836313962936401
00024232.npy,0,1,"[0.12466249614953995, 0.6603208184242249]","[0.36919814348220825, 0.6308018565177917]",0.6308018565177917
00024233.npy,0,1,"[0.10560547560453415, 0.5591026544570923]","[0.38852959871292114, 0.6114704012870789]",0.6114704012870789
00024234.npy,1,1,"[-0.0457317978143692, 0.4385141432285309]","[0.3812500238418579, 0.6187500357627869]",0.6187500357627869
00024235.npy,1,1,"[-0.06885501742362976, 0.5735976099967957]","[0.3446923494338989, 0.6553076505661011]",0.6553076505661011
00024236.npy,1,1,"[0.07262139767408371, 0.5907384157180786]","[0.37329262495040894, 0.6267073154449463]",0.6267073154449463
00024237.npy,1,1,"[0.010231740772724152, 0.7707905173301697]","[0.31852495670318604, 0.681475043296814]",0.681475043296814
00024238.npy,1,1,"[-0.038455892354249954, 0.6630330085754395]","[0.3314822018146515, 0.6685177683830261]",0.6685177683830261
00024239.npy,1,1,"[-0.09126287698745728, 0.7159164547920227]","[0.30849188566207886, 0.6915081143379211]",0.6915081143379211
00024240.npy,1,1,"[-0.0717945471405983, 0.5098447203636169]","[0.35855549573898315, 0.6414445042610168]",0.6414445042610168
00024241.npy,1,1,"[0.09125547856092453, 0.7283147573471069]","[0.3459116220474243, 0.6540884375572205]",0.6540884375572205
00024242.npy,1,1,"[-0.14605572819709778, 0.7176588177680969]","[0.29656386375427246, 0.7034361362457275]",0.7034361362457275
00024243.npy,1,1,"[-0.2631620168685913, 0.4671735465526581]","[0.32512110471725464, 0.6748788952827454]",0.6748788952827454
00024244.npy,1,1,"[-0.12138599157333374, 0.18117907643318176]","[0.42493054270744324, 0.5750694274902344]",0.5750694274902344
00024245.npy,0,1,"[-0.1998780071735382, 0.2971857190132141]","[0.3782309293746948, 0.6217690110206604]",0.6217690110206604
00024246.npy,1,1,"[0.007457282394170761, 0.3054264485836029]","[0.4260540008544922, 0.5739459991455078]",0.5739459991455078
00024247.npy,0,1,"[0.03350498527288437, 0.540687084197998]","[0.37585434317588806, 0.6241456866264343]",0.6241456866264343
00024248.npy,0,1,"[-0.1678425371646881, 0.3851524591445923]","[0.36516985297203064, 0.6348301768302917]",0.6348301768302917
00024249.npy,0,1,"[-0.20294880867004395, 0.10196665674448013]","[0.4243563115596771, 0.5756437182426453]",0.5756437182426453
00024250.npy,0,1,"[-0.029767349362373352, 0.15410995483398438]","[0.4541597366333008, 0.5458402037620544]",0.5458402037620544
00024251.npy,1,1,"[-0.023334138095378876, 0.3909468352794647]","[0.3978860676288605, 0.6021139621734619]",0.6021139621734619
00024252.npy,1,1,"[-0.09366711974143982, 0.3183327913284302]","[0.3984326720237732, 0.6015673279762268]",0.6015673279762268
00024253.npy,0,1,"[-0.2387406826019287, 0.09481912106275558]","[0.41737473011016846, 0.5826252698898315]",0.5826252698898315
00024254.npy,0,1,"[-0.07632115483283997, 0.10560353845357895]","[0.4546438455581665, 0.5453561544418335]",0.5453561544418335
00024255.npy,1,1,"[-0.034346796572208405, 0.2210240364074707]","[0.43650200963020325, 0.5634980201721191]",0.5634980201721191
00024256.npy,1,1,"[0.025268293917179108, 0.36849868297576904]","[0.4150249660015106, 0.584975004196167]",0.584975004196167
00024257.npy,1,1,"[-0.052093297243118286, 0.10461147874593735]","[0.4609037935733795, 0.5390962362289429]",0.5390962362289429
00024258.npy,1,1,"[-0.41712331771850586, -0.12048950791358948]","[0.42638057470321655, 0.5736194252967834]",0.5736194252967834
00024259.npy,1,1,"[-0.12261355668306351, 0.4561932384967804]","[0.3592071831226349, 0.6407927870750427]",0.6407927870750427
00024260.npy,1,1,"[-0.19729956984519958, 0.1548595130443573]","[0.4128589630126953, 0.5871410369873047]",0.5871410369873047
00024261.npy,1,1,"[-0.4156036972999573, 0.29823946952819824]","[0.3287501931190491, 0.6712498068809509]",0.6712498068809509
00024262.npy,1,1,"[-0.14234620332717896, 0.30892834067344666]","[0.3890577554702759, 0.6109421849250793]",0.6109421849250793
00024263.npy,1,1,"[-0.07785551995038986, 0.43962362408638]","[0.3734418451786041, 0.6265581250190735]",0.6265581250190735
00024264.npy,1,1,"[0.1662684679031372, 0.4577837288379669]","[0.4276329576969147, 0.5723670721054077]",0.5723670721054077
00024265.npy,1,1,"[0.09768535941839218, 0.5555462837219238]","[0.38749340176582336, 0.6125065684318542]",0.6125065684318542
00024266.npy,1,1,"[-0.18228834867477417, 0.5438809990882874]","[0.32603591680526733, 0.6739640831947327]",0.6739640831947327
00024267.npy,1,1,"[-0.16381072998046875, 0.10995691269636154]","[0.4319823682308197, 0.5680176019668579]",0.5680176019668579
00024268.npy,1,1,"[0.11516972631216049, 0.31087249517440796]","[0.45122990012168884, 0.5487701296806335]",0.5487701296806335
00024269.npy,1,1,"[-0.060711756348609924, 0.27558434009552]","[0.4167095124721527, 0.5832905173301697]",0.5832905173301697
00024270.npy,0,1,"[-0.12485240399837494, 0.13795971870422363]","[0.4346725344657898, 0.5653274655342102]",0.5653274655342102
00024271.npy,1,1,"[0.04368649423122406, 0.42096373438835144]","[0.4067837595939636, 0.5932162404060364]",0.5932162404060364
00024272.npy,1,1,"[-0.21804052591323853, 0.27724120020866394]","[0.37865012884140015, 0.6213498711585999]",0.6213498711585999
00024273.npy,0,1,"[-0.024538304656744003, 0.15537646412849426]","[0.4551422595977783, 0.5448577404022217]",0.5448577404022217
00024274.npy,1,1,"[0.07141616940498352, 0.44876161217689514]","[0.4067672789096832, 0.5932326912879944]",0.5932326912879944
00024275.npy,1,1,"[-0.22453638911247253, -0.10467617213726044]","[0.4700707793235779, 0.5299292206764221]",0.5299292206764221
00024276.npy,0,1,"[-0.17094454169273376, 0.10931364446878433]","[0.43039047718048096, 0.569609522819519]",0.569609522819519
00024277.npy,1,1,"[-0.0784376710653305, 0.28422072529792786]","[0.4103161692619324, 0.5896837711334229]",0.5896837711334229
00024278.npy,1,1,"[0.008353307843208313, 0.4247065484523773]","[0.3973897397518158, 0.6026102900505066]",0.6026102900505066
00024279.npy,1,1,"[-0.05794033408164978, 0.36056026816368103]","[0.39687561988830566, 0.6031244397163391]",0.6031244397163391
00024280.npy,1,1,"[-0.01572217419743538, 0.3971266746520996]","[0.3982292413711548, 0.60177081823349]",0.60177081823349
00024281.npy,1,1,"[-0.2392044961452484, 0.10806926339864731]","[0.41404369473457336, 0.585956335067749]",0.585956335067749
00024282.npy,1,1,"[0.09456280618906021, 0.27476221323013306]","[0.45507165789604187, 0.5449283123016357]",0.5449283123016357
00024283.npy,1,1,"[0.16981664299964905, 0.6551201343536377]","[0.3810005486011505, 0.6189994215965271]",0.6189994215965271
00024284.npy,1,1,"[0.010599754750728607, 0.202498197555542]","[0.45217207074165344, 0.5478278994560242]",0.5478278994560242
00024285.npy,1,1,"[-0.06087612733244896, 0.4581817090511322]","[0.3730725646018982, 0.6269274353981018]",0.6269274353981018
00024286.npy,1,1,"[0.09067266434431076, 0.5801835656166077]","[0.3800088167190552, 0.6199911832809448]",0.6199911832809448
00024287.npy,1,1,"[0.15461811423301697, 0.442889541387558]","[0.4284271001815796, 0.5715728998184204]",0.5715728998184204
00024288.npy,1,1,"[-0.14851856231689453, 0.17162668704986572]","[0.42064034938812256, 0.5793596506118774]",0.5793596506118774
00024289.npy,1,1,"[0.1344245970249176, 0.49267175793647766]","[0.4113839566707611, 0.5886160731315613]",0.5886160731315613
00024290.npy,1,1,"[-0.17974543571472168, 0.303041934967041]","[0.38159415125846863, 0.6184058785438538]",0.6184058785438538
00024291.npy,1,1,"[0.06054721772670746, 0.5220038890838623]","[0.3866403102874756, 0.6133596897125244]",0.6133596897125244
00024292.npy,1,1,"[-0.12057173252105713, 0.26376834511756897]","[0.40508055686950684, 0.5949194431304932]",0.5949194431304932
00024293.npy,1,1,"[-0.11787295341491699, 0.299428790807724]","[0.39716261625289917, 0.6028374433517456]",0.6028374433517456
00024294.npy,1,1,"[0.17149895429611206, 0.47290274500846863]","[0.42521435022354126, 0.5747856497764587]",0.5747856497764587
00024295.npy,1,1,"[0.013980217278003693, 0.1300836205482483]","[0.47100669145584106, 0.5289932489395142]",0.5289932489395142
00024296.npy,1,1,"[-0.08719313889741898, 0.2774214446544647]","[0.40984299778938293, 0.5901570320129395]",0.5901570320129395
00024297.npy,1,1,"[-0.2719956040382385, -0.11313031613826752]","[0.46036699414253235, 0.5396329760551453]",0.5396329760551453
00024298.npy,1,1,"[-0.022645937278866768, 0.13440564274787903]","[0.4608176052570343, 0.5391823649406433]",0.5391823649406433
00024299.npy,1,1,"[-0.10923652350902557, 0.13025805354118347]","[0.44041091203689575, 0.5595890879631042]",0.5595890879631042
00024300.npy,1,1,"[0.11949443072080612, 0.3845556974411011]","[0.43411996960639954, 0.5658800601959229]",0.5658800601959229
00024301.npy,1,1,"[-0.22090211510658264, 0.043847694993019104]","[0.43419647216796875, 0.5658035278320312]",0.5658035278320312
00024302.npy,1,1,"[-0.10488826036453247, 0.31614014506340027]","[0.3962706923484802, 0.6037293672561646]",0.6037293672561646
00024303.npy,1,1,"[-0.04031090438365936, 0.23144084215164185]","[0.43247708678245544, 0.5675228834152222]",0.5675228834152222
00024304.npy,1,1,"[-0.06607984751462936, 0.22608789801597595]","[0.4274732172489166, 0.572526752948761]",0.572526752948761
00024305.npy,1,1,"[-0.24453017115592957, 0.1350814402103424]","[0.40622058510780334, 0.593779444694519]",0.593779444694519
00024306.npy,0,1,"[-0.3024176359176636, 0.17536437511444092]","[0.38277602195739746, 0.6172239780426025]",0.6172239780426025
00024307.npy,1,1,"[-0.08634445816278458, 0.6031085848808289]","[0.33415475487709045, 0.6658452153205872]",0.6658452153205872
00024308.npy,1,1,"[0.06633932143449783, 0.30916813015937805]","[0.43958935141563416, 0.5604106783866882]",0.5604106783866882
00024309.npy,1,1,"[0.05179520696401596, 0.30597713589668274]","[0.4367944598197937, 0.5632055401802063]",0.5632055401802063
00024310.npy,1,1,"[-0.18482676148414612, 0.27070727944374084]","[0.3880458176136017, 0.6119542121887207]",0.6119542121887207
00024311.npy,1,1,"[-0.09088735282421112, 0.4200470447540283]","[0.37497448921203613, 0.6250254511833191]",0.6250254511833191
00024312.npy,1,1,"[-0.09594222903251648, 0.10313045233488083]","[0.45039552450180054, 0.5496044158935547]",0.5496044158935547
00024313.npy,1,1,"[0.013949483633041382, 0.24796003103256226]","[0.44176292419433594, 0.5582371354103088]",0.5582371354103088
00024314.npy,0,1,"[-0.17798087000846863, 0.22171568870544434]","[0.40138527750968933, 0.5986147522926331]",0.5986147522926331
00024315.npy,1,1,"[0.19127720594406128, 0.6483051180839539]","[0.38769111037254333, 0.6123088598251343]",0.6123088598251343
00024316.npy,1,1,"[-0.09148076176643372, 0.3977232873439789]","[0.3800811171531677, 0.6199188828468323]",0.6199188828468323
00024317.npy,0,1,"[-0.061938557773828506, 0.22084486484527588]","[0.4297715127468109, 0.5702285170555115]",0.5702285170555115
00024318.npy,1,1,"[0.005169037729501724, 0.4370437264442444]","[0.3936787545681, 0.6063212752342224]",0.6063212752342224
00024319.npy,0,1,"[-0.17903044819831848, 0.04936765134334564]","[0.4431474208831787, 0.5568525791168213]",0.5568525791168213
00024320.npy,0,1,"[0.15418842434883118, 0.5271557569503784]","[0.40782418847084045, 0.5921757817268372]",0.5921757817268372
00024321.npy,0,1,"[-0.0011489838361740112, 0.5354109406471252]","[0.36898818612098694, 0.6310118436813354]",0.6310118436813354
00024322.npy,0,1,"[-0.05489981174468994, 0.45895513892173767]","[0.37429025769233704, 0.6257097721099854]",0.6257097721099854
00024323.npy,1,1,"[-0.0647430419921875, 0.4253752827644348]","[0.37986570596694946, 0.6201343536376953]",0.6201343536376953
00024324.npy,1,1,"[-0.06923948973417282, 0.583025336265564]","[0.3424793779850006, 0.6575206518173218]",0.6575206518173218
00024325.npy,1,1,"[-0.11607722193002701, 0.4184020757675171]","[0.36947277188301086, 0.6305272579193115]",0.6305272579193115
00024326.npy,1,1,"[-0.11035898327827454, 0.6880565881729126]","[0.3103645443916321, 0.6896353960037231]",0.6896353960037231
00024327.npy,1,1,"[-0.01909136027097702, 0.42108458280563354]","[0.39169904589653015, 0.6083009839057922]",0.6083009839057922
00024328.npy,1,1,"[-0.0955221951007843, 0.431491494178772]","[0.3712136447429657, 0.6287863254547119]",0.6287863254547119
00024329.npy,1,1,"[-0.10953247547149658, 0.5330250263214111]","[0.3446686267852783, 0.6553313136100769]",0.6553313136100769
00024330.npy,1,1,"[-0.09850627183914185, 0.47505316138267517]","[0.36041590571403503, 0.6395840644836426]",0.6395840644836426
00024331.npy,1,1,"[-0.09825436770915985, 0.5194302797317505]","[0.35030820965766907, 0.6496918201446533]",0.6496918201446533
00024332.npy,1,1,"[-0.09453237056732178, 0.36083030700683594]","[0.3880864977836609, 0.6119135022163391]",0.6119135022163391
00024333.npy,1,1,"[-0.2540598511695862, 0.4074823260307312]","[0.3403932750225067, 0.6596067547798157]",0.6596067547798157
00024334.npy,1,1,"[-0.21808761358261108, 0.22791728377342224]","[0.390311062335968, 0.609688937664032]",0.609688937664032
00024335.npy,1,1,"[-0.029799025505781174, 0.3544889986515045]","[0.40509310364723206, 0.5949069261550903]",0.5949069261550903
00024336.npy,1,1,"[0.1449371576309204, 0.47695615887641907]","[0.41774943470954895, 0.5822505354881287]",0.5822505354881287
00024337.npy,1,1,"[0.19193249940872192, 0.5532770156860352]","[0.4106341004371643, 0.5893658399581909]",0.5893658399581909
00024338.npy,1,1,"[-0.19831210374832153, 0.030113935470581055]","[0.4431404769420624, 0.5568594932556152]",0.5568594932556152
00024339.npy,0,1,"[0.29160696268081665, 0.4431828558444977]","[0.46217843890190125, 0.5378215909004211]",0.5378215909004211
00024340.npy,0,1,"[-0.035649653524160385, 0.013876929879188538]","[0.48762089014053345, 0.5123791098594666]",0.5123791098594666
00024341.npy,1,1,"[0.042150989174842834, 0.3282619118690491]","[0.4289562404155731, 0.5710437893867493]",0.5710437893867493
00024342.npy,1,1,"[0.08449675887823105, 0.38401371240615845]","[0.4256756007671356, 0.5743244290351868]",0.5743244290351868
00024343.npy,1,1,"[-0.053401000797748566, 0.5145017504692078]","[0.36172088980674744, 0.6382790803909302]",0.6382790803909302
00024344.npy,1,1,"[-0.28171584010124207, 0.2431372106075287]","[0.3717181086540222, 0.6282818913459778]",0.6282818913459778
00024345.npy,1,1,"[-0.03083554282784462, 0.2833884656429291]","[0.4220840334892273, 0.5779159665107727]",0.5779159665107727
00024346.npy,0,1,"[-0.28443917632102966, 0.24903857707977295]","[0.36970609426498413, 0.6302939057350159]",0.6302939057350159
00024347.npy,1,1,"[0.15526273846626282, 0.745100200176239]","[0.35667213797569275, 0.6433278322219849]",0.6433278322219849
00024348.npy,1,1,"[-0.2664795517921448, 0.18350502848625183]","[0.38936442136764526, 0.6106355786323547]",0.6106355786323547
00024349.npy,1,1,"[0.37077173590660095, 0.6621021628379822]","[0.4276781976222992, 0.5723218321800232]",0.5723218321800232
00024350.npy,1,0,"[-0.005335666239261627, -0.01829686015844345]","[0.5032402276992798, 0.4967597424983978]",0.4967597424983978
00024351.npy,0,1,"[-0.34207719564437866, 0.08755233138799667]","[0.39421480894088745, 0.6057851910591125]",0.6057851910591125
00024352.npy,1,1,"[-0.19472423195838928, 0.30445095896720886]","[0.37773454189300537, 0.6222655177116394]",0.6222655177116394
00024353.npy,0,1,"[-0.2673574388027191, 0.1813410222530365]","[0.3896702826023102, 0.6103297472000122]",0.6103297472000122
00024354.npy,1,1,"[0.06465848535299301, 0.18788394331932068]","[0.46923255920410156, 0.5307674407958984]",0.5307674407958984
00024355.npy,1,1,"[-0.3592817485332489, 0.1017739400267601]","[0.3867354094982147, 0.6132645606994629]",0.6132645606994629
00024356.npy,1,1,"[-0.12664362788200378, 0.17303460836410522]","[0.4256361126899719, 0.5743638277053833]",0.5743638277053833
00024357.npy,1,1,"[0.03861971199512482, 0.5138724446296692]","[0.3833737373352051, 0.6166262626647949]",0.6166262626647949
00024358.npy,1,1,"[-0.2665160000324249, -0.06625369191169739]","[0.4501011073589325, 0.5498989224433899]",0.5498989224433899
00024359.npy,1,1,"[0.1069592610001564, 0.5346744060516357]","[0.39467206597328186, 0.6053279638290405]",0.6053279638290405
00024360.npy,1,1,"[0.06099961698055267, 0.760994553565979]","[0.33181336522102356, 0.6681866645812988]",0.6681866645812988
00024361.npy,1,1,"[-0.2308717966079712, 0.021460048854351044]","[0.43724963068962097, 0.5627503991127014]",0.5627503991127014
00024362.npy,1,1,"[-0.12493738532066345, 0.2923855483531952]","[0.3971575200557709, 0.6028424501419067]",0.6028424501419067
00024363.npy,1,1,"[-0.07179556041955948, 0.3047613799571991]","[0.40695759654045105, 0.5930424332618713]",0.5930424332618713
00024364.npy,0,1,"[-0.23359328508377075, -0.06486696004867554]","[0.4579181969165802, 0.5420817732810974]",0.5420817732810974
00024365.npy,1,1,"[0.27487221360206604, 0.5832728147506714]","[0.42350518703460693, 0.5764948129653931]",0.5764948129653931
00024366.npy,1,1,"[0.2069745659828186, 0.5557557344436646]","[0.41367799043655396, 0.5863219499588013]",0.5863219499588013
00024367.npy,1,1,"[-0.28078606724739075, 0.1200665757060051]","[0.4011074900627136, 0.5988925099372864]",0.5988925099372864
00024368.npy,1,1,"[-0.06366953253746033, 0.18102246522903442]","[0.43913042545318604, 0.560869574546814]",0.560869574546814
00024369.npy,1,1,"[-0.09155986458063126, 0.15390104055404663]","[0.43894103169441223, 0.5610589385032654]",0.5610589385032654
00024370.npy,1,1,"[-0.2884620130062103, 0.14271697402000427]","[0.3938448429107666, 0.6061551570892334]",0.6061551570892334
00024371.npy,1,1,"[0.2972608506679535, 0.7982376217842102]","[0.37731117010116577, 0.622688889503479]",0.622688889503479
00024372.npy,1,1,"[0.17547401785850525, 0.40035852789878845]","[0.44401460886001587, 0.5559853315353394]",0.5559853315353394
00024373.npy,1,1,"[-0.08715330064296722, 0.2147517204284668]","[0.42509186267852783, 0.5749081373214722]",0.5749081373214722
00024374.npy,0,1,"[-0.1438261866569519, 0.08106199651956558]","[0.44401371479034424, 0.5559862852096558]",0.5559862852096558
00024375.npy,1,1,"[-0.5160871744155884, -0.0800408199429512]","[0.3926834464073181, 0.6073164939880371]",0.6073164939880371
00024376.npy,1,1,"[-0.06813497841358185, 0.34055206179618835]","[0.39922699332237244, 0.60077303647995]",0.60077303647995
00024377.npy,1,1,"[-0.03328128531575203, 0.26048964262008667]","[0.4270809292793274, 0.5729190707206726]",0.5729190707206726
00024378.npy,1,1,"[-0.38563627004623413, -0.13105644285678864]","[0.4366965889930725, 0.5633034706115723]",0.5633034706115723
00024379.npy,0,1,"[-0.08630558848381042, 0.05744011700153351]","[0.4641253352165222, 0.5358746647834778]",0.5358746647834778
00024380.npy,1,1,"[-0.13085445761680603, 0.09295786172151566]","[0.4442793130874634, 0.5557206869125366]",0.5557206869125366
00024381.npy,1,1,"[-0.20971179008483887, 0.057776808738708496]","[0.4335237145423889, 0.5664762258529663]",0.5664762258529663
00024382.npy,1,1,"[0.1027417853474617, 0.36790597438812256]","[0.4340946674346924, 0.5659053325653076]",0.5659053325653076
00024383.npy,1,1,"[-0.1488182097673416, 0.3970136046409607]","[0.3668319880962372, 0.6331679821014404]",0.6331679821014404
00024384.npy,1,1,"[-0.16162727773189545, 0.362964928150177]","[0.37177905440330505, 0.6282209753990173]",0.6282209753990173
00024385.npy,1,1,"[-0.16041284799575806, 0.1455211639404297]","[0.42410752177238464, 0.5758925080299377]",0.5758925080299377
00024386.npy,1,1,"[0.021064482629299164, 0.368053674697876]","[0.41411271691322327, 0.5858872532844543]",0.5858872532844543
00024387.npy,0,1,"[-0.10552163422107697, 0.2189658284187317]","[0.4195825457572937, 0.5804175138473511]",0.5804175138473511
00024388.npy,1,1,"[-0.05576537549495697, 0.38737937808036804]","[0.3909918963909149, 0.6090081334114075]",0.6090081334114075
00024389.npy,1,1,"[-0.1028081625699997, 0.14217925071716309]","[0.4390576481819153, 0.5609423518180847]",0.5609423518180847
00024390.npy,1,1,"[0.1219438835978508, 0.6725990176200867]","[0.365712434053421, 0.6342875957489014]",0.6342875957489014
00024391.npy,1,1,"[-0.13273115456104279, 0.5436753630638123]","[0.33706381916999817, 0.6629362106323242]",0.6629362106323242
00024392.npy,0,1,"[0.05072954297065735, 0.6425833702087402]","[0.3562096059322357, 0.6437903642654419]",0.6437903642654419
00024393.npy,1,1,"[-0.1313445121049881, 0.4336034059524536]","[0.36240339279174805, 0.637596607208252]",0.637596607208252
00024394.npy,0,1,"[-0.09356910735368729, 0.23343655467033386]","[0.41896939277648926, 0.5810306072235107]",0.5810306072235107
00024395.npy,0,1,"[-0.07025585323572159, 0.23469695448875427]","[0.4243471920490265, 0.5756528377532959]",0.5756528377532959
00024396.npy,1,1,"[-0.17720526456832886, 0.3360424339771271]","[0.3744325041770935, 0.6255675554275513]",0.6255675554275513
00024397.npy,1,1,"[0.07512853294610977, 0.4454796016216278]","[0.4084562063217163, 0.5915437936782837]",0.5915437936782837
00024398.npy,0,1,"[0.25790342688560486, 0.5054473876953125]","[0.4384280741214752, 0.5615718960762024]",0.5615718960762024
00024399.npy,1,1,"[-0.07283364236354828, 0.20633691549301147]","[0.43065714836120605, 0.569342851638794]",0.569342851638794
00024400.npy,0,1,"[0.01778264343738556, 0.2675797641277313]","[0.4378734230995178, 0.5621265769004822]",0.5621265769004822
00024401.npy,1,1,"[-0.24725091457366943, 0.12133719772100449]","[0.4088822305202484, 0.591117799282074]",0.591117799282074
00024402.npy,1,1,"[-0.035774338990449905, 0.311644583940506]","[0.4140084385871887, 0.5859915018081665]",0.5859915018081665
00024403.npy,1,1,"[-0.37432658672332764, 0.1642535924911499]","[0.3685179650783539, 0.6314820647239685]",0.6314820647239685
00024404.npy,0,1,"[-0.1461559236049652, 0.041997626423835754]","[0.45309990644454956, 0.5469001531600952]",0.5469001531600952
00024405.npy,1,1,"[0.021568968892097473, 0.3445051908493042]","[0.4199603497982025, 0.5800396800041199]",0.5800396800041199
00024406.npy,0,1,"[0.029625900089740753, 0.4301140606403351]","[0.40119507908821106, 0.5988049507141113]",0.5988049507141113
00024407.npy,0,1,"[-0.006903011351823807, 0.24208998680114746]","[0.4380713701248169, 0.5619286298751831]",0.5619286298751831
00024408.npy,1,1,"[-0.1791462004184723, 0.11157908290624619]","[0.42782631516456604, 0.5721737146377563]",0.5721737146377563
00024409.npy,1,1,"[-0.2608468532562256, 0.027346961200237274]","[0.42844611406326294, 0.5715538859367371]",0.5715538859367371
00024410.npy,0,1,"[-0.1685219407081604, 0.09705439954996109]","[0.4339934289455414, 0.566006600856781]",0.566006600856781
00024411.npy,0,1,"[-0.22670891880989075, 0.14265260100364685]","[0.4086953401565552, 0.5913047194480896]",0.5913047194480896
00024412.npy,1,1,"[-0.06007881090044975, 0.21519649028778076]","[0.431612491607666, 0.568387508392334]",0.568387508392334
00024413.npy,0,1,"[-0.14573991298675537, 0.20422986149787903]","[0.41338974237442017, 0.5866102576255798]",0.5866102576255798
00024414.npy,1,1,"[-0.0357060432434082, 0.25113290548324585]","[0.42877793312072754, 0.5712220668792725]",0.5712220668792725
00024415.npy,1,1,"[-0.03444071114063263, 0.2527512311935425]","[0.42869147658348083, 0.5713085532188416]",0.5713085532188416
00024416.npy,0,1,"[0.12404438108205795, 0.4077036678791046]","[0.4295569062232971, 0.5704430937767029]",0.5704430937767029
00024417.npy,1,1,"[-0.27108246088027954, 0.0700463280081749]","[0.4155353307723999, 0.5844647288322449]",0.5844647288322449
00024418.npy,0,1,"[0.05024738609790802, 0.25427424907684326]","[0.44916948676109314, 0.5508305430412292]",0.5508305430412292
00024419.npy,1,1,"[-0.059079620987176895, 0.34577542543411255]","[0.4001464545726776, 0.5998535752296448]",0.5998535752296448
00024420.npy,0,1,"[-0.07876259833574295, 0.3335019648075104]","[0.3983692526817322, 0.6016307473182678]",0.6016307473182678
00024421.npy,0,1,"[-0.14056870341300964, 0.02041979879140854]","[0.4598395526409149, 0.5401604175567627]",0.5401604175567627
00024422.npy,0,1,"[-0.009424936026334763, 0.3104751706123352]","[0.4207001328468323, 0.5792999267578125]",0.5792999267578125
00024423.npy,1,1,"[-0.16615723073482513, 0.020452722907066345]","[0.45348241925239563, 0.546517550945282]",0.546517550945282
00024424.npy,0,1,"[0.14533841609954834, 0.17334282398223877]","[0.4929993450641632, 0.5070006251335144]",0.5070006251335144
00024425.npy,1,1,"[-0.07356707751750946, 0.2241465449333191]","[0.4261165261268616, 0.5738835334777832]",0.5738835334777832
00024426.npy,0,1,"[-0.07748569548130035, 0.5198119878768921]","[0.35496217012405396, 0.6450377702713013]",0.6450377702713013
00024427.npy,1,1,"[-0.10419808328151703, 0.19036763906478882]","[0.42688649892807007, 0.5731135606765747]",0.5731135606765747
00024428.npy,1,1,"[-0.0639360323548317, 0.45086631178855896]","[0.37406840920448303, 0.6259315609931946]",0.6259315609931946
00024429.npy,1,1,"[-0.01579093560576439, 0.4604853093624115]","[0.38313183188438416, 0.6168681979179382]",0.6168681979179382
00024430.npy,0,1,"[-0.16379335522651672, 0.32905247807502747]","[0.37922340631484985, 0.6207766532897949]",0.6207766532897949
00024431.npy,0,1,"[-0.1298961043357849, 0.2768627107143402]","[0.39968955516815186, 0.6003104448318481]",0.6003104448318481
00024432.npy,1,1,"[-0.09549573063850403, 0.1502527892589569]","[0.43887022137641907, 0.5611298084259033]",0.5611298084259033
00024433.npy,0,1,"[-0.20179671049118042, 0.2848626971244812]","[0.3806808292865753, 0.6193191409111023]",0.6193191409111023
00024434.npy,1,1,"[-0.041525717824697495, 0.2678128182888031]","[0.42327624559402466, 0.5767238140106201]",0.5767238140106201
00024435.npy,1,1,"[-0.1479761004447937, 0.19831237196922302]","[0.41428273916244507, 0.5857172608375549]",0.5857172608375549
00024436.npy,0,1,"[-0.275454580783844, 0.021733902394771576]","[0.42624491453170776, 0.5737550854682922]",0.5737550854682922
00024437.npy,1,1,"[0.026097528636455536, 0.24198293685913086]","[0.44623732566833496, 0.5537627339363098]",0.5537627339363098
00024438.npy,0,1,"[-0.19727250933647156, 0.09660052508115768]","[0.4270559847354889, 0.5729440450668335]",0.5729440450668335
00024439.npy,1,1,"[0.04624710977077484, 0.49383673071861267]","[0.3899340033531189, 0.6100659966468811]",0.6100659966468811
00024440.npy,1,1,"[-0.08791019022464752, 0.1981864869594574]","[0.42895975708961487, 0.5710402727127075]",0.5710402727127075
00024441.npy,1,1,"[-0.24723389744758606, 0.29124778509140015]","[0.36854082345962524, 0.6314591765403748]",0.6314591765403748
00024442.npy,1,1,"[0.07403678447008133, 0.5576545000076294]","[0.3813982307910919, 0.6186017990112305]",0.6186017990112305
00024443.npy,1,1,"[-0.025871168822050095, 0.13680613040924072]","[0.4594201445579529, 0.5405798554420471]",0.5405798554420471
00024444.npy,1,1,"[-0.1912814974784851, 0.44162121415138245]","[0.3468526303768158, 0.6531473398208618]",0.6531473398208618
00024445.npy,0,1,"[-0.03196031600236893, 0.19567373394966125]","[0.44333595037460327, 0.5566640496253967]",0.5566640496253967
00024446.npy,1,1,"[-0.027094433084130287, 0.1996350884437561]","[0.4435591995716095, 0.5564408302307129]",0.5564408302307129
00024447.npy,0,1,"[-0.3618771433830261, -0.07454122602939606]","[0.4286561906337738, 0.5713437795639038]",0.5713437795639038
00024448.npy,1,1,"[-0.05224268510937691, 0.28872501850128174]","[0.41557443141937256, 0.5844255685806274]",0.5844255685806274
00024449.npy,0,1,"[-0.22651150822639465, 0.09240313619375229]","[0.4209402799606323, 0.5790597200393677]",0.5790597200393677
00024450.npy,0,1,"[0.1346636712551117, 0.336605966091156]","[0.44968530535697937, 0.550314724445343]",0.550314724445343
00024451.npy,0,1,"[-0.095332071185112, 0.0957743301987648]","[0.45236825942993164, 0.5476317405700684]",0.5476317405700684
00024452.npy,1,1,"[0.11373124271631241, 0.5428523421287537]","[0.3943362236022949, 0.6056637763977051]",0.6056637763977051
00024453.npy,1,1,"[-0.3947421908378601, 0.006819561123847961]","[0.40093716979026794, 0.5990628600120544]",0.5990628600120544
00024454.npy,1,1,"[-0.10348187386989594, 0.38538658618927]","[0.3801601529121399, 0.6198398470878601]",0.6198398470878601
00024455.npy,1,1,"[-0.20076972246170044, 0.10845150798559189]","[0.42330485582351685, 0.5766951441764832]",0.5766951441764832
00024456.npy,0,1,"[-0.03847462683916092, 0.19138824939727783]","[0.44278597831726074, 0.5572139620780945]",0.5572139620780945
00024457.npy,0,1,"[-0.23633134365081787, 0.0005036257207393646]","[0.4410664737224579, 0.5589335560798645]",0.5589335560798645
00024458.npy,1,1,"[0.17854523658752441, 0.7185720801353455]","[0.3681813180446625, 0.6318186521530151]",0.6318186521530151
00024459.npy,1,1,"[-0.15529733896255493, 0.27714917063713074]","[0.39354225993156433, 0.6064577102661133]",0.6064577102661133
00024460.npy,1,1,"[0.02966732531785965, 0.4190552830696106]","[0.40386462211608887, 0.5961353778839111]",0.5961353778839111
00024461.npy,1,1,"[-0.08828435838222504, 0.1363939344882965]","[0.44406554102897644, 0.555934488773346]",0.555934488773346
00024462.npy,1,1,"[0.07607879489660263, 0.3185705542564392]","[0.4396723806858063, 0.5603276491165161]",0.5603276491165161
00024463.npy,1,1,"[0.027682870626449585, 0.5312743782997131]","[0.37669700384140015, 0.6233029365539551]",0.6233029365539551
00024464.npy,0,1,"[-0.06188616156578064, 0.29787126183509827]","[0.4110182821750641, 0.5889816880226135]",0.5889816880226135
00024465.npy,0,1,"[-0.0826224535703659, 0.28744474053382874]","[0.4085247814655304, 0.591475248336792]",0.591475248336792
00024466.npy,1,1,"[0.01966087520122528, 0.3485677242279053]","[0.4185066223144531, 0.5814933776855469]",0.5814933776855469
00024467.npy,0,1,"[-0.052201442420482635, 0.2229226529598236]","[0.4316495656967163, 0.5683504343032837]",0.5683504343032837
00024468.npy,1,1,"[-0.07417286187410355, 0.2676892876625061]","[0.41535723209381104, 0.584642767906189]",0.584642767906189
00024469.npy,1,1,"[-0.1157173365354538, 0.23097330331802368]","[0.41418513655662537, 0.5858148336410522]",0.5858148336410522
00024470.npy,1,1,"[-0.25925445556640625, 0.13969364762306213]","[0.4015651345252991, 0.5984349250793457]",0.5984349250793457
00024471.npy,1,1,"[0.024296291172504425, 0.35282009840011597]","[0.4185998737812042, 0.5814001560211182]",0.5814001560211182
00024472.npy,1,1,"[-0.03438267111778259, 0.19900605082511902]","[0.44191622734069824, 0.558083713054657]",0.558083713054657
00024473.npy,0,1,"[-0.13038963079452515, 0.0646291971206665]","[0.45139920711517334, 0.5486007332801819]",0.5486007332801819
00024474.npy,1,1,"[-0.21726343035697937, 0.17601382732391357]","[0.4029286205768585, 0.5970713496208191]",0.5970713496208191
00024475.npy,1,1,"[0.05020604282617569, 0.1307939887046814]","[0.47986388206481934, 0.5201360583305359]",0.5201360583305359
00024476.npy,1,1,"[-0.031033802777528763, 0.2787058353424072]","[0.4231782853603363, 0.5768216848373413]",0.5768216848373413
00024477.npy,1,1,"[0.06930559128522873, 0.1505039632320404]","[0.4797115623950958, 0.5202884674072266]",0.5202884674072266
00024478.npy,0,1,"[-0.017343375831842422, 0.2292320728302002]","[0.43866655230522156, 0.561333417892456]",0.561333417892456
00024479.npy,0,1,"[0.07774697989225388, 0.22633841633796692]","[0.46292033791542053, 0.5370796322822571]",0.5370796322822571
00024480.npy,0,1,"[-0.20515644550323486, 0.0622624009847641]","[0.43354085087776184, 0.5664591193199158]",0.5664591193199158
00024481.npy,0,1,"[-0.09950752556324005, 0.24578016996383667]","[0.4145255982875824, 0.5854743719100952]",0.5854743719100952
00024482.npy,1,1,"[-0.15471476316452026, 0.2957647740840912]","[0.38924679160118103, 0.6107532382011414]",0.6107532382011414
00024483.npy,1,1,"[0.006523218005895615, 0.5152257680892944]","[0.3754977285861969, 0.6245022416114807]",0.6245022416114807
00024484.npy,1,1,"[-0.04720623046159744, 0.31858494877815247]","[0.40955841541290283, 0.5904415845870972]",0.5904415845870972
00024485.npy,0,1,"[-0.05467202514410019, 0.43593981862068176]","[0.3797494173049927, 0.6202505826950073]",0.6202505826950073
00024486.npy,0,1,"[-0.20906177163124084, 0.10036493092775345]","[0.42325466871261597, 0.5767452716827393]",0.5767452716827393
00024487.npy,1,1,"[-0.14530059695243835, 0.3160738945007324]","[0.38665980100631714, 0.6133401393890381]",0.6133401393890381
00024488.npy,1,1,"[-0.3280254900455475, -0.04157360643148422]","[0.4288727343082428, 0.5711272954940796]",0.5711272954940796
00024489.npy,1,1,"[-0.03359110280871391, 0.08272018283605576]","[0.47095492482185364, 0.529045045375824]",0.529045045375824
00024490.npy,0,1,"[-0.01753474399447441, 0.5494221448898315]","[0.36193928122520447, 0.6380606889724731]",0.6380606889724731
00024491.npy,1,1,"[0.11746620386838913, 0.5196735262870789]","[0.40078213810920715, 0.5992178916931152]",0.5992178916931152
00024492.npy,1,1,"[0.05575276166200638, 0.46720102429389954]","[0.3985649049282074, 0.6014350652694702]",0.6014350652694702
00024493.npy,1,1,"[-0.09820486605167389, 0.217860609292984]","[0.4216349124908447, 0.5783650875091553]",0.5783650875091553
00024494.npy,1,1,"[-0.2688562273979187, 0.013358570635318756]","[0.4299108684062958, 0.5700891017913818]",0.5700891017913818
00024495.npy,1,1,"[-0.03612898290157318, 0.40396958589553833]","[0.39171749353408813, 0.6082825660705566]",0.6082825660705566
00024496.npy,1,1,"[-0.0529208742082119, 0.445568710565567]","[0.37789568305015564, 0.6221043467521667]",0.6221043467521667
00024497.npy,1,1,"[-0.12198866903781891, -0.024706166237592697]","[0.4756985306739807, 0.5243014693260193]",0.5243014693260193
00024498.npy,0,1,"[-0.0146469846367836, 0.31835928559303284]","[0.4175093472003937, 0.5824906826019287]",0.5824906826019287
00024499.npy,1,1,"[-0.24712315201759338, 0.12666600942611694]","[0.4076257348060608, 0.5923742651939392]",0.5923742651939392
00024500.npy,1,1,"[0.06097319722175598, 0.3029246926307678]","[0.4398055076599121, 0.5601944923400879]",0.5601944923400879
00024501.npy,1,1,"[-0.11957515776157379, 0.732883870601654]","[0.298917293548584, 0.701082706451416]",0.701082706451416
00024502.npy,1,1,"[-0.024611953645944595, 0.37153980135917664]","[0.40223729610443115, 0.5977627038955688]",0.5977627038955688
00024503.npy,1,1,"[-0.15236854553222656, 0.24381950497627258]","[0.40222856402397156, 0.5977714657783508]",0.5977714657783508
00024504.npy,1,1,"[-0.029164031147956848, 0.3168705403804779]","[0.41434434056282043, 0.5856556296348572]",0.5856556296348572
00024505.npy,1,1,"[-0.2896796762943268, -0.05890943855047226]","[0.4425621032714844, 0.5574378371238708]",0.5574378371238708
00024506.npy,1,1,"[-0.2707134485244751, 0.07415512949228287]","[0.4146273136138916, 0.5853726863861084]",0.5853726863861084
00024507.npy,0,1,"[0.052331916987895966, 0.14804944396018982]","[0.47608885169029236, 0.5239111185073853]",0.5239111185073853
00024508.npy,1,1,"[-0.03879914432764053, 0.34329912066459656]","[0.4056209325790405, 0.5943790674209595]",0.5943790674209595
00024509.npy,1,1,"[-0.2148418128490448, 0.1139020249247551]","[0.41854631900787354, 0.5814536809921265]",0.5814536809921265
00024510.npy,1,1,"[-0.0459049828350544, 0.39911869168281555]","[0.390544593334198, 0.609455406665802]",0.609455406665802
00024511.npy,1,1,"[0.029803991317749023, 0.2397226095199585]","[0.4477122128009796, 0.552287757396698]",0.552287757396698
00024512.npy,1,1,"[0.017846204340457916, 0.2584821879863739]","[0.4401296079158783, 0.5598703622817993]",0.5598703622817993
00024513.npy,1,1,"[-0.2562367916107178, 0.14725473523139954]","[0.4004737436771393, 0.5995262861251831]",0.5995262861251831
00024514.npy,1,1,"[-0.2417905032634735, -0.00034664198756217957]","[0.4399305582046509, 0.5600694417953491]",0.5600694417953491
00024515.npy,1,1,"[-0.29010751843452454, 0.29676300287246704]","[0.35735321044921875, 0.6426467895507812]",0.6426467895507812
00024516.npy,1,1,"[-0.09765882045030594, 0.2946884036064148]","[0.40315237641334534, 0.5968475937843323]",0.5968475937843323
00024517.npy,1,1,"[0.03055814653635025, 0.4310036599636078]","[0.40120530128479004, 0.59879469871521]",0.59879469871521
00024518.npy,1,1,"[0.02280702441930771, 0.2147114872932434]","[0.45217058062553406, 0.5478293895721436]",0.5478293895721436
00024519.npy,1,1,"[0.04975616931915283, 0.45754489302635193]","[0.3994424641132355, 0.6005575060844421]",0.6005575060844421
00024520.npy,1,1,"[-0.2329959273338318, 0.3584960997104645]","[0.35629257559776306, 0.6437074542045593]",0.6437074542045593
00024521.npy,1,1,"[0.04088859260082245, 0.38694140315055847]","[0.41433992981910706, 0.5856600403785706]",0.5856600403785706
00024522.npy,1,1,"[-0.06971132755279541, 0.10565456002950668]","[0.4562705457210541, 0.5437294840812683]",0.5437294840812683
00024523.npy,1,1,"[-0.04884970188140869, 0.24462676048278809]","[0.4271530210971832, 0.5728470087051392]",0.5728470087051392
00024524.npy,1,1,"[-0.05914539098739624, 0.2562108635902405]","[0.4218078851699829, 0.5781921148300171]",0.5781921148300171
00024525.npy,1,1,"[-0.17766475677490234, 0.051031745970249176]","[0.4430737793445587, 0.5569262504577637]",0.5569262504577637
00024526.npy,1,1,"[-0.1768258810043335, 0.1791827380657196]","[0.4119260907173157, 0.5880738496780396]",0.5880738496780396
00024527.npy,1,1,"[-0.1547921746969223, 0.2113966941833496]","[0.40946221351623535, 0.5905377864837646]",0.5905377864837646
00024528.npy,1,1,"[0.07789453119039536, 0.3899381160736084]","[0.42261600494384766, 0.5773839950561523]",0.5773839950561523
00024529.npy,1,1,"[0.15025123953819275, 0.5874138474464417]","[0.392417311668396, 0.6075827479362488]",0.6075827479362488
00024530.npy,1,1,"[-0.24331268668174744, 0.21357512474060059]","[0.3877243995666504, 0.6122756004333496]",0.6122756004333496
00024531.npy,1,1,"[0.0347665399312973, 0.34813815355300903]","[0.42229199409484863, 0.5777080059051514]",0.5777080059051514
00024532.npy,1,1,"[-0.12101425230503082, 0.3533055782318115]","[0.3835943043231964, 0.6164056658744812]",0.6164056658744812
00024533.npy,1,1,"[0.1505739390850067, 0.45141342282295227]","[0.4253522753715515, 0.5746477246284485]",0.5746477246284485
00024534.npy,1,1,"[0.25073954463005066, 0.6458900570869446]","[0.40247803926467896, 0.597521960735321]",0.597521960735321
00024535.npy,1,1,"[-0.08874672651290894, 0.14169782400131226]","[0.442642480134964, 0.5573574900627136]",0.5573574900627136
00024536.npy,1,1,"[-0.023862799629569054, 0.2757663428783417]","[0.42564815282821655, 0.5743519067764282]",0.5743519067764282
00024537.npy,1,1,"[-0.20985069870948792, 0.33872294425964355]","[0.366195410490036, 0.6338046193122864]",0.6338046193122864
00024538.npy,1,1,"[-0.1844194531440735, 0.4925589859485626]","[0.33693602681159973, 0.6630640029907227]",0.6630640029907227
00024539.npy,1,1,"[0.0786912813782692, 0.28865891695022583]","[0.4477001130580902, 0.5522999167442322]",0.5522999167442322
00024540.npy,1,1,"[-0.0824575126171112, 0.320472776889801]","[0.40060850977897644, 0.599391520023346]",0.599391520023346
00024541.npy,0,1,"[-0.20184504985809326, 0.16449382901191711]","[0.4094259738922119, 0.5905740261077881]",0.5905740261077881
00024542.npy,1,1,"[0.08105415850877762, 0.3905990421772003]","[0.42322584986686707, 0.5767741799354553]",0.5767741799354553
00024543.npy,1,1,"[-0.05328308045864105, 0.41741228103637695]","[0.384451687335968, 0.6155483722686768]",0.6155483722686768
00024544.npy,1,1,"[0.1327458918094635, 0.26953399181365967]","[0.4658562242984772, 0.5341438055038452]",0.5341438055038452
00024545.npy,0,1,"[0.1920701563358307, 0.42337533831596375]","[0.44243013858795166, 0.5575698018074036]",0.5575698018074036
00024546.npy,1,1,"[0.0011749491095542908, 0.2122129201889038]","[0.4474354386329651, 0.5525645613670349]",0.5525645613670349
00024547.npy,0,1,"[-0.17827817797660828, 0.5061856508255005]","[0.33526575565338135, 0.6647341847419739]",0.6647341847419739
00024548.npy,0,1,"[-0.1672375500202179, 0.17818090319633484]","[0.4144938588142395, 0.5855060815811157]",0.5855060815811157
00024549.npy,1,1,"[-0.14562290906906128, 0.320498526096344]","[0.3855346441268921, 0.6144652962684631]",0.6144652962684631
00024550.npy,1,1,"[-0.01174461841583252, 0.19850805401802063]","[0.4476296007633209, 0.5523703694343567]",0.5523703694343567
00024551.npy,1,1,"[0.07120341807603836, 0.3703952133655548]","[0.4257550835609436, 0.5742449164390564]",0.5742449164390564
00024552.npy,0,1,"[-0.04846896603703499, 0.26927655935287476]","[0.42122527956962585, 0.5787746906280518]",0.5787746906280518
00024553.npy,0,1,"[-0.03362090140581131, 0.22773543000221252]","[0.43503034114837646, 0.5649697184562683]",0.5649697184562683
00024554.npy,1,1,"[-0.10746972262859344, -0.004791926592588425]","[0.4743530750274658, 0.5256469249725342]",0.5256469249725342
00024555.npy,1,1,"[0.033470869064331055, 0.46779361367225647]","[0.39309459924697876, 0.6069054007530212]",0.6069054007530212
00024556.npy,1,1,"[-0.1223573163151741, 0.14754125475883484]","[0.4329319894313812, 0.5670679807662964]",0.5670679807662964
00024557.npy,1,1,"[0.19540897011756897, 0.41787293553352356]","[0.4446122646331787, 0.5553877353668213]",0.5553877353668213
00024558.npy,1,1,"[-0.19606181979179382, 0.22506433725357056]","[0.3962472975254059, 0.6037527322769165]",0.6037527322769165
00024559.npy,1,1,"[-0.10209614038467407, 0.49229225516319275]","[0.3556286096572876, 0.6443713903427124]",0.6443713903427124
00024560.npy,0,1,"[0.014038681983947754, 0.03549434244632721]","[0.49463629722595215, 0.5053637027740479]",0.5053637027740479
00024561.npy,1,1,"[-0.05650906264781952, 0.07162164896726608]","[0.4680110812187195, 0.5319889187812805]",0.5319889187812805
00024562.npy,1,1,"[-0.03917118161916733, 0.09458767622709274]","[0.4666100740432739, 0.5333899259567261]",0.5333899259567261
00024563.npy,1,1,"[0.13963404297828674, 0.5024511814117432]","[0.410277783870697, 0.589722216129303]",0.589722216129303
00024564.npy,1,1,"[0.3854868710041046, 1.0493496656417847]","[0.33987244963645935, 0.660127580165863]",0.660127580165863
00024565.npy,1,1,"[-0.2777501046657562, 0.4874284565448761]","[0.31752297282218933, 0.6824769973754883]",0.6824769973754883
00024566.npy,0,1,"[0.3450739085674286, 0.8366339206695557]","[0.37952613830566406, 0.6204738616943359]",0.6204738616943359
00024567.npy,0,1,"[0.10855872184038162, 0.3402930498123169]","[0.44232431054115295, 0.5576757192611694]",0.5576757192611694
00024568.npy,0,1,"[0.0867287740111351, 0.34959283471107483]","[0.43465977907180786, 0.5653401613235474]",0.5653401613235474
00024569.npy,1,1,"[-0.07973063737154007, 0.21167001128196716]","[0.4276610314846039, 0.5723389983177185]",0.5723389983177185
00024570.npy,1,1,"[-0.24007046222686768, 0.11798541992902756]","[0.411430299282074, 0.5885697603225708]",0.5885697603225708
00024571.npy,0,1,"[-0.02564471773803234, 0.3278549015522003]","[0.41253402829170227, 0.5874660015106201]",0.5874660015106201
00024572.npy,0,1,"[0.013187505304813385, 0.23240259289741516]","[0.445414662361145, 0.554585337638855]",0.554585337638855
00024573.npy,0,1,"[-0.09699832648038864, 0.17754343152046204]","[0.4317924380302429, 0.5682075023651123]",0.5682075023651123
00024574.npy,1,1,"[0.046784281730651855, 0.3827800452709198]","[0.4167824983596802, 0.5832175016403198]",0.5832175016403198
00024575.npy,1,1,"[-0.06586054712533951, 0.14954155683517456]","[0.44635671377182007, 0.5536432862281799]",0.5536432862281799
00024576.npy,0,1,"[0.02305825799703598, 0.4940018951892853]","[0.3843929171562195, 0.6156070828437805]",0.6156070828437805
00024577.npy,0,1,"[-0.10776972770690918, 0.03752123564481735]","[0.4637410342693329, 0.5362589955329895]",0.5362589955329895
00024578.npy,1,1,"[-0.22818875312805176, 0.22127726674079895]","[0.38948774337768555, 0.6105122566223145]",0.6105122566223145
00024579.npy,0,1,"[-0.17369866371154785, 0.02725885808467865]","[0.44992899894714355, 0.5500710010528564]",0.5500710010528564
00024580.npy,1,1,"[-0.02304832823574543, 0.36947283148765564]","[0.403110533952713, 0.5968894362449646]",0.5968894362449646
00024581.npy,1,1,"[0.09441592544317245, 0.19130244851112366]","[0.47579729557037354, 0.5242027044296265]",0.5242027044296265
00024582.npy,1,1,"[0.07714594155550003, 0.4417656362056732]","[0.40984174609184265, 0.5901582837104797]",0.5901582837104797
00024583.npy,0,1,"[0.0366789847612381, 0.2595132291316986]","[0.44452083110809326, 0.5554791688919067]",0.5554791688919067
00024584.npy,1,1,"[-0.05590224638581276, 0.13062170147895813]","[0.45350372791290283, 0.5464962124824524]",0.5464962124824524
00024585.npy,1,1,"[-0.06629859656095505, 0.3819340169429779]","[0.38978108763694763, 0.6102189421653748]",0.6102189421653748
00024586.npy,1,1,"[0.010357115417718887, 0.10566122084856033]","[0.4761919677257538, 0.5238080024719238]",0.5238080024719238
00024587.npy,1,1,"[0.19175660610198975, 0.5484170317649841]","[0.41176822781562805, 0.5882317423820496]",0.5882317423820496
00024588.npy,1,1,"[0.01530977338552475, 0.2651517391204834]","[0.4378623962402344, 0.5621375441551208]",0.5621375441551208
00024589.npy,1,1,"[-0.013460278511047363, 0.3324527144432068]","[0.41437384486198425, 0.5856261253356934]",0.5856261253356934
00024590.npy,1,1,"[-0.23340916633605957, 0.13005995750427246]","[0.41012004017829895, 0.5898799300193787]",0.5898799300193787
00024591.npy,1,1,"[0.14312171936035156, 0.38243332505226135]","[0.44045600295066833, 0.5595439672470093]",0.5595439672470093
00024592.npy,0,1,"[-0.04943056032061577, 0.30616495013237]","[0.41202616691589355, 0.5879737734794617]",0.5879737734794617
00024593.npy,1,1,"[0.042103469371795654, 0.36561375856399536]","[0.41982051730155945, 0.5801794528961182]",0.5801794528961182
00024594.npy,1,1,"[-0.21289309859275818, -0.015636499971151352]","[0.4508451223373413, 0.5491548776626587]",0.5491548776626587
00024595.npy,1,1,"[-0.05102255940437317, 0.18359160423278809]","[0.4416140615940094, 0.558385968208313]",0.558385968208313
00024596.npy,0,1,"[0.01031668484210968, 0.4178525507450104]","[0.3995031416416168, 0.6004968881607056]",0.6004968881607056
00024597.npy,1,1,"[-0.05231250822544098, 0.14379462599754333]","[0.4511297047138214, 0.5488702654838562]",0.5488702654838562
00024598.npy,1,1,"[0.12355608493089676, 0.32544684410095215]","[0.4496980607509613, 0.5503019690513611]",0.5503019690513611
00024599.npy,0,1,"[0.12173967808485031, 0.27993497252464294]","[0.46053346991539, 0.5394665598869324]",0.5394665598869324
00024600.npy,1,1,"[0.05075515806674957, 0.3459623456001282]","[0.4267295300960541, 0.5732704401016235]",0.5732704401016235
00024601.npy,1,1,"[0.01527511328458786, 0.39808961749076843]","[0.4054482877254486, 0.5945517420768738]",0.5945517420768738
00024602.npy,1,1,"[-0.01745811477303505, 0.44059690833091736]","[0.387447327375412, 0.6125526428222656]",0.6125526428222656
00024603.npy,0,1,"[-0.1203867644071579, -0.07736039161682129]","[0.48924505710601807, 0.5107548832893372]",0.5107548832893372
00024604.npy,1,1,"[-0.1178603246808052, 0.5094939470291138]","[0.34811070561408997, 0.6518893241882324]",0.6518893241882324
00024605.npy,1,1,"[-0.05363334342837334, 0.35356464982032776]","[0.39958420395851135, 0.600415825843811]",0.600415825843811
00024606.npy,1,1,"[-0.16330848634243011, 0.24423721432685852]","[0.3995007574558258, 0.6004992127418518]",0.6004992127418518
00024607.npy,1,1,"[-0.08267030119895935, 0.3767525851726532]","[0.38712278008461, 0.6128772497177124]",0.6128772497177124
00024608.npy,1,1,"[0.029200181365013123, 0.3697122633457184]","[0.41568508744239807, 0.5843148827552795]",0.5843148827552795
00024609.npy,1,1,"[0.1102341040968895, 0.43646812438964844]","[0.4191572666168213, 0.5808427929878235]",0.5808427929878235
00024610.npy,1,1,"[-0.06957665830850601, 0.07929825037717819]","[0.46284985542297363, 0.5371501445770264]",0.5371501445770264
00024611.npy,1,1,"[-0.07812914997339249, 0.3713394105434418]","[0.3894871175289154, 0.6105128526687622]",0.6105128526687622
00024612.npy,1,1,"[0.2000288963317871, 0.3493013083934784]","[0.46275103092193604, 0.537248969078064]",0.537248969078064
00024613.npy,1,1,"[0.03744997829198837, 0.23212021589279175]","[0.4514855444431305, 0.5485144257545471]",0.5485144257545471
00024614.npy,1,1,"[-0.11692000180482864, 0.15268516540527344]","[0.4330040216445923, 0.5669959783554077]",0.5669959783554077
00024615.npy,1,1,"[-0.1421511322259903, 0.25760698318481445]","[0.40137046575546265, 0.5986295342445374]",0.5986295342445374
00024616.npy,1,1,"[-0.008665770292282104, 0.17696550488471985]","[0.4537249803543091, 0.5462750196456909]",0.5462750196456909
00024617.npy,1,1,"[0.0794815793633461, 0.47815605998039246]","[0.40163087844848633, 0.5983691811561584]",0.5983691811561584
00024618.npy,0,1,"[-0.11235679686069489, 0.1842680275440216]","[0.42638278007507324, 0.5736172199249268]",0.5736172199249268
00024619.npy,1,1,"[-0.21925389766693115, 0.08802353590726852]","[0.4237794280052185, 0.5762205719947815]",0.5762205719947815
00024620.npy,1,1,"[-0.07999081164598465, 0.19534173607826233]","[0.431598424911499, 0.568401575088501]",0.568401575088501
00024621.npy,0,1,"[0.05764911323785782, 0.5295261144638062]","[0.3841720521450043, 0.6158279180526733]",0.6158279180526733
00024622.npy,1,1,"[-0.0759088471531868, 0.19800853729248047]","[0.43194565176963806, 0.5680543780326843]",0.5680543780326843
00024623.npy,1,1,"[-0.03582645207643509, 0.4247608482837677]","[0.38684651255607605, 0.6131534576416016]",0.6131534576416016
00024624.npy,1,1,"[-0.149978905916214, 0.07448296993970871]","[0.4441189467906952, 0.5558810234069824]",0.5558810234069824
00024625.npy,1,1,"[0.013855382800102234, 0.2148333191871643]","[0.44992396235466003, 0.5500760674476624]",0.5500760674476624
00024626.npy,1,1,"[-0.1130005344748497, 0.21437165141105652]","[0.4188801348209381, 0.5811198353767395]",0.5811198353767395
00024627.npy,0,1,"[0.03407564014196396, 0.1996324062347412]","[0.4587050974369049, 0.5412949323654175]",0.5412949323654175
00024628.npy,1,1,"[0.045915864408016205, 0.5520561337471008]","[0.37609875202178955, 0.6239012479782104]",0.6239012479782104
00024629.npy,1,1,"[-0.3137977421283722, 0.17980152368545532]","[0.3790460526943207, 0.6209539771080017]",0.6209539771080017
00024630.npy,0,1,"[0.21003064513206482, 0.5386396646499634]","[0.4185791611671448, 0.5814208984375]",0.5814208984375
00024631.npy,1,1,"[-0.11759214103221893, 0.11523786932229996]","[0.44205406308174133, 0.557945966720581]",0.557945966720581
00024632.npy,1,1,"[-0.020749811083078384, 0.5154948830604553]","[0.36906158924102783, 0.6309384703636169]",0.6309384703636169
00024633.npy,1,1,"[0.0634780302643776, 0.45611676573753357]","[0.4030822515487671, 0.5969177484512329]",0.5969177484512329
00024634.npy,0,1,"[-0.05668991804122925, 0.2996435761451721]","[0.41184741258621216, 0.5881525874137878]",0.5881525874137878
00024635.npy,1,1,"[-0.0969483032822609, 0.2610503137111664]","[0.41144412755966187, 0.5885558724403381]",0.5885558724403381
00024636.npy,1,1,"[-0.12301795184612274, 0.24367767572402954]","[0.4093397259712219, 0.5906602740287781]",0.5906602740287781
00024637.npy,1,1,"[-0.16705887019634247, 0.12946605682373047]","[0.42640721797943115, 0.5735927820205688]",0.5735927820205688
00024638.npy,1,1,"[-0.07949715107679367, 0.1817617118358612]","[0.43505430221557617, 0.5649457573890686]",0.5649457573890686
00024639.npy,1,1,"[0.053580716252326965, 0.31587061285972595]","[0.4348008632659912, 0.565199077129364]",0.565199077129364
00024640.npy,1,1,"[0.22926095128059387, 0.6433283686637878]","[0.39793726801872253, 0.6020627617835999]",0.6020627617835999
00024641.npy,1,1,"[-0.15860679745674133, 0.06756579130887985]","[0.44369664788246155, 0.5563033223152161]",0.5563033223152161
00024642.npy,1,1,"[-0.012929275631904602, 0.5144611597061157]","[0.3711257576942444, 0.6288743019104004]",0.6288743019104004
00024643.npy,0,1,"[0.19841739535331726, 0.4162559509277344]","[0.4457547068595886, 0.5542452931404114]",0.5542452931404114
00024644.npy,1,1,"[0.08548931032419205, 0.4224904179573059]","[0.41653814911842346, 0.5834618806838989]",0.5834618806838989
00024645.npy,0,1,"[-0.11250745505094528, 0.07515154033899307]","[0.45322245359420776, 0.546777606010437]",0.546777606010437
00024646.npy,1,1,"[0.05198245495557785, 0.2328890562057495]","[0.45489630103111267, 0.5451037287712097]",0.5451037287712097
00024647.npy,1,1,"[-0.08826065063476562, 0.24170249700546265]","[0.41824960708618164, 0.5817503929138184]",0.5817503929138184
00024648.npy,1,1,"[-0.012848448008298874, 0.5319915413856506]","[0.36706236004829407, 0.6329376101493835]",0.6329376101493835
00024649.npy,1,1,"[-0.1640913188457489, 0.03169690817594528]","[0.4512087106704712, 0.5487912893295288]",0.5487912893295288
00024650.npy,1,1,"[-0.25022730231285095, 0.373445063829422]","[0.3489466905593872, 0.6510533094406128]",0.6510533094406128
00024651.npy,1,1,"[-0.0686982125043869, 0.22482147812843323]","[0.4271424114704132, 0.5728575587272644]",0.5728575587272644
00024652.npy,1,1,"[-0.06253188103437424, 0.16726648807525635]","[0.44280189275741577, 0.5571981072425842]",0.5571981072425842
00024653.npy,1,1,"[-0.06209774315357208, 0.16361486911773682]","[0.44381019473075867, 0.556189775466919]",0.556189775466919
00024654.npy,1,1,"[0.04664450138807297, 0.5472744703292847]","[0.37739261984825134, 0.6226073503494263]",0.6226073503494263
00024655.npy,1,1,"[-0.09667880833148956, 0.4824352562427521]","[0.3591364622116089, 0.6408635377883911]",0.6408635377883911
00024656.npy,1,1,"[0.27649253606796265, 0.4191953241825104]","[0.4643847346305847, 0.5356152653694153]",0.5356152653694153
00024657.npy,1,1,"[0.021006181836128235, 0.18196427822113037]","[0.4598471224308014, 0.540152907371521]",0.540152907371521
00024658.npy,1,1,"[0.09790156036615372, 0.49004748463630676]","[0.40320083498954773, 0.5967991948127747]",0.5967991948127747
00024659.npy,1,1,"[-0.16540929675102234, 0.5801379084587097]","[0.3217923045158386, 0.6782076954841614]",0.6782076954841614
00024660.npy,1,1,"[-0.2734565734863281, 0.11134321242570877]","[0.4049697816371918, 0.5950301885604858]",0.5950301885604858
00024661.npy,1,1,"[-0.03683169186115265, 0.17199262976646423]","[0.4479828178882599, 0.5520172119140625]",0.5520172119140625
00024662.npy,1,1,"[0.06768175214529037, 0.7424443960189819]","[0.3374312222003937, 0.6625687479972839]",0.6625687479972839
00024663.npy,1,1,"[0.04429665207862854, 0.24608740210533142]","[0.4497227966785431, 0.5502771735191345]",0.5502771735191345
00024664.npy,1,1,"[-0.13533693552017212, 0.09426306933164597]","[0.44285082817077637, 0.5571491718292236]",0.5571491718292236
00024665.npy,1,1,"[-0.13182272017002106, 0.37598690390586853]","[0.37570711970329285, 0.6242928504943848]",0.6242928504943848
00024666.npy,1,1,"[0.044216230511665344, 0.29690539836883545]","[0.4371616840362549, 0.5628382563591003]",0.5628382563591003
00024667.npy,1,1,"[-0.5611779093742371, -0.19752979278564453]","[0.41007673740386963, 0.5899232625961304]",0.5899232625961304
00024668.npy,1,1,"[-0.07449846714735031, 0.2521263062953949]","[0.4190621078014374, 0.580937922000885]",0.580937922000885
00024669.npy,1,1,"[0.02607645094394684, 0.29249855875968933]","[0.43378567695617676, 0.5662143230438232]",0.5662143230438232
00024670.npy,1,1,"[-0.26857802271842957, 0.2629879117012024]","[0.3701517581939697, 0.629848301410675]",0.629848301410675
00024671.npy,1,1,"[-0.3885837495326996, 0.09832895547151566]","[0.38062113523483276, 0.6193788647651672]",0.6193788647651672
00024672.npy,1,1,"[0.009715449064970016, 0.4479508697986603]","[0.3921615183353424, 0.60783851146698]",0.60783851146698
00024673.npy,1,1,"[-0.12077777087688446, 0.2244798243045807]","[0.41453292965888977, 0.5854671001434326]",0.5854671001434326
00024674.npy,1,1,"[-0.11344899237155914, 0.3519917130470276]","[0.3856959640979767, 0.6143040657043457]",0.6143040657043457
00024675.npy,1,1,"[-0.0979229062795639, 0.3029468059539795]","[0.4011034071445465, 0.5988965630531311]",0.5988965630531311
00024676.npy,1,1,"[-0.47310832142829895, 0.08700018376111984]","[0.36352235078811646, 0.6364776492118835]",0.6364776492118835
00024677.npy,1,1,"[-0.15959692001342773, 0.209639310836792]","[0.4087255895137787, 0.5912743806838989]",0.5912743806838989
00024678.npy,1,1,"[-0.27929311990737915, 0.20088723301887512]","[0.38220953941345215, 0.6177904009819031]",0.6177904009819031
00024679.npy,1,1,"[-0.018596608191728592, 0.33016881346702576]","[0.41368183493614197, 0.5863181352615356]",0.5863181352615356
00024680.npy,1,1,"[-0.32072287797927856, -0.10815033316612244]","[0.4470560848712921, 0.5529438853263855]",0.5529438853263855
00024681.npy,1,1,"[-0.05563162639737129, 0.0697932168841362]","[0.4686848223209381, 0.5313151478767395]",0.5313151478767395
00024682.npy,1,1,"[0.07528959959745407, 0.44392499327659607]","[0.4088708162307739, 0.5911291837692261]",0.5911291837692261
00024683.npy,1,1,"[-0.013832446187734604, 0.36496102809906006]","[0.40641793608665466, 0.5935820937156677]",0.5935820937156677
00024684.npy,1,1,"[-0.21399113535881042, 0.38735467195510864]","[0.3540358543395996, 0.6459641456604004]",0.6459641456604004
00024685.npy,1,1,"[-0.034824974834918976, 0.027403585612773895]","[0.4844478666782379, 0.5155521035194397]",0.5155521035194397
00024686.npy,1,1,"[-0.06495967507362366, 0.24218010902404785]","[0.4238130748271942, 0.5761869549751282]",0.5761869549751282
00024687.npy,1,1,"[-0.09701281785964966, 0.05337311327457428]","[0.4624742269515991, 0.5375257730484009]",0.5375257730484009
00024688.npy,1,1,"[-0.13435882329940796, 0.33579519391059875]","[0.38457977771759033, 0.6154201626777649]",0.6154201626777649
00024689.npy,1,1,"[0.048436060547828674, 0.2708604633808136]","[0.4446220099925995, 0.5553780198097229]",0.5553780198097229
00024690.npy,0,1,"[0.2689265012741089, 0.8535638451576233]","[0.3578662574291229, 0.6421337723731995]",0.6421337723731995
00024691.npy,1,1,"[-0.11010423302650452, 0.13170957565307617]","[0.4398394227027893, 0.5601605772972107]",0.5601605772972107
00024692.npy,1,1,"[-0.2886853516101837, 0.24199983477592468]","[0.37035712599754333, 0.629642903804779]",0.629642903804779
00024693.npy,0,1,"[0.03595050424337387, 0.1838499903678894]","[0.4630923867225647, 0.5369076132774353]",0.5369076132774353
00024694.npy,1,1,"[-0.28512218594551086, 0.040604740381240845]","[0.4192807078361511, 0.5807193517684937]",0.5807193517684937
00024695.npy,1,1,"[0.00559152290225029, 0.4676729142665863]","[0.38649219274520874, 0.613507866859436]",0.613507866859436
00024696.npy,1,1,"[-0.14155620336532593, 0.2116653025150299]","[0.41260141134262085, 0.5873985290527344]",0.5873985290527344
00024697.npy,1,1,"[0.037161774933338165, 0.4939275085926056]","[0.3877533972263336, 0.6122466325759888]",0.6122466325759888
00024698.npy,1,1,"[-0.034921884536743164, 0.3315463960170746]","[0.40939468145370483, 0.5906053185462952]",0.5906053185462952
00024699.npy,1,1,"[0.17192715406417847, 0.42027947306632996]","[0.43822911381721497, 0.5617709159851074]",0.5617709159851074
00024700.npy,1,1,"[-0.02557983808219433, 0.23345595598220825]","[0.43560075759887695, 0.564399242401123]",0.564399242401123
00024701.npy,1,1,"[-0.2389603853225708, 0.10305305570363998]","[0.415320485830307, 0.5846794843673706]",0.5846794843673706
00024702.npy,1,1,"[-0.3948409855365753, -0.0029159002006053925]","[0.403253972530365, 0.596746027469635]",0.596746027469635
00024703.npy,0,1,"[-0.3147028386592865, 0.10162646323442459]","[0.39739546179771423, 0.6026045083999634]",0.6026045083999634
00024704.npy,1,1,"[-0.25356101989746094, 0.28988152742385864]","[0.3673871159553528, 0.632612943649292]",0.632612943649292
00024705.npy,1,1,"[-0.02312437631189823, 0.20664826035499573]","[0.44280827045440674, 0.5571917295455933]",0.5571917295455933
00024706.npy,1,1,"[-0.1915471851825714, 0.5497788190841675]","[0.322714239358902, 0.6772857308387756]",0.6772857308387756
00024707.npy,1,1,"[-0.3381524085998535, 0.3167203962802887]","[0.3418923020362854, 0.6581076979637146]",0.6581076979637146
00024708.npy,1,1,"[-0.028168829157948494, 0.3289567828178406]","[0.4116555452346802, 0.5883444547653198]",0.5883444547653198
00024709.npy,1,1,"[0.04018952697515488, 0.3885236084461212]","[0.41378650069236755, 0.5862135291099548]",0.5862135291099548
00024710.npy,1,1,"[-0.029757261276245117, 0.24985474348068237]","[0.43054890632629395, 0.569451093673706]",0.569451093673706
00024711.npy,1,1,"[0.008571013808250427, 0.4603442847728729]","[0.38893923163414, 0.6110607385635376]",0.6110607385635376
00024712.npy,1,1,"[-0.2069394886493683, 0.05306197702884674]","[0.4353633522987366, 0.5646366477012634]",0.5646366477012634
00024713.npy,1,1,"[0.3292441964149475, 0.8617053031921387]","[0.3699430525302887, 0.6300569176673889]",0.6300569176673889
00024714.npy,1,1,"[-0.007763460278511047, 0.40389469265937805]","[0.3985145688056946, 0.6014854311943054]",0.6014854311943054
00024715.npy,1,1,"[0.01764177531003952, 0.41207730770111084]","[0.40264999866485596, 0.597350001335144]",0.597350001335144
00024716.npy,1,1,"[0.02731148898601532, 0.28107139468193054]","[0.43689829111099243, 0.5631017088890076]",0.5631017088890076
00024717.npy,1,1,"[0.09660881012678146, 0.48209646344184875]","[0.4048040211200714, 0.5951959490776062]",0.5951959490776062
00024718.npy,1,1,"[-0.2721358835697174, 0.19225209951400757]","[0.3859453797340393, 0.6140546202659607]",0.6140546202659607
00024719.npy,1,1,"[-0.16482770442962646, 0.20137551426887512]","[0.40945878624916077, 0.5905412435531616]",0.5905412435531616
00024720.npy,1,1,"[-0.057186372578144073, 0.5754477977752686]","[0.34691348671913147, 0.6530865430831909]",0.6530865430831909
00024721.npy,1,1,"[-0.037444859743118286, 0.6176128387451172]","[0.34185072779655457, 0.6581493020057678]",0.6581493020057678
00024722.npy,1,1,"[-0.007509160786867142, 0.3487795293331146]","[0.4118582606315613, 0.5881417393684387]",0.5881417393684387
00024723.npy,1,1,"[-0.056058935821056366, 0.480012983083725]","[0.3691018521785736, 0.6308981776237488]",0.6308981776237488
00024724.npy,1,1,"[0.10183387249708176, 0.8477514386177063]","[0.3217114806175232, 0.678288459777832]",0.678288459777832
00024725.npy,1,1,"[-0.10876043140888214, 0.6708005666732788]","[0.31441450119018555, 0.6855854988098145]",0.6855854988098145
00024726.npy,1,1,"[-0.004814840853214264, 0.4750213325023651]","[0.3822908103466034, 0.6177091598510742]",0.6177091598510742
00024727.npy,1,1,"[0.14334318041801453, 0.7110244035720825]","[0.3617720305919647, 0.6382279396057129]",0.6382279396057129
00024728.npy,1,1,"[-0.045357413589954376, 0.7157046794891357]","[0.31841573119163513, 0.6815842986106873]",0.6815842986106873
00024729.npy,1,1,"[-0.21207767724990845, 0.8181645274162292]","[0.26303717494010925, 0.7369628548622131]",0.7369628548622131
00024730.npy,1,1,"[-0.007222898304462433, 0.5026532411575317]","[0.3752225637435913, 0.6247774362564087]",0.6247774362564087
00024731.npy,1,1,"[-0.23697930574417114, 0.4229835271835327]","[0.3407479524612427, 0.6592520475387573]",0.6592520475387573
00024732.npy,1,1,"[-0.11770886182785034, 0.5073230266571045]","[0.3486378788948059, 0.6513621211051941]",0.6513621211051941
00024733.npy,1,1,"[-0.0865357294678688, 0.502243161201477]","[0.35691508650779724, 0.6430849432945251]",0.6430849432945251
00024734.npy,1,1,"[-0.04982977360486984, 0.6814704537391663]","[0.3249094784259796, 0.6750905513763428]",0.6750905513763428
00024735.npy,1,1,"[-0.06436461210250854, 0.5982648730278015]","[0.3401491641998291, 0.6598507761955261]",0.6598507761955261
00024736.npy,1,1,"[0.13319337368011475, 0.8077272176742554]","[0.33748236298561096, 0.6625176072120667]",0.6625176072120667
00024737.npy,0,1,"[0.01606179028749466, 0.626152753829956]","[0.3520384430885315, 0.6479615569114685]",0.6479615569114685
00024738.npy,1,1,"[0.23532769083976746, 0.9278814792633057]","[0.33346518874168396, 0.6665347814559937]",0.6665347814559937
00024739.npy,0,1,"[-0.2149769365787506, 0.11693384498357773]","[0.4177757799625397, 0.5822242498397827]",0.5822242498397827
00024740.npy,1,1,"[-0.043943002820014954, 0.2583672106266022]","[0.42499279975891113, 0.5750071406364441]",0.5750071406364441
00024741.npy,1,1,"[-0.1389271318912506, -0.05019607022404671]","[0.47783178091049194, 0.5221682190895081]",0.5221682190895081
00024742.npy,1,1,"[-0.1351628303527832, 0.1982836127281189]","[0.4174022972583771, 0.5825977325439453]",0.5825977325439453
00024743.npy,1,1,"[0.08508694916963577, 0.40150806307792664]","[0.42154818773269653, 0.5784518122673035]",0.5784518122673035
00024744.npy,1,1,"[-0.17982816696166992, 0.15361380577087402]","[0.41740337014198303, 0.5825966000556946]",0.5825966000556946
00024745.npy,1,1,"[0.13002771139144897, 0.3422200381755829]","[0.4471500813961029, 0.5528499484062195]",0.5528499484062195
00024746.npy,1,1,"[0.019470468163490295, 0.7687722444534302]","[0.3209734559059143, 0.6790264844894409]",0.6790264844894409
00024747.npy,0,1,"[0.0006094127893447876, 0.1812480390071869]","[0.45496273040771484, 0.5450372695922852]",0.5450372695922852
00024748.npy,1,1,"[0.06079085171222687, 0.22652313113212585]","[0.4586614966392517, 0.5413384437561035]",0.5413384437561035
00024749.npy,0,1,"[-0.01308053731918335, 0.4632088840007782]","[0.38312867283821106, 0.6168712973594666]",0.6168712973594666
00024750.npy,1,1,"[-0.2134149670600891, 0.1278262734413147]","[0.4155080020427704, 0.5844919681549072]",0.5844919681549072
00024751.npy,1,1,"[-0.08013856410980225, 0.1611836552619934]","[0.4399605095386505, 0.5600394606590271]",0.5600394606590271
00024752.npy,1,1,"[-0.2376691997051239, 0.15530511736869812]","[0.4030015170574188, 0.5969984531402588]",0.5969984531402588
00024753.npy,1,1,"[-0.3401091694831848, -0.09844642877578735]","[0.43987664580345154, 0.5601233839988708]",0.5601233839988708
00024754.npy,1,1,"[-0.004049908369779587, 0.39721858501434326]","[0.40100762248039246, 0.5989924073219299]",0.5989924073219299
00024755.npy,1,1,"[0.01532047986984253, 0.2851769030094147]","[0.43294236063957214, 0.5670576691627502]",0.5670576691627502
00024756.npy,1,1,"[-0.2823478877544403, 0.21377789974212646]","[0.37845155596733093, 0.6215484738349915]",0.6215484738349915
00024757.npy,1,1,"[-0.12441817671060562, 0.17452970147132874]","[0.425814688205719, 0.5741852521896362]",0.5741852521896362
00024758.npy,1,1,"[-0.02465404011309147, 0.14558178186416626]","[0.4575435221195221, 0.5424565076828003]",0.5424565076828003
00024759.npy,0,1,"[0.3147134780883789, 0.7274901866912842]","[0.39824649691581726, 0.6017534732818604]",0.6017534732818604
00024760.npy,1,1,"[-0.08808387815952301, 0.5162534713745117]","[0.35335201025009155, 0.6466480493545532]",0.6466480493545532
00024761.npy,1,1,"[0.06885932385921478, 0.2589234709739685]","[0.452626496553421, 0.5473735332489014]",0.5473735332489014
00024762.npy,1,1,"[0.08232922106981277, 0.49876394867897034]","[0.39737018942832947, 0.6026297807693481]",0.6026297807693481
00024763.npy,1,1,"[-0.08279228210449219, 0.23979613184928894]","[0.42004504799842834, 0.5799549221992493]",0.5799549221992493
00024764.npy,1,1,"[-0.0717383399605751, 0.28667935729026794]","[0.41134265065193176, 0.5886573791503906]",0.5886573791503906
00024765.npy,1,1,"[-0.1897081732749939, 0.42939502000808716]","[0.3499854505062103, 0.6500145196914673]",0.6500145196914673
00024766.npy,1,1,"[-0.21930882334709167, -0.07833796739578247]","[0.46481555700302124, 0.5351844429969788]",0.5351844429969788
00024767.npy,0,1,"[0.02561451494693756, 0.37783148884773254]","[0.4128448963165283, 0.5871550440788269]",0.5871550440788269
00024768.npy,0,1,"[0.04241454601287842, 0.5403509140014648]","[0.37802577018737793, 0.6219742894172668]",0.6219742894172668
00024769.npy,1,1,"[-0.1778976023197174, 0.36858487129211426]","[0.36668089032173157, 0.633319079875946]",0.633319079875946
00024770.npy,0,1,"[-0.2912822961807251, 0.04153098165988922]","[0.4175562858581543, 0.5824437141418457]",0.5824437141418457
00024771.npy,1,1,"[-0.1584593951702118, 0.3326570689678192]","[0.37963056564331055, 0.6203694343566895]",0.6203694343566895
00024772.npy,0,1,"[0.02083045244216919, 0.12701082229614258]","[0.4734798073768616, 0.5265201926231384]",0.5265201926231384
00024773.npy,1,1,"[-0.13848812878131866, 0.3897048830986023]","[0.3709384500980377, 0.6290615200996399]",0.6290615200996399
00024774.npy,1,1,"[-0.04356854408979416, 0.3002694249153137]","[0.4148775041103363, 0.5851225256919861]",0.5851225256919861
00024775.npy,1,1,"[-0.050174780189991, 0.4253634810447693]","[0.38330626487731934, 0.6166937947273254]",0.6166937947273254
00024776.npy,1,1,"[-0.03614732623100281, 0.296543687582016]","[0.4175860285758972, 0.5824139714241028]",0.5824139714241028
00024777.npy,1,1,"[-0.07925102859735489, 0.1489149034023285]","[0.44320470094680786, 0.5567952990531921]",0.5567952990531921
00024778.npy,0,1,"[-0.029857756569981575, 0.2605360448360443]","[0.42790746688842773, 0.5720925331115723]",0.5720925331115723
00024779.npy,1,1,"[-0.17121285200119019, 0.12590613961219788]","[0.42626190185546875, 0.5737380981445312]",0.5737380981445312
00024780.npy,0,1,"[-0.24506691098213196, -0.03418982774019241]","[0.44747522473335266, 0.5525248050689697]",0.5525248050689697
00024781.npy,1,0,"[0.0992247685790062, 0.09261926263570786]","[0.5016513466835022, 0.4983486533164978]",0.4983486533164978
00024782.npy,1,1,"[0.01750514656305313, 0.28747305274009705]","[0.43291497230529785, 0.5670850872993469]",0.5670850872993469
00024783.npy,1,1,"[0.049375586211681366, 0.6318020820617676]","[0.3583744466304779, 0.6416255831718445]",0.6416255831718445
00024784.npy,1,1,"[0.1446581482887268, 0.5239713191986084]","[0.406292587518692, 0.5937074422836304]",0.5937074422836304
00024785.npy,1,1,"[-0.16449150443077087, 0.31008076667785645]","[0.38353464007377625, 0.6164653897285461]",0.6164653897285461
00024786.npy,1,1,"[0.023341089487075806, 0.16139090061187744]","[0.4655422270298004, 0.5344577431678772]",0.5344577431678772
00024787.npy,1,1,"[-0.009585049003362656, 0.2218526005744934]","[0.44239747524261475, 0.5576025247573853]",0.5576025247573853
00024788.npy,1,1,"[-0.1044543981552124, 0.17044848203659058]","[0.4317038357257843, 0.5682961344718933]",0.5682961344718933
00024789.npy,1,1,"[0.04201590269804001, 0.3233710527420044]","[0.4301215708255768, 0.5698783993721008]",0.5698783993721008
00024790.npy,1,1,"[-0.09034352004528046, 0.14552021026611328]","[0.44130590558052063, 0.558694064617157]",0.558694064617157
00024791.npy,1,1,"[-0.07289134711027145, 0.27059122920036316]","[0.4149637818336487, 0.5850362181663513]",0.5850362181663513
00024792.npy,1,1,"[0.08403294533491135, 0.2521134912967682]","[0.458078533411026, 0.5419214963912964]",0.5419214963912964
00024793.npy,1,1,"[-0.03977531939744949, 0.11929980665445328]","[0.46031486988067627, 0.5396851301193237]",0.5396851301193237
00024794.npy,1,1,"[0.033228032290935516, 0.30128344893455505]","[0.4333845376968384, 0.5666154623031616]",0.5666154623031616
00024795.npy,0,1,"[-0.13735154271125793, 0.17862579226493835]","[0.42165642976760864, 0.5783436298370361]",0.5783436298370361
00024796.npy,1,1,"[-0.2050783336162567, 0.1744195818901062]","[0.4062480330467224, 0.5937520265579224]",0.5937520265579224
00024797.npy,1,1,"[-0.07749927043914795, 0.9295754432678223]","[0.2675527334213257, 0.7324472665786743]",0.7324472665786743
00024798.npy,1,1,"[0.05697394907474518, 0.45450910925865173]","[0.4019047021865845, 0.5980952978134155]",0.5980952978134155
00024799.npy,1,1,"[0.13071757555007935, 0.6099278926849365]","[0.38243862986564636, 0.617561399936676]",0.617561399936676
00024800.npy,1,1,"[-0.19237709045410156, -0.07928713411092758]","[0.4717576205730438, 0.5282424092292786]",0.5282424092292786
00024801.npy,1,1,"[-0.2721210718154907, 0.3461250364780426]","[0.350180447101593, 0.649819552898407]",0.649819552898407
00024802.npy,1,1,"[-0.05855267122387886, 0.4059455394744873]","[0.3859192728996277, 0.6140807271003723]",0.6140807271003723
00024803.npy,1,1,"[0.22702842950820923, 0.377895712852478]","[0.4623545706272125, 0.5376454591751099]",0.5376454591751099
00024804.npy,1,1,"[-0.08850699663162231, 0.3320612907409668]","[0.39638078212738037, 0.6036192178726196]",0.6036192178726196
00024805.npy,1,1,"[-0.08607661724090576, 0.11885068565607071]","[0.4489467144012451, 0.5510532855987549]",0.5510532855987549
00024806.npy,1,1,"[0.016729243099689484, 0.3043643534183502]","[0.42858290672302246, 0.5714170336723328]",0.5714170336723328
00024807.npy,1,1,"[0.18323290348052979, 0.6490302681922913]","[0.3856114149093628, 0.6143885254859924]",0.6143885254859924
00024808.npy,1,1,"[0.03970680385828018, 0.3952457308769226]","[0.4120398759841919, 0.5879601240158081]",0.5879601240158081
00024809.npy,1,1,"[-0.10806535184383392, 0.1881553828716278]","[0.42648160457611084, 0.5735183954238892]",0.5735183954238892
00024810.npy,1,1,"[-0.002877306193113327, 0.2849670648574829]","[0.428531676530838, 0.5714682936668396]",0.5714682936668396
00024811.npy,1,1,"[-0.09086073935031891, 0.17029595375061035]","[0.435079425573349, 0.5649206042289734]",0.5649206042289734
00024812.npy,0,1,"[0.03435079753398895, 0.3037809431552887]","[0.43304699659347534, 0.5669530034065247]",0.5669530034065247
00024813.npy,1,1,"[-0.20592376589775085, 0.09871629625558853]","[0.42442357540130615, 0.5755763649940491]",0.5755763649940491
00024814.npy,0,1,"[-0.045544907450675964, 0.19398069381713867]","[0.4404032528400421, 0.5595967173576355]",0.5595967173576355
00024815.npy,1,1,"[-0.06224331259727478, 0.5411801338195801]","[0.35356083512306213, 0.6464391350746155]",0.6464391350746155
00024816.npy,1,1,"[0.11304191499948502, 0.44307205080986023]","[0.41823330521583557, 0.5817667245864868]",0.5817667245864868
00024817.npy,1,1,"[-0.004982050508260727, 0.38875827193260193]","[0.4028172194957733, 0.5971827507019043]",0.5971827507019043
00024818.npy,1,1,"[0.13661494851112366, 0.3456284701824188]","[0.4479360282421112, 0.5520639419555664]",0.5520639419555664
00024819.npy,1,1,"[-0.18023207783699036, 0.2685072720050812]","[0.3896605372428894, 0.6103394627571106]",0.6103394627571106
00024820.npy,1,1,"[0.09070513397455215, 0.5377228856086731]","[0.3900700509548187, 0.6099299192428589]",0.6099299192428589
00024821.npy,1,1,"[-0.006121315062046051, 0.560721755027771]","[0.3619655668735504, 0.6380344033241272]",0.6380344033241272
00024822.npy,1,1,"[-0.26539525389671326, 0.0018333494663238525]","[0.43358758091926575, 0.5664123892784119]",0.5664123892784119
00024823.npy,1,1,"[0.008752021938562393, 0.24293643236160278]","[0.44172000885009766, 0.5582799911499023]",0.5582799911499023
00024824.npy,1,1,"[0.04983149468898773, 0.23297753930091858]","[0.45434102416038513, 0.5456589460372925]",0.5456589460372925
00024825.npy,1,1,"[0.2842404544353485, 0.7296203374862671]","[0.390459805727005, 0.6095402240753174]",0.6095402240753174
00024826.npy,1,1,"[0.24761471152305603, 0.3887384533882141]","[0.46477749943733215, 0.5352224707603455]",0.5352224707603455
00024827.npy,1,1,"[-0.021489784121513367, 0.3616853654384613]","[0.4053612947463989, 0.5946386456489563]",0.5946386456489563
00024828.npy,1,1,"[-0.051466695964336395, 0.44146600365638733]","[0.3792029321193695, 0.6207970380783081]",0.6207970380783081
00024829.npy,1,1,"[-0.011612534523010254, 0.11972632259130478]","[0.46721240878105164, 0.5327876210212708]",0.5327876210212708
00024830.npy,1,1,"[-0.14808839559555054, 0.21224984526634216]","[0.41087770462036133, 0.5891222953796387]",0.5891222953796387
00024831.npy,1,1,"[-0.056963007897138596, 0.16510054469108582]","[0.4447111487388611, 0.5552888512611389]",0.5552888512611389
00024832.npy,1,1,"[-0.056059010326862335, 0.3188900351524353]","[0.4073456823825836, 0.592654287815094]",0.592654287815094
00024833.npy,1,1,"[-0.09018238633871078, 0.15409505367279053]","[0.4392324984073639, 0.5607675313949585]",0.5607675313949585
00024834.npy,1,1,"[-0.22689881920814514, 0.26797017455101013]","[0.37874722480773926, 0.621252715587616]",0.621252715587616
00024835.npy,1,1,"[-0.1413145214319229, -0.09713806211948395]","[0.4889576733112335, 0.5110422968864441]",0.5110422968864441
00024836.npy,1,1,"[-0.1173991784453392, 0.26253360509872437]","[0.40614309906959534, 0.5938568711280823]",0.5938568711280823
00024837.npy,1,1,"[-0.18197065591812134, 0.293888121843338]","[0.3832305073738098, 0.6167694926261902]",0.6167694926261902
00024838.npy,1,1,"[-0.10730406641960144, 0.21448186039924622]","[0.420240581035614, 0.5797594785690308]",0.5797594785690308
00024839.npy,1,1,"[-0.11602036654949188, 0.3738809823989868]","[0.37991681694984436, 0.6200831532478333]",0.6200831532478333
00024840.npy,1,1,"[-0.2785641551017761, 0.4315829575061798]","[0.3295663297176361, 0.6704336404800415]",0.6704336404800415
00024841.npy,1,1,"[-0.20702022314071655, -0.011979889124631882]","[0.45139390230178833, 0.5486060976982117]",0.5486060976982117
00024842.npy,1,1,"[0.06492994725704193, 0.31048882007598877]","[0.4389168918132782, 0.5610831379890442]",0.5610831379890442
00024843.npy,1,1,"[-0.05026966333389282, 0.3639768064022064]","[0.39789432287216187, 0.6021056175231934]",0.6021056175231934
00024844.npy,0,1,"[-0.05811385065317154, 0.09831013530492783]","[0.4609735608100891, 0.5390264391899109]",0.5390264391899109
00024845.npy,1,1,"[0.03422946482896805, 0.24009999632835388]","[0.44871339201927185, 0.5512865781784058]",0.5512865781784058
00024846.npy,1,1,"[-0.042455583810806274, 0.47149357199668884]","[0.37426820397377014, 0.6257317662239075]",0.6257317662239075
00024847.npy,1,1,"[-0.27676922082901, -0.05552457273006439]","[0.4449133574962616, 0.555086612701416]",0.555086612701416
00024848.npy,0,1,"[-0.06750766187906265, 0.2806096374988556]","[0.41383904218673706, 0.5861609578132629]",0.5861609578132629
00024849.npy,1,1,"[-0.2093929946422577, 0.44428691267967224]","[0.34216073155403137, 0.6578392386436462]",0.6578392386436462
00024850.npy,1,1,"[-0.48510727286338806, 0.11440078169107437]","[0.35445624589920044, 0.6455437541007996]",0.6455437541007996
00024851.npy,1,1,"[0.10027261823415756, 0.813306987285614]","[0.32892870903015137, 0.6710712909698486]",0.6710712909698486
00024852.npy,1,1,"[0.13084718585014343, 0.4898625910282135]","[0.4111979007720947, 0.5888020992279053]",0.5888020992279053
00024853.npy,1,1,"[0.13520154356956482, 0.44447192549705505]","[0.4232928454875946, 0.576707124710083]",0.576707124710083
00024854.npy,1,1,"[-0.17378410696983337, 0.016248755156993866]","[0.4526342451572418, 0.5473657846450806]",0.5473657846450806
00024855.npy,1,1,"[-0.10560296475887299, 0.3970341682434082]","[0.3769211173057556, 0.6230788826942444]",0.6230788826942444
00024856.npy,1,1,"[-0.05661537125706673, 0.1383189558982849]","[0.4514201581478119, 0.5485798120498657]",0.5485798120498657
00024857.npy,1,1,"[-0.020785531029105186, 0.5162287354469299]","[0.368882417678833, 0.631117582321167]",0.631117582321167
00024858.npy,1,1,"[-0.030316704884171486, 0.524979829788208]","[0.36463645100593567, 0.6353635191917419]",0.6353635191917419
00024859.npy,1,1,"[-0.025414206087589264, 0.49818161129951477]","[0.37201181054115295, 0.6279882192611694]",0.6279882192611694
00024860.npy,1,1,"[-0.07264851033687592, 0.2719563841819763]","[0.41469132900238037, 0.5853086709976196]",0.5853086709976196
00024861.npy,1,1,"[-0.24117177724838257, 0.34708333015441895]","[0.3570353090763092, 0.6429646611213684]",0.6429646611213684
00024862.npy,1,1,"[0.13270646333694458, 0.5409529209136963]","[0.3993326723575592, 0.6006673574447632]",0.6006673574447632
00024863.npy,1,1,"[-0.04029108211398125, 0.4603050649166107]","[0.37740054726600647, 0.6225994229316711]",0.6225994229316711
00024864.npy,1,1,"[0.15866219997406006, 0.7049692273139954]","[0.36672165989875793, 0.6332783699035645]",0.6332783699035645
00024865.npy,1,1,"[-0.06869322806596756, 0.40290141105651855]","[0.3842388987541199, 0.6157611012458801]",0.6157611012458801
00024866.npy,1,1,"[0.1388586163520813, 0.31419622898101807]","[0.4562775492668152, 0.5437224507331848]",0.5437224507331848
00024867.npy,1,1,"[0.10984086245298386, 0.4813714921474457]","[0.4081712067127228, 0.5918287634849548]",0.5918287634849548
00024868.npy,1,1,"[0.128069669008255, 0.5056565403938293]","[0.40670904517173767, 0.5932909250259399]",0.5932909250259399
00024869.npy,1,1,"[0.1884113848209381, 0.5070772767066956]","[0.4210008978843689, 0.5789990425109863]",0.5789990425109863
00024870.npy,1,1,"[0.047783225774765015, 0.1816394031047821]","[0.46658584475517273, 0.5334141850471497]",0.5334141850471497
00024871.npy,1,1,"[0.061917319893836975, 0.32360246777534485]","[0.43494951725006104, 0.565050482749939]",0.565050482749939
00024872.npy,1,1,"[-0.2619742751121521, 0.18072828650474548]","[0.39109718799591064, 0.6089028120040894]",0.6089028120040894
00024873.npy,1,1,"[-0.14825814962387085, 0.18941417336463928]","[0.4163750410079956, 0.5836249589920044]",0.5836249589920044
00024874.npy,1,1,"[0.0199587419629097, 0.48672160506248474]","[0.385382741689682, 0.6146172881126404]",0.6146172881126404
00024875.npy,1,1,"[0.026297710835933685, 0.2627505660057068]","[0.4411606788635254, 0.5588393211364746]",0.5588393211364746
00024876.npy,1,1,"[-0.06640344113111496, 0.25611135363578796]","[0.4200630187988281, 0.5799370408058167]",0.5799370408058167
00024877.npy,1,1,"[0.012433096766471863, 0.31971126794815063]","[0.42377927899360657, 0.5762207508087158]",0.5762207508087158
00024878.npy,1,1,"[0.14880311489105225, 0.6172285676002502]","[0.3849889934062958, 0.6150109767913818]",0.6150109767913818
00024879.npy,1,1,"[-0.11036109924316406, 0.3957691192626953]","[0.37610113620758057, 0.6238988637924194]",0.6238988637924194
00024880.npy,1,1,"[0.13256683945655823, 0.4474596679210663]","[0.42192089557647705, 0.578079104423523]",0.578079104423523
00024881.npy,1,1,"[0.1640358567237854, 0.43483689427375793]","[0.4327104687690735, 0.5672895312309265]",0.5672895312309265
00024882.npy,1,1,"[-0.225276380777359, 0.24492502212524414]","[0.38456857204437256, 0.6154313683509827]",0.6154313683509827
00024883.npy,0,1,"[0.061945244669914246, 0.32949212193489075]","[0.4335094094276428, 0.5664905309677124]",0.5664905309677124
00024884.npy,1,1,"[-0.11986517161130905, 0.4029425382614136]","[0.37219592928886414, 0.6278041005134583]",0.6278041005134583
00024885.npy,1,1,"[-0.06450030207633972, 0.38720768690109253]","[0.388954758644104, 0.611045241355896]",0.611045241355896
00024886.npy,1,1,"[-0.12560376524925232, 0.2376093864440918]","[0.4101819694042206, 0.5898180603981018]",0.5898180603981018
00024887.npy,1,1,"[-0.01796373724937439, 0.30676501989364624]","[0.4195237457752228, 0.5804762244224548]",0.5804762244224548
00024888.npy,1,1,"[-0.078453429043293, 0.2247551679611206]","[0.42477330565452576, 0.5752267241477966]",0.5752267241477966
00024889.npy,1,1,"[-0.09636034071445465, 0.10858853906393051]","[0.4489414095878601, 0.5510586500167847]",0.5510586500167847
00024890.npy,1,1,"[-0.3112216293811798, 0.28724825382232666]","[0.35469383001327515, 0.6453061103820801]",0.6453061103820801
00024891.npy,1,1,"[-0.05508008599281311, 0.3760971426963806]","[0.39384523034095764, 0.60615473985672]",0.60615473985672
00024892.npy,1,1,"[-0.030627649277448654, 0.32952386140823364]","[0.41092291474342346, 0.5890771150588989]",0.5890771150588989
00024893.npy,1,1,"[-0.03824765235185623, 0.7492803931236267]","[0.31269970536231995, 0.6873002648353577]",0.6873002648353577
00024894.npy,1,1,"[-0.043436843901872635, 0.12635722756385803]","[0.4576531648635864, 0.5423468351364136]",0.5423468351364136
00024895.npy,1,1,"[-0.3707202076911926, -0.04789503291249275]","[0.41998741030693054, 0.5800126194953918]",0.5800126194953918
00024896.npy,1,1,"[0.17749586701393127, 0.3482179343700409]","[0.4574228525161743, 0.5425771474838257]",0.5425771474838257
00024897.npy,1,1,"[-0.2105332612991333, 0.6155837774276733]","[0.30446675419807434, 0.6955332159996033]",0.6955332159996033
00024898.npy,1,1,"[-0.1457539200782776, 0.29379701614379883]","[0.39184799790382385, 0.6081520318984985]",0.6081520318984985
00024899.npy,1,1,"[-0.02712193876504898, 0.3554287850856781]","[0.4055118262767792, 0.5944881439208984]",0.5944881439208984
00024900.npy,0,1,"[-0.09808492660522461, 0.44264569878578186]","[0.36801764369010925, 0.6319823861122131]",0.6319823861122131
00024901.npy,1,1,"[0.2684897184371948, 0.8885236382484436]","[0.34977373480796814, 0.6502262353897095]",0.6502262353897095
00024902.npy,1,1,"[-0.026846962049603462, 0.20772182941436768]","[0.4416252076625824, 0.5583747625350952]",0.5583747625350952
00024903.npy,1,1,"[-0.07237105816602707, 0.2837725579738617]","[0.41189342737197876, 0.588106632232666]",0.588106632232666
00024904.npy,0,1,"[-0.07562115788459778, 0.08537096530199051]","[0.4598386585712433, 0.5401613116264343]",0.5401613116264343
00024905.npy,1,1,"[-0.16498872637748718, 0.35100558400154114]","[0.37378937005996704, 0.626210629940033]",0.626210629940033
00024906.npy,1,1,"[-0.04134024307131767, 0.484342485666275]","[0.3715243637561798, 0.6284756064414978]",0.6284756064414978
00024907.npy,1,1,"[-0.4008581042289734, 0.0354480966925621]","[0.3926214873790741, 0.6073785424232483]",0.6073785424232483
00024908.npy,1,1,"[0.14569169282913208, 0.4356441795825958]","[0.42801550030708313, 0.5719845294952393]",0.5719845294952393
00024909.npy,1,1,"[0.05399920791387558, 0.4222756028175354]","[0.4089575707912445, 0.5910423994064331]",0.5910423994064331
00024910.npy,1,1,"[0.12581342458724976, 0.2981882691383362]","[0.45701268315315247, 0.5429873466491699]",0.5429873466491699
00024911.npy,1,1,"[0.006171509623527527, 0.25994187593460083]","[0.4368956983089447, 0.5631042718887329]",0.5631042718887329
00024912.npy,1,1,"[0.030164889991283417, 0.34038543701171875]","[0.42306092381477356, 0.5769391059875488]",0.5769391059875488
00024913.npy,0,1,"[-0.03732626885175705, 0.270930677652359]","[0.42354026436805725, 0.5764597058296204]",0.5764597058296204
00024914.npy,1,1,"[-0.12395840138196945, 0.5218263864517212]","[0.3439400792121887, 0.6560599207878113]",0.6560599207878113
00024915.npy,1,1,"[-0.09519809484481812, 0.13679125905036926]","[0.44226136803627014, 0.5577386021614075]",0.5577386021614075
00024916.npy,1,1,"[-0.2793463170528412, -0.03586437553167343]","[0.4394284784793854, 0.560571551322937]",0.560571551322937
00024917.npy,1,1,"[-0.160764679312706, 0.023946411907672882]","[0.4539530873298645, 0.5460469126701355]",0.5460469126701355
00024918.npy,1,1,"[-0.05071480944752693, 0.1508023738861084]","[0.44979050755500793, 0.5502095222473145]",0.5502095222473145
00024919.npy,1,1,"[0.10786204785108566, 0.5031688809394836]","[0.40244048833847046, 0.5975595712661743]",0.5975595712661743
00024920.npy,1,1,"[0.31243881583213806, 0.9276196956634521]","[0.3508782982826233, 0.6491217613220215]",0.6491217613220215
00024921.npy,1,1,"[0.06236232817173004, 0.61761474609375]","[0.36464667320251465, 0.6353533267974854]",0.6353533267974854
00024922.npy,1,1,"[0.176875501871109, 0.5100553631782532]","[0.4174671173095703, 0.5825328826904297]",0.5825328826904297
00024923.npy,1,1,"[0.019554831087589264, 0.5591298937797546]","[0.36828646063804626, 0.6317135691642761]",0.6317135691642761
00024924.npy,1,1,"[-0.14120490849018097, 0.358458548784256]","[0.37761977314949036, 0.622380256652832]",0.622380256652832
00024925.npy,1,1,"[-0.0467253215610981, 0.2511635422706604]","[0.4260736405849457, 0.5739263296127319]",0.5739263296127319
00024926.npy,1,1,"[-0.10235005617141724, 0.03731859475374222]","[0.4651394784450531, 0.5348604917526245]",0.5348604917526245
00024927.npy,1,1,"[-0.04686054587364197, 0.4846251308917999]","[0.3701704442501068, 0.6298295855522156]",0.6298295855522156
00024928.npy,1,1,"[-0.07291072607040405, 0.056229643523693085]","[0.4677596986293793, 0.5322402715682983]",0.5322402715682983
00024929.npy,1,1,"[-0.008856315165758133, 0.3797800540924072]","[0.40404561161994934, 0.595954418182373]",0.595954418182373
00024930.npy,0,1,"[-0.21954134106636047, 0.1754433512687683]","[0.4025179445743561, 0.5974820852279663]",0.5974820852279663
00024931.npy,1,1,"[0.09319671243429184, 0.5654823780059814]","[0.384075403213501, 0.6159245371818542]",0.6159245371818542
00024932.npy,1,1,"[0.011032726615667343, 0.6324894428253174]","[0.3494502007961273, 0.6505497694015503]",0.6505497694015503
00024933.npy,1,1,"[-0.1408284604549408, 0.5575996041297913]","[0.3321608603000641, 0.6678391695022583]",0.6678391695022583
00024934.npy,1,1,"[0.05097072571516037, 0.5055338740348816]","[0.3882763981819153, 0.6117236614227295]",0.6117236614227295
00024935.npy,1,1,"[-0.032798174768686295, 0.3683083951473236]","[0.4010465145111084, 0.5989534854888916]",0.5989534854888916
00024936.npy,1,1,"[0.01478894054889679, 0.520728349685669]","[0.3761458992958069, 0.6238541007041931]",0.6238541007041931
00024937.npy,1,1,"[-0.1926485300064087, 0.31840577721595764]","[0.3749464154243469, 0.6250535845756531]",0.6250535845756531
00024938.npy,1,1,"[-0.22883659601211548, 0.27315351366996765]","[0.37707310914993286, 0.6229268908500671]",0.6229268908500671
00024939.npy,1,1,"[-0.2885400056838989, 0.205520898103714]","[0.37893736362457275, 0.6210625767707825]",0.6210625767707825
00024940.npy,1,1,"[-0.036286018788814545, 0.15588757395744324]","[0.4521039128303528, 0.5478960871696472]",0.5478960871696472
00024941.npy,1,1,"[-0.18986663222312927, 0.22350814938545227]","[0.3981032073497772, 0.6018968224525452]",0.6018968224525452
00024942.npy,1,1,"[-0.13225874304771423, 0.5396997332572937]","[0.3380584716796875, 0.6619415879249573]",0.6619415879249573
00024943.npy,1,1,"[0.07786452025175095, 0.2589706480503082]","[0.4548468291759491, 0.5451532006263733]",0.5451532006263733
00024944.npy,0,1,"[-0.010736770927906036, 0.4977588951587677]","[0.3755462169647217, 0.6244537234306335]",0.6244537234306335
00024945.npy,0,1,"[-0.08499011397361755, 0.195012629032135]","[0.4304531216621399, 0.5695468783378601]",0.5695468783378601
00024946.npy,1,1,"[-0.07322052121162415, 0.20660889148712158]","[0.43049558997154236, 0.5695043802261353]",0.5695043802261353
00024947.npy,0,1,"[-0.1172778382897377, 0.34706342220306396]","[0.38595646619796753, 0.6140435338020325]",0.6140435338020325
00024948.npy,1,1,"[-0.13214606046676636, 0.24532446265220642]","[0.40673714876174927, 0.5932629108428955]",0.5932629108428955
00024949.npy,1,1,"[-0.11187392473220825, 0.3029921054840088]","[0.39774590730667114, 0.6022540926933289]",0.6022540926933289
00024950.npy,0,1,"[0.1571599841117859, 0.21839827299118042]","[0.4846952259540558, 0.5153047442436218]",0.5153047442436218
00024951.npy,1,1,"[-0.09873838722705841, 0.3071014881134033]","[0.3999100625514984, 0.6000899076461792]",0.6000899076461792
00024952.npy,1,1,"[-0.0035574808716773987, 0.23316225409507751]","[0.44109490513801575, 0.5589051246643066]",0.5589051246643066
00024953.npy,1,1,"[-0.032846599817276, 0.25672680139541626]","[0.4281083047389984, 0.5718916654586792]",0.5718916654586792
00024954.npy,1,1,"[0.2197626531124115, 0.666737973690033]","[0.39008018374443054, 0.6099198460578918]",0.6099198460578918
00024955.npy,1,1,"[-0.19022196531295776, 0.0009067133069038391]","[0.4523627758026123, 0.5476372241973877]",0.5476372241973877
00024956.npy,1,1,"[0.04183598607778549, 0.41908788681030273]","[0.4067898690700531, 0.5932101011276245]",0.5932101011276245
00024957.npy,1,1,"[-0.0378333255648613, 0.0773150846362114]","[0.4712446331977844, 0.5287553071975708]",0.5287553071975708
00024958.npy,1,1,"[-0.09148792177438736, 0.47197452187538147]","[0.3627467155456543, 0.6372532844543457]",0.6372532844543457
00024959.npy,1,1,"[-0.29146039485931396, 0.09181288629770279]","[0.40533769130706787, 0.5946623682975769]",0.5946623682975769
00024960.npy,1,1,"[-0.1526331603527069, 0.3597085773944855]","[0.3746447265148163, 0.6253552436828613]",0.6253552436828613
00024961.npy,1,1,"[-0.3606168031692505, -0.02629966288805008]","[0.4171905815601349, 0.5828094482421875]",0.5828094482421875
00024962.npy,1,1,"[-0.08729733526706696, 0.14415889978408813]","[0.44239288568496704, 0.557607114315033]",0.557607114315033
00024963.npy,1,1,"[0.11036119610071182, 0.6261364817619324]","[0.37384065985679626, 0.6261593699455261]",0.6261593699455261
00024964.npy,1,1,"[-0.5314216017723083, 0.061732642352581024]","[0.3559114634990692, 0.6440885663032532]",0.6440885663032532
00024965.npy,1,1,"[-0.0960325375199318, 0.24207454919815063]","[0.41626936197280884, 0.5837306380271912]",0.5837306380271912
00024966.npy,1,1,"[-0.1454239934682846, 0.45213499665260315]","[0.35490235686302185, 0.6450976729393005]",0.6450976729393005
00024967.npy,1,1,"[-0.06701584160327911, 0.34033292531967163]","[0.3995479941368103, 0.6004520058631897]",0.6004520058631897
00024968.npy,1,1,"[-0.2892025113105774, 0.07878205925226212]","[0.4090281128883362, 0.5909718871116638]",0.5909718871116638
00024969.npy,1,1,"[-0.2905887961387634, 0.06329316645860672]","[0.4124413728713989, 0.5875586271286011]",0.5875586271286011
00024970.npy,1,1,"[-0.12118504196405411, 0.30714961886405945]","[0.39452406764030457, 0.605475902557373]",0.605475902557373
00024971.npy,1,1,"[-0.0022647306323051453, 0.31395646929740906]","[0.4215969443321228, 0.5784029960632324]",0.5784029960632324
00024972.npy,1,1,"[-0.0965280681848526, 0.7290444374084473]","[0.30458205938339233, 0.6954179406166077]",0.6954179406166077
00024973.npy,1,1,"[-0.06795439124107361, 0.41419294476509094]","[0.38174518942832947, 0.6182547807693481]",0.6182547807693481
00024974.npy,1,1,"[-0.1349848359823227, 0.3116384744644165]","[0.39016392827033997, 0.6098361015319824]",0.6098361015319824
00024975.npy,1,1,"[0.06157373636960983, 0.2660306990146637]","[0.44906309247016907, 0.5509369373321533]",0.5509369373321533
00024976.npy,1,1,"[-0.016858205199241638, 0.4034135639667511]","[0.3964517414569855, 0.6035482287406921]",0.6035482287406921
00024977.npy,1,1,"[-0.2444007396697998, 0.14617350697517395]","[0.40357908606529236, 0.59642094373703]",0.59642094373703
00024978.npy,0,1,"[-0.16143062710762024, 0.2362368404865265]","[0.4018728733062744, 0.5981270670890808]",0.5981270670890808
00024979.npy,1,1,"[-0.044009920209646225, 0.44184979796409607]","[0.38086938858032227, 0.6191306114196777]",0.6191306114196777
00024980.npy,1,1,"[0.05823453515768051, 0.28483110666275024]","[0.44359198212623596, 0.5564079880714417]",0.5564079880714417
00024981.npy,1,1,"[-0.1158129870891571, 0.32516926527023315]","[0.39150694012641907, 0.6084930300712585]",0.6084930300712585
00024982.npy,1,1,"[-0.1602398306131363, 0.10250071436166763]","[0.4346901476383209, 0.5653098225593567]",0.5653098225593567
00024983.npy,1,1,"[-0.44237321615219116, 0.025029152631759644]","[0.38523125648498535, 0.6147687435150146]",0.6147687435150146
00024984.npy,1,1,"[0.020846299827098846, 0.46997377276420593]","[0.3895682394504547, 0.6104317307472229]",0.6104317307472229
00024985.npy,1,1,"[-0.14658816158771515, 0.1579914689064026]","[0.42443832755088806, 0.5755616426467896]",0.5755616426467896
00024986.npy,1,1,"[0.011404003947973251, 0.2161884605884552]","[0.4489820599555969, 0.5510179400444031]",0.5510179400444031
00024987.npy,1,1,"[0.18454915285110474, 0.7191111445426941]","[0.3694535195827484, 0.630546510219574]",0.630546510219574
00024988.npy,1,1,"[-0.21837672591209412, 0.15005606412887573]","[0.4089197516441345, 0.5910801887512207]",0.5910801887512207
00024989.npy,1,1,"[-0.012293171137571335, 0.4940563142299652]","[0.376049667596817, 0.6239503622055054]",0.6239503622055054
00024990.npy,1,1,"[0.09205638617277145, 0.297923743724823]","[0.4487141966819763, 0.5512858629226685]",0.5512858629226685
00024991.npy,1,1,"[-0.061011843383312225, 0.6186769008636475]","[0.336330771446228, 0.663669228553772]",0.663669228553772
00024992.npy,1,1,"[-0.2015891671180725, 0.06839936226606369]","[0.43290990591049194, 0.5670900940895081]",0.5670900940895081
00024993.npy,1,1,"[-0.2942037582397461, 0.16724026203155518]","[0.38664329051971436, 0.6133566498756409]",0.6133566498756409
00024994.npy,1,1,"[0.06469442695379257, 0.38553285598754883]","[0.4204714298248291, 0.5795285701751709]",0.5795285701751709
00024995.npy,1,1,"[0.14642414450645447, 0.28689828515052795]","[0.4649391174316406, 0.5350609421730042]",0.5350609421730042
00024996.npy,1,1,"[0.10728665441274643, 0.7164507508277893]","[0.3522498905658722, 0.6477500796318054]",0.6477500796318054
00024997.npy,0,1,"[-0.08262502402067184, 0.11868970841169357]","[0.44984057545661926, 0.5501593947410583]",0.5501593947410583
00024998.npy,1,1,"[0.22997862100601196, 0.5995231866836548]","[0.40865108370780945, 0.5913489460945129]",0.5913489460945129
00024999.npy,1,1,"[-0.14861762523651123, 0.24662327766418457]","[0.4024563133716583, 0.5975436568260193]",0.5975436568260193
00025000.npy,1,1,"[-0.09847654402256012, 0.05692032724618912]","[0.46122878789901733, 0.5387712717056274]",0.5387712717056274
00025001.npy,1,1,"[-0.059130433946847916, 0.337077796459198]","[0.40222370624542236, 0.5977762937545776]",0.5977762937545776
00025002.npy,0,1,"[0.004335608333349228, 0.25872743129730225]","[0.4367428123950958, 0.5632571578025818]",0.5632571578025818
00025003.npy,1,1,"[-0.005189813673496246, 0.12771391868591309]","[0.46682289242744446, 0.5331770777702332]",0.5331770777702332
00025004.npy,1,1,"[-0.10122735798358917, 0.3236227035522461]","[0.39535677433013916, 0.6046432256698608]",0.6046432256698608
00025005.npy,1,1,"[-0.2029014229774475, 0.3623550534248352]","[0.3623321056365967, 0.6376678943634033]",0.6376678943634033
00025006.npy,1,1,"[-0.1858178973197937, 0.3995742201805115]","[0.3576928377151489, 0.6423072218894958]",0.6423072218894958
00025007.npy,1,1,"[0.0060477107763290405, 0.2692813575267792]","[0.43456897139549255, 0.5654309988021851]",0.5654309988021851
00025008.npy,1,1,"[0.013376198709011078, 0.36545711755752563]","[0.4128778874874115, 0.5871220827102661]",0.5871220827102661
00025009.npy,0,1,"[0.06277765333652496, 0.2635597288608551]","[0.4499724209308624, 0.5500275492668152]",0.5500275492668152
00025010.npy,1,1,"[-0.2689557373523712, 0.3812256455421448]","[0.34294864535331726, 0.6570513248443604]",0.6570513248443604
00025011.npy,0,1,"[-0.08028767257928848, 0.18295812606811523]","[0.4345659911632538, 0.5654339790344238]",0.5654339790344238
00025012.npy,1,1,"[-0.06654416024684906, 0.4541715085506439]","[0.37268489599227905, 0.627315104007721]",0.627315104007721
00025013.npy,1,1,"[0.03602495789527893, 0.33641552925109863]","[0.425462007522583, 0.574537992477417]",0.574537992477417
00025014.npy,1,1,"[0.05518978834152222, 0.31980857253074646]","[0.43422868847846985, 0.5657713413238525]",0.5657713413238525
00025015.npy,1,1,"[-0.08259453624486923, 0.5711228847503662]","[0.34215235710144043, 0.6578477025032043]",0.6578477025032043
00025016.npy,1,1,"[-0.09740527719259262, 0.2219237983226776]","[0.42083925008773804, 0.579160749912262]",0.579160749912262
00025017.npy,1,1,"[0.0338134765625, 0.3694175183773041]","[0.4168776869773865, 0.5831222534179688]",0.5831222534179688
00025018.npy,0,1,"[0.07643505185842514, 0.33750370144844055]","[0.4351010322570801, 0.5648989677429199]",0.5648989677429199
00025019.npy,1,1,"[0.05038343369960785, 0.7879414558410645]","[0.3235383927822113, 0.6764616370201111]",0.6764616370201111
00025020.npy,0,1,"[-0.23523849248886108, 0.1844140887260437]","[0.3965998888015747, 0.6034001111984253]",0.6034001111984253
00025021.npy,0,1,"[-0.07919817417860031, 0.26528939604759216]","[0.4147197902202606, 0.585280179977417]",0.585280179977417
00025022.npy,0,1,"[0.06934315711259842, 0.7213170528411865]","[0.34254488348960876, 0.6574551463127136]",0.6574551463127136
00025023.npy,0,1,"[0.06789785623550415, 0.6282461881637573]","[0.36346685886383057, 0.6365331411361694]",0.6365331411361694
00025024.npy,0,1,"[0.005456089973449707, 0.1575295329093933]","[0.4620547592639923, 0.5379452705383301]",0.5379452705383301
00025025.npy,0,1,"[-0.016789227724075317, 0.19122305512428284]","[0.4481836259365082, 0.5518163442611694]",0.5518163442611694
00025026.npy,0,1,"[-0.3218657672405243, 0.08548832684755325]","[0.39954671263694763, 0.60045325756073]",0.60045325756073
00025027.npy,0,1,"[-0.15928928554058075, 0.17977681756019592]","[0.41603636741638184, 0.5839636325836182]",0.5839636325836182
00025028.npy,0,1,"[-0.11210177838802338, 0.1767493486404419]","[0.428285151720047, 0.5717148184776306]",0.5717148184776306
00025029.npy,0,1,"[0.23772192001342773, 0.5095122456550598]","[0.43246763944625854, 0.5675323605537415]",0.5675323605537415
00025030.npy,0,1,"[0.06020674109458923, 0.5824366211891174]","[0.3723309338092804, 0.6276690363883972]",0.6276690363883972
00025031.npy,0,1,"[0.08560902625322342, 0.1752646267414093]","[0.4776010811328888, 0.5223988890647888]",0.5223988890647888
00025032.npy,0,1,"[-0.3933437466621399, 0.11284741014242172]","[0.3760868310928345, 0.6239131689071655]",0.6239131689071655
00025033.npy,0,1,"[-0.46043661236763, 0.006201647222042084]","[0.3854122757911682, 0.6145877838134766]",0.6145877838134766
00025034.npy,0,1,"[-0.204213947057724, 0.35139691829681396]","[0.36456364393234253, 0.6354364156723022]",0.6354364156723022
00025035.npy,0,1,"[0.19544467329978943, 0.6492531299591064]","[0.38845565915107727, 0.6115443110466003]",0.6115443110466003
00025036.npy,0,1,"[-0.33399635553359985, 0.3235114812850952]","[0.3412996828556061, 0.6587003469467163]",0.6587003469467163
00025037.npy,0,1,"[-0.1656636893749237, 0.06437751650810242]","[0.4427419602870941, 0.5572580099105835]",0.5572580099105835
00025038.npy,0,1,"[0.0619066059589386, 0.0960775837302208]","[0.49145808815956116, 0.5085418820381165]",0.5085418820381165
00025039.npy,0,1,"[0.18382182717323303, 0.30231451988220215]","[0.4704114496707916, 0.5295885801315308]",0.5295885801315308
00025040.npy,0,1,"[-0.3704346716403961, 0.05673603713512421]","[0.39480215311050415, 0.6051978468894958]",0.6051978468894958
00025041.npy,0,1,"[0.3064887821674347, 0.5651708841323853]","[0.43568769097328186, 0.5643122792243958]",0.5643122792243958
00025042.npy,0,1,"[-0.022341545671224594, 0.685492753982544]","[0.33007752895355225, 0.669922411441803]",0.669922411441803
00025043.npy,0,1,"[-0.02110322006046772, 0.3529018759727478]","[0.4075736105442047, 0.5924264192581177]",0.5924264192581177
00025044.npy,0,1,"[-0.019139833748340607, 0.13146495819091797]","[0.4624198377132416, 0.5375801920890808]",0.5375801920890808
00025045.npy,0,1,"[0.01621372252702713, 0.432937353849411]","[0.39730104804039, 0.6026989817619324]",0.6026989817619324
00025046.npy,0,1,"[-0.020503606647253036, 0.5576946139335632]","[0.35934731364250183, 0.6406527161598206]",0.6406527161598206
00025047.npy,0,1,"[-0.04139887914061546, 0.2930155396461487]","[0.41716691851615906, 0.5828330516815186]",0.5828330516815186
00025048.npy,0,1,"[0.08199446648359299, 0.3825535178184509]","[0.4254208505153656, 0.5745791792869568]",0.5745791792869568
00025049.npy,0,1,"[-0.05778755992650986, 0.4473010003566742]","[0.37634557485580444, 0.6236544251441956]",0.6236544251441956
00025050.npy,0,1,"[-0.005486994981765747, 0.5186381936073303]","[0.371888130903244, 0.6281118988990784]",0.6281118988990784
00025051.npy,0,1,"[-0.05181412026286125, 0.2371750771999359]","[0.42825132608413696, 0.5717486143112183]",0.5717486143112183
00025052.npy,0,1,"[0.06441156566143036, 0.3550558090209961]","[0.42784613370895386, 0.5721538662910461]",0.5721538662910461
00025053.npy,0,1,"[-0.27512192726135254, 0.1095285639166832]","[0.4050057530403137, 0.5949942469596863]",0.5949942469596863
00025054.npy,0,1,"[-0.05543272942304611, 0.5516194105148315]","[0.3527319133281708, 0.6472680568695068]",0.6472680568695068
00025055.npy,0,1,"[-0.21599024534225464, 0.09022863954305649]","[0.4240379333496094, 0.5759620666503906]",0.5759620666503906
00025056.npy,0,1,"[-0.014705080538988113, 0.2433546781539917]","[0.4358407258987427, 0.5641592741012573]",0.5641592741012573
00025057.npy,0,1,"[-0.005689762532711029, 0.3732663691043854]","[0.40637871623039246, 0.5936213135719299]",0.5936213135719299
00025058.npy,0,1,"[0.006574694067239761, 0.4139474928379059]","[0.3995422422885895, 0.6004577279090881]",0.6004577279090881
00025059.npy,0,1,"[-0.09898398816585541, 0.3202824890613556]","[0.39669230580329895, 0.6033077239990234]",0.6033077239990234
00025060.npy,0,1,"[0.0855354592204094, 0.5222392678260803]","[0.39252668619155884, 0.6074733138084412]",0.6074733138084412
00025061.npy,0,1,"[0.023734010756015778, 0.4196971654891968]","[0.40228262543678284, 0.5977173447608948]",0.5977173447608948
00025062.npy,0,1,"[-0.008969958871603012, 0.36447131633758545]","[0.4077097475528717, 0.5922902226448059]",0.5922902226448059
00025063.npy,0,1,"[0.1337515115737915, 0.4611583650112152]","[0.4188717305660248, 0.5811282396316528]",0.5811282396316528
00025064.npy,0,1,"[0.09197918325662613, 0.5210279226303101]","[0.3943535089492798, 0.6056464314460754]",0.6056464314460754
00025065.npy,0,1,"[-0.24440938234329224, 0.25096234679222107]","[0.3786289393901825, 0.6213710308074951]",0.6213710308074951
00025066.npy,0,1,"[-0.023448187857866287, 0.3442458212375641]","[0.409098356962204, 0.5909016728401184]",0.5909016728401184
00025067.npy,0,1,"[-0.25101104378700256, 0.10254745930433273]","[0.41251975297927856, 0.5874802470207214]",0.5874802470207214
00025068.npy,0,1,"[-0.04059596359729767, 0.0109948068857193]","[0.4871051609516144, 0.5128948092460632]",0.5128948092460632
00025069.npy,0,1,"[-0.09333038330078125, 0.10970798879861832]","[0.44941404461860657, 0.550585925579071]",0.550585925579071
00025070.npy,0,1,"[-0.07571858167648315, 0.25260987877845764]","[0.4186474084854126, 0.5813526511192322]",0.5813526511192322
00025071.npy,0,1,"[-0.21867358684539795, 0.06938465684652328]","[0.42847928404808044, 0.5715206861495972]",0.5715206861495972
00025072.npy,0,1,"[-0.11435449123382568, 0.2934735417366028]","[0.39943304657936096, 0.6005669832229614]",0.6005669832229614
00025073.npy,0,1,"[-0.0356321707367897, 0.48079368472099304]","[0.37368836998939514, 0.6263116598129272]",0.6263116598129272
00025074.npy,0,1,"[-0.024913499131798744, 0.21103116869926453]","[0.44128596782684326, 0.5587140321731567]",0.5587140321731567
00025075.npy,0,1,"[-0.4160766303539276, -0.16166214644908905]","[0.4367372393608093, 0.5632627606391907]",0.5632627606391907
00025076.npy,0,1,"[0.07798699289560318, 0.3649168610572815]","[0.42875564098358154, 0.5712443590164185]",0.5712443590164185
00025077.npy,0,1,"[-0.027147896587848663, 0.2969930171966553]","[0.41966694593429565, 0.5803331136703491]",0.5803331136703491
00025078.npy,0,1,"[-0.2795518636703491, 0.10671908408403397]","[0.40461528301239014, 0.5953846573829651]",0.5953846573829651
00025079.npy,0,1,"[-0.08281078934669495, 0.2928153872489929]","[0.4071822166442871, 0.5928177833557129]",0.5928177833557129
00025080.npy,0,1,"[-0.26102346181869507, -0.05486075580120087]","[0.4486410915851593, 0.5513588786125183]",0.5513588786125183
00025081.npy,0,1,"[-0.12662094831466675, 0.4703282415866852]","[0.3550419509410858, 0.6449580192565918]",0.6449580192565918
00025082.npy,0,1,"[-0.14348354935646057, 0.3767443001270294]","[0.37279894948005676, 0.6272010207176208]",0.6272010207176208
00025083.npy,0,1,"[-0.25764960050582886, 0.19090133905410767]","[0.3897053599357605, 0.6102946400642395]",0.6102946400642395
00025084.npy,0,1,"[-0.08186690509319305, 0.4827355444431305]","[0.3624832332134247, 0.6375167965888977]",0.6375167965888977
00025085.npy,0,1,"[-0.13840597867965698, 0.08298584073781967]","[0.444877028465271, 0.555122971534729]",0.555122971534729
00025086.npy,0,1,"[0.038988061249256134, 0.21989962458610535]","[0.4548950493335724, 0.5451049208641052]",0.5451049208641052
00025087.npy,0,1,"[-0.04279707372188568, 0.14031031727790833]","[0.45435062050819397, 0.5456493496894836]",0.5456493496894836
00025088.npy,0,1,"[0.19686046242713928, 0.44787803292274475]","[0.43757304549217224, 0.5624269247055054]",0.5624269247055054
00025089.npy,0,1,"[0.2888970971107483, 1.0006499290466309]","[0.32921162247657776, 0.6707883477210999]",0.6707883477210999
00025090.npy,0,1,"[-0.20894566178321838, 0.25416770577430725]","[0.3862474858760834, 0.6137524843215942]",0.6137524843215942
00025091.npy,0,1,"[-0.13826170563697815, 0.19998160004615784]","[0.4162362813949585, 0.5837637186050415]",0.5837637186050415
00025092.npy,0,1,"[-0.05272245034575462, 0.31005433201789856]","[0.4102875292301178, 0.5897124409675598]",0.5897124409675598
00025093.npy,0,1,"[-0.14322790503501892, 0.10519220679998398]","[0.43821239471435547, 0.5617876052856445]",0.5617876052856445
00025094.npy,0,1,"[0.02804337441921234, 0.22902750968933105]","[0.4499224126338959, 0.5500775575637817]",0.5500775575637817
00025095.npy,0,1,"[-0.32837650179862976, 0.24831324815750122]","[0.35969462990760803, 0.6403053998947144]",0.6403053998947144
00025096.npy,0,1,"[-0.09605652838945389, 0.5586410164833069]","[0.3419317305088043, 0.6580682396888733]",0.6580682396888733
00025097.npy,0,1,"[0.11112537235021591, 0.465371698141098]","[0.4123530983924866, 0.5876469016075134]",0.5876469016075134
00025098.npy,0,1,"[-0.22450432181358337, 0.2549394369125366]","[0.38238346576690674, 0.6176164746284485]",0.6176164746284485
00025099.npy,0,1,"[-0.12164808809757233, 0.21270966529846191]","[0.41718071699142456, 0.5828192830085754]",0.5828192830085754
00025100.npy,0,1,"[-0.04944758862257004, 0.5388762950897217]","[0.3570195138454437, 0.6429805159568787]",0.6429805159568787
00025101.npy,0,1,"[-0.10690055787563324, 0.4520856440067291]","[0.36378204822540283, 0.6362179517745972]",0.6362179517745972
00025102.npy,0,1,"[-0.1798897087574005, 0.12276964634656906]","[0.42490750551223755, 0.5750924348831177]",0.5750924348831177
00025103.npy,0,1,"[-0.09223607182502747, 0.298343300819397]","[0.4035778343677521, 0.5964221954345703]",0.5964221954345703
00025104.npy,0,1,"[-0.1577424705028534, 0.34122446179389954]","[0.37778347730636597, 0.622216522693634]",0.622216522693634
00025105.npy,0,1,"[-0.20871418714523315, 0.09553784877061844]","[0.4245183765888214, 0.5754815936088562]",0.5754815936088562
00025106.npy,0,1,"[0.08464991301298141, 0.1636907160282135]","[0.4802500903606415, 0.5197499394416809]",0.5197499394416809
00025107.npy,0,1,"[0.062433987855911255, 0.30141299962997437]","[0.4405379593372345, 0.5594620108604431]",0.5594620108604431
00025108.npy,0,1,"[0.021777518093585968, 0.31897395849227905]","[0.42624297738075256, 0.5737570524215698]",0.5737570524215698
00025109.npy,0,1,"[0.03470728546380997, 0.26469922065734863]","[0.4427541494369507, 0.5572458505630493]",0.5572458505630493
00025110.npy,0,1,"[-0.04822773486375809, 0.3478005826473236]","[0.4022669792175293, 0.5977330207824707]",0.5977330207824707
00025111.npy,0,1,"[-0.024923205375671387, 0.4065847098827362]","[0.39376628398895264, 0.6062336564064026]",0.6062336564064026
00025112.npy,0,1,"[-0.08424076437950134, 0.2959197759628296]","[0.4060882031917572, 0.5939118266105652]",0.5939118266105652
00025113.npy,0,1,"[0.029546193778514862, 0.33069851994514465]","[0.4252758026123047, 0.5747241973876953]",0.5747241973876953
00025114.npy,0,1,"[-0.03842533379793167, 0.2806919813156128]","[0.4208908975124359, 0.5791091322898865]",0.5791091322898865
00025115.npy,0,1,"[-0.07343961298465729, 0.18172955513000488]","[0.43655160069465637, 0.5634483695030212]",0.5634483695030212
00025116.npy,0,1,"[-0.18601348996162415, 0.11360716074705124]","[0.4256502091884613, 0.5743497610092163]",0.5743497610092163
00025117.npy,0,1,"[-0.24089524149894714, 0.19056153297424316]","[0.3937785029411316, 0.6062214970588684]",0.6062214970588684
00025118.npy,0,1,"[-0.005577854812145233, 0.403091162443161]","[0.39923131465911865, 0.6007686853408813]",0.6007686853408813
00025119.npy,0,1,"[-0.045771557837724686, 0.2883554697036743]","[0.4172367751598358, 0.5827631950378418]",0.5827631950378418
00025120.npy,0,1,"[0.032978810369968414, 0.22588777542114258]","[0.4519217312335968, 0.5480782389640808]",0.5480782389640808
00025121.npy,0,1,"[0.0016303956508636475, 0.1836550533771515]","[0.45461905002593994, 0.5453809499740601]",0.5453809499740601
00025122.npy,0,1,"[-0.042844563722610474, 0.08422427624464035]","[0.4682754576206207, 0.5317245125770569]",0.5317245125770569
00025123.npy,0,1,"[0.08161116391420364, 0.6096691489219666]","[0.3709699511528015, 0.6290300488471985]",0.6290300488471985
00025124.npy,0,1,"[0.21701699495315552, 0.5681032538414001]","[0.41311904788017273, 0.5868809819221497]",0.5868809819221497
00025125.npy,0,1,"[-0.17134016752243042, -0.01786709576845169]","[0.46170684695243835, 0.5382931232452393]",0.5382931232452393
00025126.npy,0,1,"[-0.11936506628990173, 0.14821386337280273]","[0.43350157141685486, 0.5664984583854675]",0.5664984583854675
00025127.npy,0,1,"[-0.10464173555374146, 0.5297737717628479]","[0.34650999307632446, 0.6534900069236755]",0.6534900069236755
00025128.npy,0,1,"[-0.20779123902320862, 0.1743057370185852]","[0.4056212306022644, 0.5943787693977356]",0.5943787693977356
00025129.npy,0,1,"[-0.4662332236766815, 0.31263282895088196]","[0.3145643174648285, 0.6854356527328491]",0.6854356527328491
00025130.npy,0,1,"[-0.02191414311528206, 0.2622228264808655]","[0.42943981289863586, 0.5705601572990417]",0.5705601572990417
00025131.npy,0,1,"[0.31646332144737244, 0.6392062902450562]","[0.4200074076652527, 0.5799925923347473]",0.5799925923347473
00025132.npy,0,1,"[0.10536796599626541, 0.1954585611820221]","[0.4774925708770752, 0.5225074291229248]",0.5225074291229248
00025133.npy,0,1,"[-0.011846009641885757, 0.005540430545806885]","[0.49565351009368896, 0.504346489906311]",0.504346489906311
00025134.npy,0,1,"[-0.09914013743400574, 0.24589630961418152]","[0.41458660364151, 0.5854134559631348]",0.5854134559631348
00025135.npy,0,1,"[0.18260183930397034, 0.5415577292442322]","[0.41121232509613037, 0.5887876749038696]",0.5887876749038696
00025136.npy,0,1,"[-0.04524393379688263, 0.18609532713890076]","[0.4424217641353607, 0.5575782656669617]",0.5575782656669617
00025137.npy,0,1,"[-0.1390886902809143, 0.22947314381599426]","[0.408888578414917, 0.591111421585083]",0.591111421585083
00025138.npy,0,1,"[-0.05080600082874298, 0.49318644404411316]","[0.36725932359695435, 0.6327406764030457]",0.6327406764030457
00025139.npy,0,1,"[0.018003366887569427, 0.2652645707130432]","[0.43849772214889526, 0.5615022778511047]",0.5615022778511047
00025140.npy,0,1,"[0.11793483048677444, 0.35396480560302734]","[0.44126492738723755, 0.5587350726127625]",0.5587350726127625
00025141.npy,0,1,"[0.12424450367689133, 0.4575035274028778]","[0.41744786500930786, 0.5825521349906921]",0.5825521349906921
00025142.npy,0,1,"[-0.08974316716194153, 0.6155864596366882]","[0.33063164353370667, 0.6693683862686157]",0.6693683862686157
00025143.npy,0,1,"[-0.07258541136980057, 0.5128781199455261]","[0.3576764166355133, 0.6423236131668091]",0.6423236131668091
00025144.npy,0,1,"[0.09025595337152481, 0.5586678385734558]","[0.38499221205711365, 0.6150078177452087]",0.6150078177452087
00025145.npy,0,1,"[0.13237127661705017, 0.5420626401901245]","[0.39898616075515747, 0.6010138988494873]",0.6010138988494873
00025146.npy,0,1,"[-0.2521873116493225, 0.20848658680915833]","[0.38682594895362854, 0.6131740212440491]",0.6131740212440491
00025147.npy,0,1,"[-0.31466227769851685, -0.012153979390859604]","[0.4249444007873535, 0.5750555396080017]",0.5750555396080017
00025148.npy,0,1,"[-0.21623408794403076, 0.24763959646224976]","[0.386067271232605, 0.613932728767395]",0.613932728767395
00025149.npy,0,1,"[-0.056429021060466766, 0.07286130636930466]","[0.4677223861217499, 0.5322776436805725]",0.5322776436805725
00025150.npy,0,1,"[-0.04016604274511337, 0.6331096887588501]","[0.3377637565135956, 0.6622362732887268]",0.6622362732887268
00025151.npy,0,1,"[-0.1712624430656433, 0.3139440417289734]","[0.38102343678474426, 0.6189765334129333]",0.6189765334129333
00025152.npy,0,1,"[0.17688918113708496, 0.476400226354599]","[0.42567703127861023, 0.5743229985237122]",0.5743229985237122
00025153.npy,0,1,"[-0.11302594840526581, 0.02397006005048752]","[0.46580445766448975, 0.5341955423355103]",0.5341955423355103
00025154.npy,0,1,"[0.0013512447476387024, 0.30307310819625854]","[0.42513659596443176, 0.5748634338378906]",0.5748634338378906
00025155.npy,0,1,"[-0.12802286446094513, 0.24516895413398743]","[0.4077700078487396, 0.5922300219535828]",0.5922300219535828
00025156.npy,0,1,"[0.23592928051948547, 0.9175917506217957]","[0.33589035272598267, 0.6641096472740173]",0.6641096472740173
00025157.npy,0,1,"[-0.15748736262321472, 0.18119996786117554]","[0.41612836718559265, 0.583871603012085]",0.583871603012085
00025158.npy,0,1,"[0.05238742381334305, 0.37336522340774536]","[0.4204374849796295, 0.5795625448226929]",0.5795625448226929
00025159.npy,0,1,"[-0.1193019449710846, 0.1111433282494545]","[0.44264230132102966, 0.5573577284812927]",0.5573577284812927
00025160.npy,0,1,"[0.0033634640276432037, 0.5837597846984863]","[0.3588414192199707, 0.6411585807800293]",0.6411585807800293
00025161.npy,0,1,"[-0.14163221418857574, 0.28733375668525696]","[0.3943732678890228, 0.6056267619132996]",0.6056267619132996
00025162.npy,0,1,"[0.0945362076163292, 0.5381492376327515]","[0.39088040590286255, 0.6091195940971375]",0.6091195940971375
00025163.npy,0,1,"[-0.08569040894508362, 0.1754157543182373]","[0.4350918233394623, 0.5649082064628601]",0.5649082064628601
00025164.npy,0,1,"[-0.32037532329559326, 0.11183897405862808]","[0.39359769225120544, 0.6064022779464722]",0.6064022779464722
00025165.npy,0,1,"[-0.23147624731063843, 0.18609881401062012]","[0.3970971703529358, 0.6029028296470642]",0.6029028296470642
00025166.npy,0,1,"[0.04568783938884735, 0.3866799473762512]","[0.4155685007572174, 0.5844314694404602]",0.5844314694404602
00025167.npy,0,1,"[-0.16539323329925537, 0.1986064612865448]","[0.40999168157577515, 0.5900082588195801]",0.5900082588195801
00025168.npy,0,1,"[-0.23239484429359436, 0.21574735641479492]","[0.38980257511138916, 0.6101974248886108]",0.6101974248886108
00025169.npy,0,1,"[-0.1353488564491272, 0.7068310976028442]","[0.30107587575912476, 0.69892418384552]",0.69892418384552
00025170.npy,0,1,"[-0.30861809849739075, -0.12741583585739136]","[0.45482295751571655, 0.5451769828796387]",0.5451769828796387
00025171.npy,0,1,"[-0.33277183771133423, -0.02645719051361084]","[0.42401453852653503, 0.5759854316711426]",0.5759854316711426
00025172.npy,0,1,"[-0.24904954433441162, -0.11840423941612244]","[0.46738505363464355, 0.5326149463653564]",0.5326149463653564
00025173.npy,0,1,"[0.21197932958602905, 0.8609046339988708]","[0.34323179721832275, 0.656768262386322]",0.656768262386322
00025174.npy,0,1,"[-0.10919210314750671, 0.18827766180038452]","[0.42617613077163696, 0.573823869228363]",0.573823869228363
00025175.npy,0,1,"[0.10399793833494186, 0.46088162064552307]","[0.4117141366004944, 0.5882858633995056]",0.5882858633995056
00025176.npy,0,1,"[0.20553401112556458, 0.3964240252971649]","[0.4524219036102295, 0.5475781559944153]",0.5475781559944153
00025177.npy,0,1,"[-0.12442244589328766, 0.21015521883964539]","[0.41712725162506104, 0.582872748374939]",0.582872748374939
00025178.npy,0,1,"[-0.2715096175670624, 0.08470729738473892]","[0.4118756353855133, 0.5881243348121643]",0.5881243348121643
00025179.npy,0,1,"[-0.164152592420578, 0.198207825422287]","[0.4103882908821106, 0.5896117091178894]",0.5896117091178894
00025180.npy,0,1,"[-0.3173283338546753, -0.12334222346544266]","[0.45165497064590454, 0.5483450293540955]",0.5483450293540955
00025181.npy,0,1,"[0.030876316130161285, 0.39309731125831604]","[0.41042202711105347, 0.5895779728889465]",0.5895779728889465
00025182.npy,0,1,"[0.0557718425989151, 0.4695136249065399]","[0.39801526069641113, 0.6019847393035889]",0.6019847393035889
00025183.npy,0,1,"[0.05045771598815918, 0.5842888951301575]","[0.36962375044822693, 0.6303762197494507]",0.6303762197494507
00025184.npy,0,1,"[0.17140701413154602, 0.34718167781829834]","[0.45616912841796875, 0.5438308715820312]",0.5438308715820312
00025185.npy,1,1,"[-0.23918667435646057, 0.13759753108024597]","[0.4069027602672577, 0.5930972695350647]",0.5930972695350647
00025186.npy,0,1,"[-0.015760503709316254, 0.11478625982999802]","[0.46740958094596863, 0.532590389251709]",0.532590389251709
00025187.npy,0,1,"[0.4048084616661072, 0.7332776188850403]","[0.41861316561698914, 0.5813868641853333]",0.5813868641853333
00025188.npy,0,1,"[-0.11490409076213837, 0.09820375591516495]","[0.44692376255989075, 0.5530762672424316]",0.5530762672424316
00025189.npy,0,1,"[-0.1671929955482483, 0.3734211325645447]","[0.36804473400115967, 0.6319552659988403]",0.6319552659988403
00025190.npy,0,1,"[0.0023146644234657288, 0.15505287051200867]","[0.46188950538635254, 0.5381104946136475]",0.5381104946136475
00025191.npy,0,1,"[-0.10899321734905243, 0.22292205691337585]","[0.4177747070789337, 0.5822253227233887]",0.5822253227233887
00025192.npy,0,1,"[0.002818860113620758, 0.33789199590682983]","[0.41700679063796997, 0.58299320936203]",0.58299320936203
00025193.npy,0,1,"[-0.12346802651882172, 0.1626179814338684]","[0.4289623200893402, 0.5710376501083374]",0.5710376501083374
00025194.npy,0,1,"[0.026988767087459564, 0.432111918926239]","[0.4000820815563202, 0.5999179482460022]",0.5999179482460022
00025195.npy,0,1,"[-0.22522851824760437, 0.19627860188484192]","[0.3961561322212219, 0.6038438081741333]",0.6038438081741333
00025196.npy,0,1,"[0.0703197568655014, 0.5021823048591614]","[0.39368167519569397, 0.6063182950019836]",0.6063182950019836
00025197.npy,0,1,"[0.05049935728311539, 0.14368289709091187]","[0.47672098875045776, 0.523279070854187]",0.523279070854187
00025198.npy,0,1,"[-0.04066276177763939, 0.21886220574378967]","[0.4354805052280426, 0.5645195245742798]",0.5645195245742798
00025199.npy,0,1,"[-0.3736201226711273, 0.03229457885026932]","[0.399892121553421, 0.6001079082489014]",0.6001079082489014
00025200.npy,0,1,"[-0.008243069052696228, 0.15355485677719116]","[0.4596385061740875, 0.5403614640235901]",0.5403614640235901
00025201.npy,0,1,"[0.22864055633544922, 0.6635580658912659]","[0.39295271039009094, 0.6070472598075867]",0.6070472598075867
00025202.npy,0,1,"[-0.22915953397750854, 0.12594926357269287]","[0.41214409470558167, 0.587855875492096]",0.587855875492096
00025203.npy,0,1,"[-0.11602724343538284, 0.5538882613182068]","[0.3385157585144043, 0.6614841818809509]",0.6614841818809509
00025204.npy,0,1,"[-0.2086469531059265, 0.18402129411697388]","[0.4030751585960388, 0.596924901008606]",0.596924901008606
00025205.npy,0,1,"[-0.05849778652191162, 0.27353614568710327]","[0.41774582862854004, 0.58225417137146]",0.58225417137146
00025206.npy,0,1,"[0.5762338042259216, 1.2272989749908447]","[0.34274953603744507, 0.6572504043579102]",0.6572504043579102
00025207.npy,0,1,"[0.0198371559381485, 0.4193788766860962]","[0.4014224410057068, 0.5985775589942932]",0.5985775589942932
00025208.npy,0,1,"[-0.057380370795726776, 0.3525465428829193]","[0.3989296555519104, 0.6010704040527344]",0.6010704040527344
00025209.npy,0,1,"[0.01785416156053543, 0.30873775482177734]","[0.42778757214546204, 0.5722124576568604]",0.5722124576568604
00025210.npy,0,1,"[0.01332215964794159, 0.4944874346256256]","[0.38197702169418335, 0.6180230379104614]",0.6180230379104614
00025211.npy,0,1,"[-0.1263670176267624, 0.26035264134407043]","[0.40450724959373474, 0.5954927802085876]",0.5954927802085876
00025212.npy,0,1,"[-0.3093922734260559, 0.15808361768722534]","[0.38521382212638855, 0.6147861480712891]",0.6147861480712891
00025213.npy,0,1,"[-0.07320932298898697, 0.3116597831249237]","[0.4049530625343323, 0.5950469374656677]",0.5950469374656677
00025214.npy,0,1,"[0.04711945354938507, 0.2522564232349396]","[0.4488948583602905, 0.5511051416397095]",0.5511051416397095
00025215.npy,0,1,"[0.007109638303518295, 0.361588716506958]","[0.41229668259620667, 0.5877033472061157]",0.5877033472061157
00025216.npy,0,1,"[-0.23372876644134521, 0.3921525776386261]","[0.34844502806663513, 0.6515549421310425]",0.6515549421310425
00025217.npy,0,1,"[-0.09437679499387741, 0.11560610681772232]","[0.447696328163147, 0.552303671836853]",0.552303671836853
00025218.npy,0,0,"[-0.05263395607471466, -0.05362551286816597]","[0.5002478957176208, 0.49975213408470154]",0.49975213408470154
00025219.npy,1,1,"[0.01675695925951004, 0.3934467136859894]","[0.4069255590438843, 0.5930745005607605]",0.5930745005607605
00025220.npy,0,1,"[0.034010738134384155, 0.05922815203666687]","[0.4936959445476532, 0.5063040256500244]",0.5063040256500244
00025221.npy,0,1,"[-0.29465630650520325, 0.1428307592868805]","[0.39233994483947754, 0.6076601147651672]",0.6076601147651672
00025222.npy,0,1,"[-0.04575930908322334, 0.2514159083366394]","[0.426248162984848, 0.5737518072128296]",0.5737518072128296
00025223.npy,0,1,"[0.03556586802005768, 0.46295467019081116]","[0.39475002884864807, 0.6052499413490295]",0.6052499413490295
00025224.npy,0,1,"[-0.09062044322490692, 0.21343135833740234]","[0.4245672821998596, 0.5754327178001404]",0.5754327178001404
00025225.npy,0,1,"[0.12086892873048782, 0.512112557888031]","[0.4034179747104645, 0.5965820550918579]",0.5965820550918579
00025226.npy,0,1,"[-0.19710958003997803, 0.24361950159072876]","[0.39156728982925415, 0.6084327101707458]",0.6084327101707458
00025227.npy,0,1,"[-0.2835274636745453, 0.21205997467041016]","[0.37857821583747864, 0.6214218139648438]",0.6214218139648438
00025228.npy,0,1,"[-0.13690491020679474, 0.3678290545940399]","[0.37642884254455566, 0.6235711574554443]",0.6235711574554443
00025229.npy,0,1,"[-0.11960073560476303, 0.3682183623313904]","[0.3804074823856354, 0.619592547416687]",0.619592547416687
00025230.npy,0,1,"[-0.21020573377609253, 0.5142841935157776]","[0.32640504837036133, 0.6735949516296387]",0.6735949516296387
00025231.npy,0,1,"[-0.1833851933479309, 0.39748790860176086]","[0.3587317168712616, 0.641268253326416]",0.641268253326416
00025232.npy,0,1,"[-0.1352725625038147, 0.2770070731639862]","[0.3983656167984009, 0.6016343235969543]",0.6016343235969543
00025233.npy,0,1,"[-0.050981905311346054, 0.20083582401275635]","[0.43737614154815674, 0.5626238584518433]",0.5626238584518433
00025234.npy,0,1,"[-0.1236252561211586, 0.5233985185623169]","[0.3436605632305145, 0.6563394665718079]",0.6563394665718079
00025235.npy,0,1,"[0.10052203387022018, 0.45290127396583557]","[0.41280558705329895, 0.5871944427490234]",0.5871944427490234
00025236.npy,0,1,"[0.08542565256357193, 0.6359581351280212]","[0.3657408654689789, 0.6342591047286987]",0.6342591047286987
00025237.npy,0,1,"[0.025279931724071503, 0.3726944029331207]","[0.41400954127311707, 0.5859904289245605]",0.5859904289245605
00025238.npy,0,1,"[-0.02777193859219551, 0.30430692434310913]","[0.41773489117622375, 0.5822650790214539]",0.5822650790214539
00025239.npy,0,1,"[-0.2163999080657959, -0.13228285312652588]","[0.4789831042289734, 0.5210168361663818]",0.5210168361663818
00025240.npy,0,1,"[-0.059498030692338943, 0.6060760021209717]","[0.33948859572410583, 0.6605113744735718]",0.6605113744735718
00025241.npy,0,1,"[-0.0719432681798935, 0.20190271735191345]","[0.43196314573287964, 0.5680368542671204]",0.5680368542671204
00025242.npy,0,1,"[0.10747743397951126, 0.3722516894340515]","[0.43419045209884644, 0.5658095479011536]",0.5658095479011536
00025243.npy,0,1,"[-0.019182004034519196, 0.29844632744789124]","[0.42125383019447327, 0.5787461400032043]",0.5787461400032043
00025244.npy,0,1,"[-0.2212330400943756, 0.3706801235675812]","[0.35619601607322693, 0.6438040137290955]",0.6438040137290955
00025245.npy,0,1,"[-0.06183585152029991, 0.5414124131202698]","[0.3536009192466736, 0.6463990807533264]",0.6463990807533264
00025246.npy,0,1,"[-0.05879965424537659, 0.13066548109054565]","[0.45277488231658936, 0.5472250580787659]",0.5472250580787659
00025247.npy,0,1,"[0.07342768460512161, 0.40297213196754456]","[0.4183514714241028, 0.5816485285758972]",0.5816485285758972
00025248.npy,0,1,"[-0.017498355358839035, 0.27002689242362976]","[0.42860984802246094, 0.5713901519775391]",0.5713901519775391
00025249.npy,0,1,"[0.02458658069372177, 0.46244779229164124]","[0.39225074648857117, 0.6077492833137512]",0.6077492833137512
00025250.npy,0,1,"[-0.170098677277565, 0.3566986620426178]","[0.37126415967941284, 0.6287358403205872]",0.6287358403205872
00025251.npy,0,1,"[-0.011816497892141342, 0.19716915488243103]","[0.44794294238090515, 0.5520570874214172]",0.5520570874214172
00025252.npy,0,1,"[0.06477611511945724, 0.4215072989463806]","[0.41175106167793274, 0.5882489085197449]",0.5882489085197449
00025253.npy,0,1,"[0.1567138433456421, 0.5047506093978882]","[0.4138585925102234, 0.5861414074897766]",0.5861414074897766
00025254.npy,0,1,"[-0.1368236541748047, 0.334440678358078]","[0.3843170404434204, 0.6156829595565796]",0.6156829595565796
00025255.npy,0,1,"[0.016684897243976593, 0.27604982256889343]","[0.43551984429359436, 0.564480185508728]",0.564480185508728
00025256.npy,0,1,"[-0.0068757496774196625, 0.39740583300590515]","[0.400284081697464, 0.5997159481048584]",0.5997159481048584
00025257.npy,0,0,"[0.09595415741205215, 0.038315095007419586]","[0.5144057273864746, 0.4855942130088806]",0.4855942130088806
00025258.npy,0,1,"[-0.10338444262742996, 0.1354861557483673]","[0.44056466221809387, 0.5594353079795837]",0.5594353079795837
00025259.npy,0,1,"[0.009670346975326538, 0.10313215106725693]","[0.47665154933929443, 0.5233484506607056]",0.5233484506607056
00025260.npy,0,1,"[0.032786086201667786, 0.2998228073120117]","[0.4336346983909607, 0.5663652420043945]",0.5663652420043945
00025261.npy,0,1,"[0.22889065742492676, 0.36945125460624695]","[0.4649176001548767, 0.5350823998451233]",0.5350823998451233
00025262.npy,0,1,"[-0.06951761990785599, 0.13691967725753784]","[0.4485732316970825, 0.5514268279075623]",0.5514268279075623
00025263.npy,0,1,"[-0.07085411995649338, 0.43544861674308777]","[0.3760606646537781, 0.6239393949508667]",0.6239393949508667
00025264.npy,0,1,"[-0.2783655524253845, 0.22514885663986206]","[0.37671512365341187, 0.6232848763465881]",0.6232848763465881
00025265.npy,0,1,"[-0.1978951096534729, 0.2732221484184265]","[0.38435184955596924, 0.6156482100486755]",0.6156482100486755
00025266.npy,0,1,"[-0.1659572720527649, 0.5555194020271301]","[0.32706791162490845, 0.6729320883750916]",0.6729320883750916
00025267.npy,0,1,"[0.3699651062488556, 0.7416645288467407]","[0.4081304371356964, 0.5918695330619812]",0.5918695330619812
00025268.npy,0,1,"[0.11312740296125412, 0.7810267806053162]","[0.33896738290786743, 0.6610326170921326]",0.6610326170921326
00025269.npy,0,1,"[-0.13471820950508118, 0.2766106128692627]","[0.398593544960022, 0.601406455039978]",0.601406455039978
00025270.npy,0,1,"[-0.026440056040883064, 0.4751838147640228]","[0.37715914845466614, 0.6228408813476562]",0.6228408813476562
00025271.npy,0,1,"[-0.25383132696151733, 0.14782282710075378]","[0.4009149968624115, 0.5990850329399109]",0.5990850329399109
00025272.npy,0,1,"[-0.03124617226421833, 0.18962568044662476]","[0.4450054466724396, 0.5549945831298828]",0.5549945831298828
00025273.npy,0,1,"[0.023544736206531525, 0.2238399088382721]","[0.45009297132492065, 0.5499070882797241]",0.5499070882797241
00025274.npy,0,1,"[-0.14349281787872314, 0.3068350851535797]","[0.38928279280662537, 0.6107171773910522]",0.6107171773910522
00025275.npy,0,1,"[-0.23470374941825867, 0.22702699899673462]","[0.386575311422348, 0.6134246587753296]",0.6134246587753296
00025276.npy,0,1,"[0.054356224834918976, 0.33911892771720886]","[0.42928653955459595, 0.570713460445404]",0.570713460445404
00025277.npy,0,1,"[0.012260213494300842, 0.23258188366889954]","[0.4451413154602051, 0.5548586845397949]",0.5548586845397949
00025278.npy,0,1,"[-0.028298180550336838, 0.508989155292511]","[0.36881881952285767, 0.6311811804771423]",0.6311811804771423
00025279.npy,0,1,"[-0.14921656250953674, 0.2811391055583954]","[0.39404138922691345, 0.6059585809707642]",0.6059585809707642
00025280.npy,0,1,"[-0.03175487741827965, 0.2395605444908142]","[0.43258416652679443, 0.5674158334732056]",0.5674158334732056
00025281.npy,0,1,"[0.006005454808473587, 0.4587695896625519]","[0.38870376348495483, 0.6112962365150452]",0.6112962365150452
00025282.npy,0,1,"[-0.008359074592590332, 0.4019281566143036]","[0.39884325861930847, 0.6011567711830139]",0.6011567711830139
00025283.npy,0,1,"[-0.3768620789051056, 0.26042240858078003]","[0.34586063027381897, 0.6541393399238586]",0.6541393399238586
00025284.npy,0,1,"[0.023265056312084198, 0.6757201552391052]","[0.3424364924430847, 0.6575635075569153]",0.6575635075569153
00025285.npy,0,1,"[-0.21690437197685242, 0.15051960945129395]","[0.40916362404823303, 0.5908363461494446]",0.5908363461494446
00025286.npy,0,1,"[0.038967326283454895, 0.5146762728691101]","[0.3832659125328064, 0.6167341470718384]",0.6167341470718384
00025287.npy,0,1,"[-0.35694190859794617, -0.037179894745349884]","[0.4207337498664856, 0.5792662501335144]",0.5792662501335144
00025288.npy,0,1,"[0.19409534335136414, 0.6916921138763428]","[0.3781055808067322, 0.6218944191932678]",0.6218944191932678
00025289.npy,0,1,"[0.2074708342552185, 0.5148175954818726]","[0.4237625002861023, 0.5762374401092529]",0.5762374401092529
00025290.npy,0,1,"[-0.3390154540538788, 0.12161154299974442]","[0.38683706521987915, 0.6131628751754761]",0.6131628751754761
00025291.npy,0,1,"[-0.047167208045721054, 0.3594505786895752]","[0.3997234106063843, 0.6002765893936157]",0.6002765893936157
00025292.npy,0,1,"[0.19199904799461365, 0.42650192975997925]","[0.4416414797306061, 0.5583585500717163]",0.5583585500717163
00025293.npy,0,1,"[-0.019030097872018814, 0.12554386258125305]","[0.46391934156417847, 0.5360806584358215]",0.5360806584358215
00025294.npy,0,1,"[-0.23288553953170776, 0.19951575994491577]","[0.39355307817459106, 0.6064469218254089]",0.6064469218254089
00025295.npy,0,1,"[-0.1756836473941803, 0.3320106267929077]","[0.37573423981666565, 0.6242657899856567]",0.6242657899856567
00025296.npy,0,1,"[-0.4806678295135498, 0.22292035818099976]","[0.3310171663761139, 0.6689828634262085]",0.6689828634262085
00025297.npy,0,1,"[0.03510432690382004, 0.4593823254108429]","[0.3954935073852539, 0.6045064330101013]",0.6045064330101013
00025298.npy,0,1,"[0.03174436092376709, 0.4143146574497223]","[0.4055071175098419, 0.5944928526878357]",0.5944928526878357
00025299.npy,0,1,"[0.07419033348560333, 0.4262460768222809]","[0.41288402676582336, 0.587116003036499]",0.587116003036499
00025300.npy,0,1,"[-0.11452493071556091, 0.25989216566085815]","[0.4074741303920746, 0.5925258994102478]",0.5925258994102478
00025301.npy,0,1,"[0.006519254297018051, 0.6256632208824158]","[0.34997615218162537, 0.6500238180160522]",0.6500238180160522
00025302.npy,0,1,"[0.19034510850906372, 0.7724534273147583]","[0.3584476113319397, 0.6415523886680603]",0.6415523886680603
00025303.npy,0,1,"[-0.27630433440208435, 0.15178653597831726]","[0.3945823013782501, 0.6054176688194275]",0.6054176688194275
00025304.npy,0,1,"[0.039515458047389984, 0.26742520928382874]","[0.44326791167259216, 0.5567320585250854]",0.5567320585250854
00025305.npy,0,1,"[0.04961002618074417, 0.5111836791038513]","[0.38661256432533264, 0.613387405872345]",0.613387405872345
00025306.npy,0,1,"[0.4460639953613281, 0.6963594555854797]","[0.43775078654289246, 0.5622492432594299]",0.5622492432594299
00025307.npy,0,1,"[0.14816316962242126, 0.5614895820617676]","[0.39811477065086365, 0.601885199546814]",0.601885199546814
00025308.npy,0,1,"[-0.15793535113334656, 0.23037400841712952]","[0.40412434935569763, 0.59587562084198]",0.59587562084198
00025309.npy,0,1,"[-0.16647401452064514, 0.19561460614204407]","[0.4104540944099426, 0.5895459651947021]",0.5895459651947021
00025310.npy,0,1,"[-0.11326172202825546, 0.5400868654251099]","[0.3422353267669678, 0.6577646732330322]",0.6577646732330322
00025311.npy,0,1,"[-0.3447074890136719, 0.06599102169275284]","[0.39874467253685, 0.6012553572654724]",0.6012553572654724
00025312.npy,0,1,"[0.05151974409818649, 0.5920116901397705]","[0.36807316541671753, 0.6319268941879272]",0.6319268941879272
00025313.npy,0,1,"[-0.2883804738521576, -0.02843490242958069]","[0.4353770613670349, 0.5646228790283203]",0.5646228790283203
00025314.npy,0,1,"[0.12187696248292923, 0.4673483669757843]","[0.4144810140132904, 0.5855189561843872]",0.5855189561843872
00025315.npy,0,1,"[-0.08468984812498093, 0.6763712763786316]","[0.31841591000556946, 0.6815840601921082]",0.6815840601921082
00025316.npy,0,1,"[-0.3298465311527252, -0.023719143122434616]","[0.42406028509140015, 0.5759397149085999]",0.5759397149085999
00025317.npy,0,1,"[-0.16209125518798828, 0.19485309720039368]","[0.41169947385787964, 0.5883005261421204]",0.5883005261421204
00025318.npy,0,1,"[0.10533859580755234, 0.3663307726383209]","[0.4351198077201843, 0.5648801326751709]",0.5648801326751709
00025319.npy,0,1,"[-0.2971401810646057, -0.058814577758312225]","[0.4406990110874176, 0.55930095911026]",0.55930095911026
00025320.npy,0,1,"[-0.047532033175230026, -0.021049130707979202]","[0.4933796525001526, 0.5066203474998474]",0.5066203474998474
00025321.npy,0,1,"[0.27490946650505066, 0.4633387625217438]","[0.4530315697193146, 0.5469684600830078]",0.5469684600830078
00025322.npy,0,1,"[-0.059838663786649704, 0.11217693239450455]","[0.45710182189941406, 0.5428981781005859]",0.5428981781005859
00025323.npy,0,1,"[-0.0606597438454628, 0.24605196714401245]","[0.42391759157180786, 0.5760824084281921]",0.5760824084281921
00025324.npy,0,1,"[0.3137894868850708, 0.9600659608840942]","[0.34382912516593933, 0.6561709046363831]",0.6561709046363831
00025325.npy,0,1,"[-0.3945886790752411, 0.2746622860431671]","[0.33866456151008606, 0.6613354086875916]",0.6613354086875916
00025326.npy,0,1,"[0.017845861613750458, 0.4896838366985321]","[0.38418129086494446, 0.6158186793327332]",0.6158186793327332
00025327.npy,0,1,"[0.05350784212350845, 0.39343106746673584]","[0.415828138589859, 0.5841718316078186]",0.5841718316078186
00025328.npy,0,1,"[0.11842793971300125, 0.49768099188804626]","[0.40630707144737244, 0.59369295835495]",0.59369295835495
00025329.npy,0,1,"[0.07024600356817245, 0.6559461355209351]","[0.35762202739715576, 0.6423779726028442]",0.6423779726028442
00025330.npy,0,1,"[-0.11806845664978027, 0.3538912534713745]","[0.38415253162384033, 0.6158475279808044]",0.6158475279808044
00025331.npy,0,1,"[-0.0611686185002327, 0.32179757952690125]","[0.4054116904735565, 0.5945883393287659]",0.5945883393287659
00025332.npy,0,1,"[-0.23640677332878113, 0.019766516983509064]","[0.43630465865135193, 0.5636953711509705]",0.5636953711509705
00025333.npy,0,1,"[-0.17565253376960754, -0.025139261037111282]","[0.4624425768852234, 0.5375574231147766]",0.5375574231147766
00025334.npy,0,1,"[-0.1091102659702301, 0.08694898337125778]","[0.4511415958404541, 0.5488584041595459]",0.5488584041595459
00025335.npy,0,1,"[0.07522600144147873, 0.19526079297065735]","[0.47002726793289185, 0.5299727320671082]",0.5299727320671082
00025336.npy,0,1,"[-0.17768076062202454, 0.19949766993522644]","[0.40680763125419617, 0.5931923985481262]",0.5931923985481262
00025337.npy,0,1,"[-0.03402148187160492, 0.40225401520729065]","[0.39262881875038147, 0.6073712110519409]",0.6073712110519409
00025338.npy,0,1,"[-0.4143795669078827, 0.09351290017366409]","[0.37568768858909607, 0.6243122816085815]",0.6243122816085815
00025339.npy,0,1,"[-0.033626917749643326, 0.2658025324344635]","[0.42569699883461, 0.5743030309677124]",0.5743030309677124
00025340.npy,0,1,"[0.020096473395824432, 0.381325364112854]","[0.41066208481788635, 0.5893378853797913]",0.5893378853797913
00025341.npy,0,1,"[-0.1766412854194641, 0.3542972505092621]","[0.37029802799224854, 0.6297020316123962]",0.6297020316123962
00025342.npy,0,1,"[0.2662576735019684, 0.6909279823303223]","[0.3953997492790222, 0.6046002507209778]",0.6046002507209778
00025343.npy,0,1,"[-0.08838868141174316, 0.3152283728122711]","[0.4004436135292053, 0.5995563864707947]",0.5995563864707947
00025344.npy,0,1,"[-0.21077784895896912, 0.05685508996248245]","[0.43348827958106995, 0.5665116906166077]",0.5665116906166077
00025345.npy,0,1,"[-0.2533312439918518, -0.05297845974564552]","[0.45007869601249695, 0.5499213337898254]",0.5499213337898254
00025346.npy,0,1,"[-0.057040952146053314, 0.12453851848840714]","[0.45472943782806396, 0.545270562171936]",0.545270562171936
00025347.npy,1,1,"[-0.24363812804222107, -0.03558492660522461]","[0.44817355275154114, 0.5518264770507812]",0.5518264770507812
00025348.npy,0,1,"[-0.275482177734375, -0.07407635450363159]","[0.44981807470321655, 0.5501819252967834]",0.5501819252967834
00025349.npy,0,1,"[0.024109162390232086, 0.39624786376953125]","[0.4080243408679962, 0.5919756889343262]",0.5919756889343262
00025350.npy,0,1,"[0.2892189919948578, 0.7369468808174133]","[0.38990113139152527, 0.6100988388061523]",0.6100988388061523
00025351.npy,0,1,"[-0.032931141555309296, 0.1735946238040924]","[0.44855132699012756, 0.5514487028121948]",0.5514487028121948
00025352.npy,0,1,"[-0.19997239112854004, 0.2170325219631195]","[0.39723366498947144, 0.6027662754058838]",0.6027662754058838
00025353.npy,0,1,"[-0.07368747889995575, 0.3562461733818054]","[0.39414215087890625, 0.605857789516449]",0.605857789516449
00025354.npy,0,1,"[-0.15833936631679535, 0.24517413973808289]","[0.40046846866607666, 0.5995315313339233]",0.5995315313339233
00025355.npy,0,1,"[-0.2351076304912567, 0.1992456316947937]","[0.3930872678756714, 0.6069127321243286]",0.6069127321243286
00025356.npy,0,1,"[-0.012878697365522385, 0.41161254048347473]","[0.39544254541397095, 0.604557454586029]",0.604557454586029
00025357.npy,0,1,"[-0.12550249695777893, 0.5048418045043945]","[0.3474324643611908, 0.6525675058364868]",0.6525675058364868
00025358.npy,0,1,"[-0.3283213675022125, 0.08473850041627884]","[0.3981786370277405, 0.6018213629722595]",0.6018213629722595
00025359.npy,0,1,"[-0.16533909738063812, 0.2559818923473358]","[0.3962007164955139, 0.6037992835044861]",0.6037992835044861
00025360.npy,0,1,"[-0.035915713757276535, 0.31194666028022766]","[0.41390088200569153, 0.5860990881919861]",0.5860990881919861
00025361.npy,0,1,"[-0.14253093302249908, 0.2898789942264557]","[0.3935510218143463, 0.6064490079879761]",0.6064490079879761
00025362.npy,0,1,"[0.006455298513174057, 0.4315917193889618]","[0.3952883183956146, 0.6047117114067078]",0.6047117114067078
00025363.npy,0,1,"[-0.017083019018173218, 0.31457287073135376]","[0.4178377687931061, 0.5821622014045715]",0.5821622014045715
00025364.npy,0,1,"[-0.2606073021888733, 0.432449609041214]","[0.3333534002304077, 0.6666466593742371]",0.6666466593742371
00025365.npy,0,1,"[-0.19213157892227173, -0.00706351175904274]","[0.45386457443237305, 0.5461353659629822]",0.5461353659629822
00025366.npy,0,1,"[-0.015947114676237106, 0.14734229445457458]","[0.45926809310913086, 0.5407319068908691]",0.5407319068908691
00025367.npy,0,1,"[-0.20774725079536438, 0.36000731587409973]","[0.3617550730705261, 0.6382449269294739]",0.6382449269294739
00025368.npy,0,1,"[-0.13411909341812134, 0.2704692482948303]","[0.400210440158844, 0.599789559841156]",0.599789559841156
00025369.npy,0,1,"[-0.15880385041236877, 0.19868779182434082]","[0.4115668833255768, 0.5884330868721008]",0.5884330868721008
00025370.npy,0,1,"[-0.14913862943649292, 0.17426860332489014]","[0.4198456406593323, 0.5801544189453125]",0.5801544189453125
00025371.npy,0,1,"[-0.2002227008342743, 0.2938767969608307]","[0.3789283037185669, 0.6210716962814331]",0.6210716962814331
00025372.npy,0,1,"[0.2721022665500641, 0.6753528714179993]","[0.4005315899848938, 0.5994683504104614]",0.5994683504104614
00025373.npy,0,1,"[0.09459375590085983, 0.535419762134552]","[0.3915441930294037, 0.6084558367729187]",0.6084558367729187
00025374.npy,0,1,"[-0.13914622366428375, 0.17338794469833374]","[0.4224962890148163, 0.5775036811828613]",0.5775036811828613
00025375.npy,0,1,"[0.10569926351308823, 0.4480178654193878]","[0.4152463972568512, 0.5847536325454712]",0.5847536325454712
00025376.npy,0,1,"[-0.006165493279695511, 0.26611948013305664]","[0.4323462247848511, 0.5676537752151489]",0.5676537752151489
00025377.npy,0,1,"[-0.12335269153118134, 0.1939818263053894]","[0.4213255047798157, 0.5786744952201843]",0.5786744952201843
00025378.npy,0,1,"[-0.035560235381126404, 0.2067943513393402]","[0.43970614671707153, 0.5602937936782837]",0.5602937936782837
00025379.npy,0,1,"[-0.25823718309402466, 0.19342395663261414]","[0.388965904712677, 0.611034095287323]",0.611034095287323
00025380.npy,0,1,"[-0.22817519307136536, 0.15126311779022217]","[0.4062623977661133, 0.5937376618385315]",0.5937376618385315
00025381.npy,0,1,"[-0.05820819362998009, 0.49582889676094055]","[0.36492830514907837, 0.6350717544555664]",0.6350717544555664
00025382.npy,0,1,"[-0.35771724581718445, 0.1562587320804596]","[0.37426191568374634, 0.6257380247116089]",0.6257380247116089
00025383.npy,0,1,"[-0.16391298174858093, 0.09248600155115128]","[0.43624910712242126, 0.5637508630752563]",0.5637508630752563
00025384.npy,0,1,"[0.24333643913269043, 0.6356052160263062]","[0.40317124128341675, 0.5968286991119385]",0.5968286991119385
00025385.npy,0,1,"[-0.12093102186918259, 0.09529343992471695]","[0.44615352153778076, 0.553846538066864]",0.553846538066864
00025386.npy,0,1,"[0.040529802441596985, 0.5585398077964783]","[0.3733176589012146, 0.6266823410987854]",0.6266823410987854
00025387.npy,0,1,"[0.08025053888559341, 0.27419957518577576]","[0.45166414976119995, 0.5483357906341553]",0.5483357906341553
00025388.npy,0,1,"[-0.2711164057254791, 0.12046327441930771]","[0.4033370912075043, 0.5966629385948181]",0.5966629385948181
00025389.npy,0,1,"[-0.10873261839151382, 0.2416153848171234]","[0.4132980406284332, 0.5867019295692444]",0.5867019295692444
00025390.npy,0,1,"[0.08525938540697098, 0.12765595316886902]","[0.4894024431705475, 0.5105975270271301]",0.5105975270271301
00025391.npy,0,1,"[0.12151499837636948, 0.5423883199691772]","[0.3963077962398529, 0.6036922335624695]",0.6036922335624695
00025392.npy,0,1,"[0.08351457864046097, 0.5659233927726746]","[0.38168346881866455, 0.6183165311813354]",0.6183165311813354
00025393.npy,0,1,"[-0.003388039767742157, 0.39152923226356506]","[0.4025341272354126, 0.5974658131599426]",0.5974658131599426
00025394.npy,0,1,"[-0.4385164976119995, -0.07097478210926056]","[0.4091351628303528, 0.5908648371696472]",0.5908648371696472
00025395.npy,0,1,"[0.08715421706438065, 0.5999752283096313]","[0.37453246116638184, 0.6254675388336182]",0.6254675388336182
00025396.npy,0,1,"[-0.34266650676727295, -0.019605956971645355]","[0.41993004083633423, 0.5800699591636658]",0.5800699591636658
00025397.npy,0,1,"[-0.05684701353311539, 0.13560113310813904]","[0.45203590393066406, 0.5479640960693359]",0.5479640960693359
00025398.npy,0,1,"[-0.04648297280073166, 0.2968234121799469]","[0.415006548166275, 0.5849934816360474]",0.5849934816360474
00025399.npy,0,1,"[-0.16483627259731293, 0.1597335934638977]","[0.4195624589920044, 0.5804376006126404]",0.5804376006126404
00025400.npy,0,1,"[0.07915499061346054, 0.41088250279426575]","[0.41782039403915405, 0.5821796655654907]",0.5821796655654907
00025401.npy,0,1,"[0.11486613005399704, 0.4046042859554291]","[0.4280679523944855, 0.5719320178031921]",0.5719320178031921
00025402.npy,0,1,"[-0.05976536124944687, 0.2267114222049713]","[0.42886659502983093, 0.5711333751678467]",0.5711333751678467
00025403.npy,0,1,"[-0.20190715789794922, 0.11245115846395493]","[0.4220513105392456, 0.5779487490653992]",0.5779487490653992
00025404.npy,0,1,"[0.04600049555301666, 0.39015519618988037]","[0.41480061411857605, 0.5851994156837463]",0.5851994156837463
00025405.npy,0,1,"[-0.05806855857372284, 0.5314943194389343]","[0.35673514008522034, 0.6432648301124573]",0.6432648301124573
00025406.npy,0,1,"[-0.22784581780433655, 0.08127535134553909]","[0.42332929372787476, 0.5766707062721252]",0.5766707062721252
00025407.npy,0,1,"[-0.13123036921024323, 0.12602773308753967]","[0.4360378682613373, 0.5639621615409851]",0.5639621615409851
00025408.npy,0,1,"[-0.18106064200401306, 0.16464868187904358]","[0.41442325711250305, 0.5855767130851746]",0.5855767130851746
00025409.npy,0,1,"[0.2866218686103821, 0.5953564643859863]","[0.4234236180782318, 0.5765763521194458]",0.5765763521194458
00025410.npy,0,1,"[0.06098070740699768, 0.3070001006126404]","[0.43880346417427063, 0.561196506023407]",0.561196506023407
00025411.npy,0,1,"[-0.24362841248512268, 0.20864850282669067]","[0.38881954550743103, 0.6111804246902466]",0.6111804246902466
00025412.npy,0,1,"[0.08658934384584427, 0.614088773727417]","[0.3711003065109253, 0.6288997530937195]",0.6288997530937195
00025413.npy,0,1,"[0.17841067910194397, 0.6142808794975281]","[0.39272546768188477, 0.6072745323181152]",0.6072745323181152
00025414.npy,0,1,"[-0.1741902232170105, 0.22377702593803406]","[0.40180084109306335, 0.598199188709259]",0.598199188709259
00025415.npy,0,1,"[-0.09222889691591263, 0.3993368148803711]","[0.3795247972011566, 0.620475172996521]",0.620475172996521
00025416.npy,0,1,"[-0.1819450855255127, 0.17759546637535095]","[0.4110707938671112, 0.5889292359352112]",0.5889292359352112
00025417.npy,0,1,"[0.030619129538536072, 0.6407487392425537]","[0.3520296514034271, 0.6479703783988953]",0.6479703783988953
00025418.npy,0,1,"[-0.2936483323574066, 0.12226899713277817]","[0.3974941074848175, 0.6025058627128601]",0.6025058627128601
00025419.npy,0,1,"[-0.09156664460897446, 0.36839213967323303]","[0.3869955837726593, 0.6130043864250183]",0.6130043864250183
00025420.npy,0,1,"[-0.21932369470596313, 0.3145003020763397]","[0.369625449180603, 0.630374550819397]",0.630374550819397
00025421.npy,0,1,"[-0.0065307654440402985, 0.37424662709236145]","[0.40593940019607544, 0.5940605401992798]",0.5940605401992798
00025422.npy,0,1,"[-0.059173133224248886, 0.22602441906929016]","[0.42917999625205994, 0.5708200335502625]",0.5708200335502625
00025423.npy,0,1,"[0.0608559250831604, 0.5936030149459839]","[0.3698764145374298, 0.6301236152648926]",0.6301236152648926
00025424.npy,0,1,"[-0.07504020631313324, 0.014835871756076813]","[0.4775460958480835, 0.5224539041519165]",0.5224539041519165
00025425.npy,0,1,"[-0.16583788394927979, 0.00790484994649887]","[0.456673264503479, 0.543326735496521]",0.543326735496521
00025426.npy,0,1,"[-0.48905259370803833, -0.15232983231544495]","[0.41660580039024353, 0.5833942294120789]",0.5833942294120789
00025427.npy,0,1,"[-0.05229070410132408, 0.13838458061218262]","[0.45247507095336914, 0.5475248694419861]",0.5475248694419861
00025428.npy,0,1,"[-0.14664483070373535, 0.22284778952598572]","[0.40866366028785706, 0.5913363695144653]",0.5913363695144653
00025429.npy,0,1,"[-0.1929287314414978, 0.35324719548225403]","[0.36675208806991577, 0.6332479119300842]",0.6332479119300842
00025430.npy,0,1,"[-0.16442163288593292, 0.06555256992578506]","[0.4427585005760193, 0.5572414994239807]",0.5572414994239807
00025431.npy,0,1,"[0.05641249567270279, 0.31783199310302734]","[0.4350148141384125, 0.5649852156639099]",0.5649852156639099
00025432.npy,0,1,"[0.041881218552589417, 0.545900821685791]","[0.37659651041030884, 0.6234034895896912]",0.6234034895896912
00025433.npy,0,1,"[0.08459066599607468, 0.6884977221488953]","[0.35345029830932617, 0.646549642086029]",0.646549642086029
00025434.npy,0,1,"[0.11391841620206833, 0.7413726449012756]","[0.34808799624443054, 0.6519119739532471]",0.6519119739532471
00025435.npy,0,1,"[-0.0511322021484375, 0.50186687707901]","[0.36516889929771423, 0.6348311305046082]",0.6348311305046082
00025436.npy,0,1,"[-0.1417953372001648, 0.1477614939212799]","[0.42811235785484314, 0.5718876123428345]",0.5718876123428345
00025437.npy,0,1,"[-0.08411760628223419, 0.5229175090789795]","[0.35273581743240356, 0.6472641825675964]",0.6472641825675964
00025438.npy,0,1,"[-0.16184265911579132, 0.43573954701423645]","[0.35489702224731445, 0.6451029777526855]",0.6451029777526855
00025439.npy,0,1,"[-0.10222427546977997, 0.17507681250572205]","[0.43111559748649597, 0.5688844323158264]",0.5688844323158264
00025440.npy,0,1,"[0.09816581755876541, 0.3139727711677551]","[0.44625669717788696, 0.5537433624267578]",0.5537433624267578
00025441.npy,0,1,"[0.002140916883945465, 0.3908594250679016]","[0.4040258228778839, 0.5959741473197937]",0.5959741473197937
00025442.npy,0,1,"[0.19720673561096191, 0.4689660966396332]","[0.4324752390384674, 0.567524790763855]",0.567524790763855
00025443.npy,0,1,"[-0.13212502002716064, 0.28379279375076294]","[0.39749401807785034, 0.6025059819221497]",0.6025059819221497
00025444.npy,0,1,"[-0.15494892001152039, -0.08335822820663452]","[0.48210999369621277, 0.5178900361061096]",0.5178900361061096
00025445.npy,0,1,"[-0.2910405695438385, 0.36872029304504395]","[0.34079331159591675, 0.6592066884040833]",0.6592066884040833
00025446.npy,0,1,"[0.07369363307952881, 0.25107279419898987]","[0.4557711184024811, 0.5442289113998413]",0.5442289113998413
00025447.npy,0,1,"[-0.09178236126899719, 0.5427916049957275]","[0.3464741110801697, 0.6535258293151855]",0.6535258293151855
00025448.npy,1,1,"[0.15918397903442383, 0.6886212825775146]","[0.3706481158733368, 0.6293518543243408]",0.6293518543243408
00025449.npy,0,1,"[-0.024592649191617966, 0.7656524777412415]","[0.3121160566806793, 0.6878839731216431]",0.6878839731216431
00025450.npy,0,1,"[0.09086889773607254, 0.6750106811523438]","[0.3579801321029663, 0.6420198678970337]",0.6420198678970337
00025451.npy,0,1,"[-0.05879298597574234, 0.4196806848049164]","[0.3826126456260681, 0.6173874139785767]",0.6173874139785767
00025452.npy,0,1,"[-0.014680001884698868, 0.4902935326099396]","[0.3763725757598877, 0.6236274242401123]",0.6236274242401123
00025453.npy,0,1,"[-0.013595856726169586, 0.3505827784538269]","[0.4099484086036682, 0.5900515913963318]",0.5900515913963318
00025454.npy,0,1,"[-0.039195191115140915, 0.43715399503707886]","[0.38311460614204407, 0.6168854236602783]",0.6168854236602783
00025455.npy,0,1,"[-0.23799121379852295, 0.07654974609613419]","[0.4220066964626312, 0.5779932737350464]",0.5779932737350464
00025456.npy,0,1,"[0.03262711316347122, 0.4063294231891632]","[0.40764671564102173, 0.592353343963623]",0.592353343963623
00025457.npy,0,1,"[-0.07931630313396454, 0.31240105628967285]","[0.40330395102500916, 0.5966960787773132]",0.5966960787773132
00025458.npy,0,1,"[-0.1431988775730133, 0.258163720369339]","[0.4009850025177002, 0.599014937877655]",0.599014937877655
00025459.npy,0,1,"[-0.32170990109443665, 0.1853230595588684]","[0.3758893311023712, 0.6241106986999512]",0.6241106986999512
00025460.npy,0,1,"[0.0925339087843895, 0.36303237080574036]","[0.432784765958786, 0.5672152638435364]",0.5672152638435364
00025461.npy,0,1,"[-0.20286911725997925, -0.029844673350453377]","[0.4568514823913574, 0.5431485176086426]",0.5431485176086426
00025462.npy,0,1,"[-0.2706630527973175, 0.06567490845918655]","[0.4166993200778961, 0.5833006501197815]",0.5833006501197815
00025463.npy,0,1,"[-0.18397283554077148, 0.2548442482948303]","[0.39202284812927246, 0.6079770922660828]",0.6079770922660828
00025464.npy,0,1,"[-0.146573007106781, 0.20426151156425476]","[0.41318005323410034, 0.5868199467658997]",0.5868199467658997
00025465.npy,0,1,"[0.008541550487279892, 0.18636822700500488]","[0.4556601047515869, 0.5443398952484131]",0.5443398952484131
00025466.npy,0,1,"[-0.016772814095020294, 0.5882308483123779]","[0.3531997501850128, 0.6468002200126648]",0.6468002200126648
00025467.npy,0,1,"[-0.31550925970077515, 0.15300947427749634]","[0.3849669098854065, 0.6150330901145935]",0.6150330901145935
00025468.npy,0,1,"[0.011253945529460907, 0.37822824716567993]","[0.40927234292030334, 0.5907276272773743]",0.5907276272773743
00025469.npy,0,1,"[-0.08555370569229126, 0.2165839672088623]","[0.4250349700450897, 0.5749650001525879]",0.5749650001525879
00025470.npy,0,1,"[-0.16512402892112732, 0.24954017996788025]","[0.397794246673584, 0.602205753326416]",0.602205753326416
00025471.npy,0,1,"[0.09186602383852005, 0.43977656960487366]","[0.41388919949531555, 0.5861108303070068]",0.5861108303070068
00025472.npy,0,1,"[0.02280786633491516, 0.3930329382419586]","[0.40848666429519653, 0.5915133357048035]",0.5915133357048035
00025473.npy,0,1,"[-0.03867252171039581, 0.38562047481536865]","[0.3954899311065674, 0.6045100092887878]",0.6045100092887878
00025474.npy,0,1,"[-0.0836414024233818, 0.4215945899486542]","[0.37631097435951233, 0.6236889958381653]",0.6236889958381653
00025475.npy,0,1,"[-0.03346075117588043, 0.30247771739959717]","[0.41679641604423523, 0.5832036137580872]",0.5832036137580872
00025476.npy,0,1,"[-0.19400891661643982, -0.09296125173568726]","[0.474759578704834, 0.5252404808998108]",0.5252404808998108
00025477.npy,0,1,"[-0.13257679343223572, 0.1348465383052826]","[0.4335397779941559, 0.5664601922035217]",0.5664601922035217
00025478.npy,0,1,"[-0.16682812571525574, 0.23228836059570312]","[0.4015246629714966, 0.5984753966331482]",0.5984753966331482
00025479.npy,0,1,"[0.09003179520368576, 0.6062574982643127]","[0.3737352192401886, 0.6262648105621338]",0.6262648105621338
00025480.npy,0,1,"[0.06909525394439697, 0.436355859041214]","[0.40920311212539673, 0.5907968878746033]",0.5907968878746033
00025481.npy,0,1,"[0.05812663584947586, 0.34161436557769775]","[0.42959892749786377, 0.5704010725021362]",0.5704010725021362
00025482.npy,0,1,"[-0.2239546775817871, 0.30177608132362366]","[0.37151315808296204, 0.6284868121147156]",0.6284868121147156
00025483.npy,0,1,"[-0.18551811575889587, 0.1374354064464569]","[0.41995611786842346, 0.5800438523292542]",0.5800438523292542
00025484.npy,0,1,"[-0.13767538964748383, 0.24953299760818481]","[0.40438950061798096, 0.595610499382019]",0.595610499382019
00025485.npy,0,1,"[0.11343324929475784, 0.5104760527610779]","[0.402023047208786, 0.5979769229888916]",0.5979769229888916
00025486.npy,0,1,"[-0.1898462474346161, 0.4190880358219147]","[0.35230231285095215, 0.6476976275444031]",0.6476976275444031
00025487.npy,0,1,"[-0.04038422182202339, 0.2540016174316406]","[0.4269304871559143, 0.5730695128440857]",0.5730695128440857
00025488.npy,0,1,"[0.0922103300690651, 0.2550921142101288]","[0.45936933159828186, 0.5406306385993958]",0.5406306385993958
00025489.npy,0,1,"[0.15555673837661743, 0.4137156009674072]","[0.43581634759902954, 0.5641836524009705]",0.5641836524009705
00025490.npy,0,1,"[-0.15110182762145996, 0.22465667128562927]","[0.4071502983570099, 0.5928496718406677]",0.5928496718406677
00025491.npy,0,1,"[-0.03152654320001602, 0.27349716424942017]","[0.42432987689971924, 0.5756701827049255]",0.5756701827049255
00025492.npy,0,1,"[0.0848173126578331, 0.7814425826072693]","[0.3325608968734741, 0.6674391627311707]",0.6674391627311707
00025493.npy,0,1,"[-0.0049536339938640594, 0.4913109838962555]","[0.378418892621994, 0.6215810775756836]",0.6215810775756836
00025494.npy,0,1,"[-0.14577388763427734, 0.5020714402198792]","[0.34347525238990784, 0.6565247178077698]",0.6565247178077698
00025495.npy,0,1,"[-0.138651043176651, 0.1769874393939972]","[0.42173904180526733, 0.5782608985900879]",0.5782608985900879
00025496.npy,0,1,"[-0.07020067423582077, 0.12425143271684647]","[0.4515396058559418, 0.5484604239463806]",0.5484604239463806
00025497.npy,0,1,"[-0.26622647047042847, 0.08086778968572617]","[0.4140872359275818, 0.5859127640724182]",0.5859127640724182
00025498.npy,0,1,"[-0.17007657885551453, 0.263939768075943]","[0.3931676745414734, 0.6068322658538818]",0.6068322658538818
00025499.npy,0,1,"[-0.17071032524108887, 0.03127243369817734]","[0.4496752917766571, 0.5503247380256653]",0.5503247380256653
00025500.npy,0,1,"[-0.1942530870437622, 0.24528518319129944]","[0.3918509781360626, 0.608148992061615]",0.608148992061615
00025501.npy,0,1,"[-0.13679322600364685, 0.15416482090950012]","[0.42776933312416077, 0.5722306370735168]",0.5722306370735168
00025502.npy,0,1,"[-0.05198558419942856, 0.3718729019165039]","[0.3955938518047333, 0.6044061779975891]",0.6044061779975891
00025503.npy,0,1,"[-0.02050233632326126, 0.22969424724578857]","[0.4377751350402832, 0.5622249245643616]",0.5622249245643616
00025504.npy,0,1,"[-0.16042327880859375, 0.3311959505081177]","[0.3795121908187866, 0.6204878091812134]",0.6204878091812134
00025505.npy,0,1,"[0.08161333948373795, 0.5490809082984924]","[0.3852158188819885, 0.6147841811180115]",0.6147841811180115
00025506.npy,0,1,"[0.015541449189186096, 0.2360745370388031]","[0.4450891315937042, 0.5549108982086182]",0.5549108982086182
00025507.npy,0,1,"[-0.22870376706123352, 0.1306215226650238]","[0.4111228883266449, 0.5888770818710327]",0.5888770818710327
00025508.npy,0,1,"[0.1558263599872589, 0.4353342354297638]","[0.4305744469165802, 0.5694255828857422]",0.5694255828857422
00025509.npy,0,1,"[-0.08171062171459198, 0.2920389771461487]","[0.40763530135154724, 0.5923646688461304]",0.5923646688461304
00025510.npy,0,1,"[-0.023623459041118622, 0.22085055708885193]","[0.4391840696334839, 0.5608159303665161]",0.5608159303665161
00025511.npy,0,1,"[0.032379165291786194, 0.5072064399719238]","[0.38347432017326355, 0.6165256500244141]",0.6165256500244141
00025512.npy,0,1,"[0.018271371722221375, 0.2890254259109497]","[0.4327220022678375, 0.5672780275344849]",0.5672780275344849
00025513.npy,0,1,"[-0.04634864255785942, 0.36579403281211853]","[0.3983984589576721, 0.6016015410423279]",0.6016015410423279
00025514.npy,0,1,"[-0.08160411566495895, 0.15544065833091736]","[0.44101476669311523, 0.5589852929115295]",0.5589852929115295
00025515.npy,0,1,"[0.024985462427139282, 0.6161496639251709]","[0.35636773705482483, 0.6436322331428528]",0.6436322331428528
00025516.npy,0,1,"[-0.2250041365623474, 0.10955876857042313]","[0.41713082790374756, 0.5828691720962524]",0.5828691720962524
00025517.npy,0,1,"[-0.3337635397911072, 0.22955310344696045]","[0.3627803921699524, 0.6372196078300476]",0.6372196078300476
00025518.npy,0,1,"[0.1323784589767456, 0.5692565441131592]","[0.392485111951828, 0.6075148582458496]",0.6075148582458496
00025519.npy,0,1,"[0.18363896012306213, 0.3939409554004669]","[0.44761744141578674, 0.5523825883865356]",0.5523825883865356
00025520.npy,0,1,"[0.07970666140317917, 0.3405495285987854]","[0.43515655398368835, 0.564843475818634]",0.564843475818634
00025521.npy,0,1,"[-0.14210239052772522, 0.16689732670783997]","[0.4233589470386505, 0.5766410827636719]",0.5766410827636719
00025522.npy,0,1,"[-0.057829055935144424, 0.3688780963420868]","[0.3949128985404968, 0.6050871014595032]",0.6050871014595032
00025523.npy,0,1,"[-0.11240029335021973, 0.3970118761062622]","[0.3753313422203064, 0.6246686577796936]",0.6246686577796936
00025524.npy,0,1,"[0.08172214776277542, 0.48985734581947327]","[0.3993593454360962, 0.6006406545639038]",0.6006406545639038
00025525.npy,0,1,"[-0.0652155876159668, 0.19930413365364075]","[0.4342529773712158, 0.5657470226287842]",0.5657470226287842
00025526.npy,0,1,"[-0.23681193590164185, 0.32588425278663635]","[0.36292383074760437, 0.6370761394500732]",0.6370761394500732
00025527.npy,0,1,"[-0.18575477600097656, 0.3489416837692261]","[0.36942216753959656, 0.630577802658081]",0.630577802658081
00025528.npy,0,1,"[-0.15532411634922028, 0.5780826210975647]","[0.3244476020336151, 0.6755523681640625]",0.6755523681640625
00025529.npy,0,1,"[0.09069672971963882, 0.4246930778026581]","[0.4172685742378235, 0.5827314257621765]",0.5827314257621765
00025530.npy,0,1,"[-0.2571333646774292, 0.35355886816978455]","[0.3519012928009033, 0.6480986475944519]",0.6480986475944519
00025531.npy,0,1,"[0.046771615743637085, 0.6337119340896606]","[0.35733720660209656, 0.642662763595581]",0.642662763595581
00025532.npy,0,1,"[-0.15825583040714264, 0.289981484413147]","[0.3897799551486969, 0.6102200150489807]",0.6102200150489807
00025533.npy,0,1,"[0.00872659683227539, 0.43382740020751953]","[0.3952968120574951, 0.6047031879425049]",0.6047031879425049
00025534.npy,0,1,"[-0.10535995662212372, 0.27150100469589233]","[0.40688422322273254, 0.5931158065795898]",0.5931158065795898
00025535.npy,0,1,"[-0.19793471693992615, 0.03726381063461304]","[0.4414699375629425, 0.5585300922393799]",0.5585300922393799
00025536.npy,0,1,"[-0.07979824393987656, 0.5852466225624084]","[0.33960723876953125, 0.660392701625824]",0.660392701625824
00025537.npy,0,1,"[-0.018791649490594864, 0.23069408535957336]","[0.437950074672699, 0.5620498657226562]",0.5620498657226562
00025538.npy,0,1,"[-0.005466599017381668, 0.17391473054885864]","[0.4552745521068573, 0.5447254776954651]",0.5447254776954651
00025539.npy,0,1,"[0.28174537420272827, 0.48909804224967957]","[0.4483467936515808, 0.5516532063484192]",0.5516532063484192
00025540.npy,0,1,"[0.10153279453516006, 0.36448895931243896]","[0.4346371591091156, 0.565362811088562]",0.565362811088562
00025541.npy,0,1,"[-0.29738014936447144, 0.048849448561668396]","[0.41429704427719116, 0.5857029557228088]",0.5857029557228088
00025542.npy,0,1,"[-0.4063418507575989, 0.14727413654327393]","[0.3650258779525757, 0.6349741816520691]",0.6349741816520691
00025543.npy,0,1,"[-0.307140052318573, 0.04055120795965195]","[0.4139423668384552, 0.5860576033592224]",0.5860576033592224
00025544.npy,0,1,"[-0.10862690210342407, 0.07534930855035782]","[0.4541352391242981, 0.5458647608757019]",0.5458647608757019
00025545.npy,0,1,"[-0.030276641249656677, 0.46137866377830505]","[0.37950369715690613, 0.6204962730407715]",0.6204962730407715
00025546.npy,0,1,"[-0.17793256044387817, 0.3588777184486389]","[0.3689298927783966, 0.6310701370239258]",0.6310701370239258
00025547.npy,0,1,"[-0.002117730677127838, 0.48403236269950867]","[0.38080093264579773, 0.6191990375518799]",0.6191990375518799
00025548.npy,0,1,"[-0.23223081231117249, 0.10769204050302505]","[0.41582822799682617, 0.5841717720031738]",0.5841717720031738
00025549.npy,0,1,"[0.07013900578022003, 0.5140420198440552]","[0.39081132411956787, 0.6091886162757874]",0.6091886162757874
00025550.npy,0,1,"[-0.03793579712510109, 0.3277091383934021]","[0.40959376096725464, 0.5904062390327454]",0.5904062390327454
00025551.npy,0,1,"[-0.24709048867225647, 0.0642981007695198]","[0.42277583479881287, 0.5772241353988647]",0.5772241353988647
00025552.npy,0,1,"[-0.020761478692293167, 0.3023495674133301]","[0.4199177622795105, 0.5800822973251343]",0.5800822973251343
00025553.npy,0,1,"[-0.18238171935081482, 0.1026318147778511]","[0.42922505736351013, 0.5707749128341675]",0.5707749128341675
00025554.npy,0,1,"[0.10947605222463608, 0.5229549407958984]","[0.39807823300361633, 0.6019217371940613]",0.6019217371940613
00025555.npy,0,1,"[-0.07577799260616302, 0.32060545682907104]","[0.40218156576156616, 0.5978184342384338]",0.5978184342384338
00025556.npy,0,1,"[-0.22735410928726196, 0.3934177756309509]","[0.349605917930603, 0.650394082069397]",0.650394082069397
00025557.npy,0,1,"[0.0682775005698204, 0.7018889784812927]","[0.34669211506843567, 0.6533079147338867]",0.6533079147338867
00025558.npy,0,1,"[-0.1537860482931137, 0.441762775182724]","[0.3553626835346222, 0.6446372866630554]",0.6446372866630554
00025559.npy,0,1,"[0.057607583701610565, 0.5238367319107056]","[0.3855091631412506, 0.6144908666610718]",0.6144908666610718
00025560.npy,0,1,"[-0.1444891095161438, 0.13490509986877441]","[0.4306022822856903, 0.5693976879119873]",0.5693976879119873
00025561.npy,0,1,"[0.08346480876207352, 0.3076930046081543]","[0.44417664408683777, 0.5558233261108398]",0.5558233261108398
00025562.npy,0,1,"[-0.027623075991868973, 0.3007906973361969]","[0.418626606464386, 0.581373393535614]",0.581373393535614
00025563.npy,0,1,"[-0.11316822469234467, 0.37238559126853943]","[0.3809415400028229, 0.6190584897994995]",0.6190584897994995
00025564.npy,0,1,"[0.08447251468896866, 0.38697555661201477]","[0.4249457120895386, 0.5750542879104614]",0.5750542879104614
00025565.npy,0,1,"[-0.022226829081773758, 0.33940812945365906]","[0.4105638265609741, 0.5894361734390259]",0.5894361734390259
00025566.npy,0,1,"[-0.11117397248744965, 0.20998460054397583]","[0.4203934073448181, 0.5796065926551819]",0.5796065926551819
00025567.npy,0,1,"[-0.006904710084199905, 0.5283357501029968]","[0.36929547786712646, 0.6307045221328735]",0.6307045221328735
00025568.npy,0,1,"[-0.30046650767326355, 0.017470352351665497]","[0.4211786389350891, 0.5788213610649109]",0.5788213610649109
00025569.npy,0,1,"[-0.1527259200811386, 0.2632941007614136]","[0.39746952056884766, 0.6025304794311523]",0.6025304794311523
00025570.npy,0,1,"[-0.2985955476760864, 0.23040956258773804]","[0.37074896693229675, 0.6292510628700256]",0.6292510628700256
00025571.npy,0,1,"[0.14605897665023804, 0.5880205035209656]","[0.39127370715141296, 0.6087263226509094]",0.6087263226509094
00025572.npy,0,1,"[-0.026798512786626816, 0.2101442813873291]","[0.44103989005088806, 0.5589600801467896]",0.5589600801467896
00025573.npy,0,1,"[-0.04450969770550728, 0.26750651001930237]","[0.4226226806640625, 0.5773773193359375]",0.5773773193359375
00025574.npy,0,1,"[-0.003138713538646698, 0.39746519923210144]","[0.40116724371910095, 0.5988327264785767]",0.5988327264785767
00025575.npy,0,1,"[-0.07344548404216766, 0.3640122413635254]","[0.39234688878059387, 0.6076530814170837]",0.6076530814170837
00025576.npy,0,1,"[-0.09070214629173279, 0.12596413493156433]","[0.44604432582855225, 0.5539556741714478]",0.5539556741714478
00025577.npy,0,1,"[-0.04862949624657631, 0.26444151997566223]","[0.42236530780792236, 0.5776346325874329]",0.5776346325874329
00025578.npy,0,1,"[-0.0486099049448967, 0.35281896591186523]","[0.40096908807754517, 0.5990309119224548]",0.5990309119224548
00025579.npy,0,1,"[-0.1250954270362854, 0.30670082569122314]","[0.39369750022888184, 0.6063024997711182]",0.6063024997711182
00025580.npy,0,1,"[-0.1886027753353119, 0.07800760120153427]","[0.43373945355415344, 0.566260576248169]",0.566260576248169
00025581.npy,0,1,"[-0.13337492942810059, 0.46752575039863586]","[0.354137659072876, 0.645862340927124]",0.645862340927124
00025582.npy,0,1,"[-0.1071314811706543, 0.06598155945539474]","[0.4568295180797577, 0.5431705117225647]",0.5431705117225647
00025583.npy,0,1,"[-0.15162979066371918, 0.46955570578575134]","[0.34951189160346985, 0.6504881381988525]",0.6504881381988525
00025584.npy,0,1,"[-0.047827575355768204, 0.36618804931640625]","[0.3979496359825134, 0.6020503044128418]",0.6020503044128418
00025585.npy,0,1,"[-0.09846469759941101, 0.30756324529647827]","[0.39986494183540344, 0.600135087966919]",0.600135087966919
00025586.npy,0,1,"[-0.10344555974006653, 0.27436119318008423]","[0.4066559970378876, 0.5933440327644348]",0.5933440327644348
00025587.npy,0,1,"[-0.05083414167165756, 0.1953478455543518]","[0.43876343965530396, 0.561236560344696]",0.561236560344696
00025588.npy,0,1,"[-0.20890355110168457, 0.25223508477211]","[0.38671573996543884, 0.6132842898368835]",0.6132842898368835
00025589.npy,0,1,"[-0.025769397616386414, 0.13646462559700012]","[0.459530234336853, 0.540469765663147]",0.540469765663147
00025590.npy,0,1,"[-0.0944797694683075, 0.18012237548828125]","[0.4317776560783386, 0.5682224035263062]",0.5682224035263062
00025591.npy,0,1,"[-0.18161794543266296, 0.3742220103740692]","[0.36451056599617004, 0.6354894638061523]",0.6354894638061523
00025592.npy,0,1,"[0.18351292610168457, 0.611090898513794]","[0.3947048485279083, 0.6052951812744141]",0.6052951812744141
00025593.npy,0,1,"[0.053610190749168396, 0.09387504309415817]","[0.48993512988090515, 0.5100648403167725]",0.5100648403167725
00025594.npy,0,1,"[-0.09582261741161346, 0.24857333302497864]","[0.41474205255508423, 0.5852580070495605]",0.5852580070495605
00025595.npy,0,1,"[0.07619505375623703, 0.3904803395271301]","[0.42206910252571106, 0.5779308676719666]",0.5779308676719666
00025596.npy,0,1,"[0.03197146952152252, 0.6291282176971436]","[0.35499444603919983, 0.6450055241584778]",0.6450055241584778
00025597.npy,0,1,"[-0.049983758479356766, 0.43126940727233887]","[0.3819562792778015, 0.6180437803268433]",0.6180437803268433
00025598.npy,0,1,"[-0.07036317884922028, 0.28145596385002136]","[0.4129413664340973, 0.5870586633682251]",0.5870586633682251
00025599.npy,0,1,"[-0.0451713390648365, 0.23123949766159058]","[0.4313339293003082, 0.5686660408973694]",0.5686660408973694
00025600.npy,0,1,"[0.13309484720230103, 0.548586905002594]","[0.39759597182273865, 0.6024040579795837]",0.6024040579795837
00025601.npy,0,1,"[-0.21184441447257996, 0.2066386640071869]","[0.39687979221343994, 0.6031202077865601]",0.6031202077865601
00025602.npy,0,1,"[0.04423363506793976, 0.36240845918655396]","[0.42112061381340027, 0.5788793563842773]",0.5788793563842773
00025603.npy,1,1,"[-0.014672890305519104, 0.1411774456501007]","[0.46111610531806946, 0.5388839244842529]",0.5388839244842529
00025604.npy,1,1,"[-0.1819721758365631, 0.5644224286079407]","[0.321607381105423, 0.6783925890922546]",0.6783925890922546
00025605.npy,0,1,"[-0.1090218797326088, 0.255799800157547]","[0.40979287028312683, 0.5902070999145508]",0.5902070999145508
00025606.npy,0,1,"[0.051937200129032135, 0.42720696330070496]","[0.4072682857513428, 0.5927317142486572]",0.5927317142486572
00025607.npy,0,1,"[-0.2783483564853668, 0.13573721051216125]","[0.39793288707733154, 0.6020671129226685]",0.6020671129226685
00025608.npy,0,1,"[0.10181542485952377, 0.7939062714576721]","[0.33356812596321106, 0.6664319038391113]",0.6664319038391113
00025609.npy,0,1,"[-0.3511379361152649, 0.11907067149877548]","[0.38456687331199646, 0.6154330968856812]",0.6154330968856812
00025610.npy,0,1,"[0.03839576244354248, 0.2837403118610382]","[0.4389696717262268, 0.5610302686691284]",0.5610302686691284
00025611.npy,0,1,"[-0.13049310445785522, 0.2639843225479126]","[0.4026399254798889, 0.5973600745201111]",0.5973600745201111
00025612.npy,0,1,"[-0.1425878256559372, 0.20648130774497986]","[0.4136081635951996, 0.586391806602478]",0.586391806602478
00025613.npy,0,1,"[0.05844400078058243, 0.3457057476043701]","[0.4286743700504303, 0.5713256597518921]",0.5713256597518921
00025614.npy,0,1,"[-0.06413670629262924, 0.08483705669641495]","[0.4628252685070038, 0.5371747016906738]",0.5371747016906738
00025615.npy,0,1,"[-0.09254014492034912, 0.33193740248680115]","[0.3954458236694336, 0.6045542359352112]",0.6045542359352112
00025616.npy,0,1,"[-0.10375043749809265, 0.4448600709438324]","[0.36618682742118835, 0.6338131427764893]",0.6338131427764893
00025617.npy,0,1,"[0.09269864112138748, 0.5743898153305054]","[0.3818528354167938, 0.6181471347808838]",0.6181471347808838
00025618.npy,0,1,"[-0.0685969814658165, 0.20621702075004578]","[0.4317256510257721, 0.5682743787765503]",0.5682743787765503
00025619.npy,0,1,"[0.009078506380319595, 0.3097580075263977]","[0.42539137601852417, 0.5746086239814758]",0.5746086239814758
00025620.npy,0,1,"[-0.14408808946609497, 0.45567747950553894]","[0.35439732670783997, 0.6456027030944824]",0.6456027030944824
00025621.npy,0,1,"[0.19951355457305908, 0.4711019694805145]","[0.4325172007083893, 0.5674828290939331]",0.5674828290939331
00025622.npy,0,1,"[-0.22049078345298767, -0.058841194957494736]","[0.4596754014492035, 0.5403246283531189]",0.5403246283531189
00025623.npy,0,1,"[-0.06901426613330841, 0.1640692949295044]","[0.44199150800704956, 0.5580085515975952]",0.5580085515975952
00025624.npy,0,1,"[0.05447851121425629, 0.4851273000240326]","[0.39397141337394714, 0.6060286164283752]",0.6060286164283752
00025625.npy,0,1,"[-0.101764015853405, 0.137046217918396]","[0.4405795931816101, 0.5594204664230347]",0.5594204664230347
00025626.npy,0,1,"[0.08861290663480759, 0.46254876255989075]","[0.4075903296470642, 0.5924096703529358]",0.5924096703529358
00025627.npy,0,1,"[-0.02758311852812767, 0.3955055773258209]","[0.3957779109477997, 0.6042221188545227]",0.6042221188545227
00025628.npy,0,1,"[-0.25215646624565125, 0.5438811182975769]","[0.31087377667427063, 0.689126193523407]",0.689126193523407
00025629.npy,0,1,"[-0.1296829879283905, 0.26772987842559814]","[0.40193408727645874, 0.5980659127235413]",0.5980659127235413
00025630.npy,0,1,"[-0.07859426736831665, 0.4337413012981415]","[0.3746461868286133, 0.6253538131713867]",0.6253538131713867
00025631.npy,0,1,"[-0.07030485570430756, 0.7333707809448242]","[0.30923980474472046, 0.6907601356506348]",0.6907601356506348
00025632.npy,0,1,"[0.2607654333114624, 1.1279627084732056]","[0.2958378195762634, 0.7041621804237366]",0.7041621804237366
00025633.npy,0,1,"[0.11994893103837967, 0.35636404156684875]","[0.44116997718811035, 0.5588300228118896]",0.5588300228118896
00025634.npy,0,1,"[-0.15358105301856995, 0.1510474681854248]","[0.424426406621933, 0.5755735635757446]",0.5755735635757446
00025635.npy,0,1,"[-0.25808700919151306, 0.1631261706352234]","[0.3962264657020569, 0.6037734746932983]",0.6037734746932983
00025636.npy,0,1,"[-0.19812098145484924, -0.03298288583755493]","[0.4588090479373932, 0.5411909222602844]",0.5411909222602844
00025637.npy,0,1,"[-0.4104672074317932, 0.12642285227775574]","[0.3689113259315491, 0.6310886740684509]",0.6310886740684509
00025638.npy,0,1,"[-0.014830492436885834, 0.312863826751709]","[0.41880175471305847, 0.5811982750892639]",0.5811982750892639
00025639.npy,0,1,"[-0.27241867780685425, 0.027029000222682953]","[0.42569249868392944, 0.5743075013160706]",0.5743075013160706
00025640.npy,0,1,"[0.07461567968130112, 0.45267000794410706]","[0.40659624338150024, 0.5934037566184998]",0.5934037566184998
00025641.npy,0,1,"[-0.0010635629296302795, 0.31995075941085815]","[0.4204285740852356, 0.5795714259147644]",0.5795714259147644
00025642.npy,0,1,"[0.23476266860961914, 0.37129443883895874]","[0.46592000126838684, 0.5340800285339355]",0.5340800285339355
00025643.npy,0,1,"[-0.22491195797920227, 0.061972275376319885]","[0.42876681685447693, 0.5712331533432007]",0.5712331533432007
00025644.npy,0,1,"[0.10517934709787369, 0.5168843269348145]","[0.3985033631324768, 0.6014966368675232]",0.6014966368675232
00025645.npy,0,1,"[-0.11510463804006577, 0.17320048809051514]","[0.4284188449382782, 0.5715811848640442]",0.5715811848640442
00025646.npy,0,1,"[-0.15140382945537567, 0.20022881031036377]","[0.4129865765571594, 0.5870134234428406]",0.5870134234428406
00025647.npy,0,1,"[-0.0031917057931423187, 0.42086267471313477]","[0.39554697275161743, 0.6044530868530273]",0.6044530868530273
00025648.npy,0,1,"[-0.10679616779088974, 0.25393885374069214]","[0.4107816517353058, 0.5892183780670166]",0.5892183780670166
00025649.npy,0,1,"[0.10701724141836166, 0.7404157519340515]","[0.34674033522605896, 0.6532596945762634]",0.6532596945762634
00025650.npy,0,1,"[0.17472389340400696, 0.8121187090873718]","[0.34583568572998047, 0.6541643142700195]",0.6541643142700195
00025651.npy,0,1,"[0.08814079314470291, 0.5088036060333252]","[0.3963581621646881, 0.6036418676376343]",0.6036418676376343
00025652.npy,0,1,"[-0.1190379410982132, 0.2319038212299347]","[0.4131540358066559, 0.5868459343910217]",0.5868459343910217
00025653.npy,0,1,"[-0.17066803574562073, 0.1648693084716797]","[0.4168938994407654, 0.5831060409545898]",0.5831060409545898
00025654.npy,0,1,"[-0.1366579830646515, 0.19232359528541565]","[0.418488472700119, 0.5815115571022034]",0.5815115571022034
00025655.npy,0,1,"[-0.009569231420755386, 0.285534530878067]","[0.42675483226776123, 0.5732451677322388]",0.5732451677322388
00025656.npy,0,1,"[-0.2027682363986969, 0.20171555876731873]","[0.40023553371429443, 0.5997644662857056]",0.5997644662857056
00025657.npy,0,1,"[-0.05856963247060776, 0.37566331028938293]","[0.3931159973144531, 0.6068840026855469]",0.6068840026855469
00025658.npy,0,1,"[-0.308963805437088, -0.04761991649866104]","[0.43503338098526, 0.56496661901474]",0.56496661901474
00025659.npy,0,1,"[-0.14008818566799164, 0.08572863787412643]","[0.4437845051288605, 0.5562155246734619]",0.5562155246734619
00025660.npy,0,1,"[0.1878940463066101, 0.40925052762031555]","[0.4448857605457306, 0.5551142692565918]",0.5551142692565918
00025661.npy,0,1,"[0.029480792582035065, 0.44824543595314026]","[0.396812379360199, 0.6031875610351562]",0.6031875610351562
00025662.npy,0,1,"[0.03551408648490906, 0.3002936840057373]","[0.4341891407966614, 0.5658108592033386]",0.5658108592033386
00025663.npy,0,1,"[-0.003973264247179031, 0.28745216131210327]","[0.4276549518108368, 0.5723450779914856]",0.5723450779914856
00025664.npy,0,1,"[0.01737615466117859, 0.36166706681251526]","[0.4147675335407257, 0.5852324366569519]",0.5852324366569519
00025665.npy,0,1,"[-0.18171575665473938, 0.31621062755584717]","[0.37802809476852417, 0.6219719052314758]",0.6219719052314758
00025666.npy,0,1,"[-0.1956380009651184, 0.2699372470378876]","[0.38566404581069946, 0.6143359541893005]",0.6143359541893005
00025667.npy,0,1,"[0.03264206647872925, 0.5107100009918213]","[0.38270846009254456, 0.6172915101051331]",0.6172915101051331
00025668.npy,0,1,"[-0.12848234176635742, 0.31485748291015625]","[0.3909454345703125, 0.6090545058250427]",0.6090545058250427
00025669.npy,0,1,"[-0.1481761485338211, 0.1903817355632782]","[0.41615983843803406, 0.5838401913642883]",0.5838401913642883
00025670.npy,0,1,"[-0.037161685526371, 0.45580872893333435]","[0.37919408082962036, 0.6208059191703796]",0.6208059191703796
00025671.npy,0,1,"[0.17971834540367126, 0.6424412131309509]","[0.38634008169174194, 0.6136599183082581]",0.6136599183082581
00025672.npy,0,1,"[0.0019243434071540833, 0.36137640476226807]","[0.41109222173690796, 0.588907778263092]",0.588907778263092
00025673.npy,0,1,"[-0.21458333730697632, 0.23214665055274963]","[0.39013856649398804, 0.6098614931106567]",0.6098614931106567
00025674.npy,0,1,"[0.15683966875076294, 0.3667190372943878]","[0.447721928358078, 0.5522781014442444]",0.5522781014442444
00025675.npy,0,1,"[0.1197909340262413, 0.18956121802330017]","[0.4825645089149475, 0.5174354910850525]",0.5174354910850525
00025676.npy,0,1,"[0.030978456139564514, 0.5247807502746582]","[0.3789982497692108, 0.6210017204284668]",0.6210017204284668
00025677.npy,0,1,"[0.08590126782655716, 0.62285315990448]","[0.3688969314098358, 0.6311030387878418]",0.6311030387878418
00025678.npy,0,1,"[-0.15022137761116028, 0.20469850301742554]","[0.41218990087509155, 0.5878101587295532]",0.5878101587295532
00025679.npy,0,1,"[-0.04671933129429817, 0.44313541054725647]","[0.37992778420448303, 0.6200721859931946]",0.6200721859931946
00025680.npy,0,1,"[-0.20294639468193054, 0.1894460916519165]","[0.40314149856567383, 0.5968585014343262]",0.5968585014343262
00025681.npy,0,1,"[-0.06718582659959793, 0.21480092406272888]","[0.4299667477607727, 0.5700332522392273]",0.5700332522392273
00025682.npy,0,1,"[-0.1981355845928192, 0.31959521770477295]","[0.3733829855918884, 0.6266169548034668]",0.6266169548034668
00025683.npy,0,1,"[0.2196616232395172, 0.3487775921821594]","[0.46776577830314636, 0.532234251499176]",0.532234251499176
00025684.npy,0,1,"[-0.12740066647529602, 0.018552549183368683]","[0.4635763168334961, 0.5364236235618591]",0.5364236235618591
00025685.npy,0,1,"[0.09840307384729385, 0.6463136672973633]","[0.36634930968284607, 0.6336507201194763]",0.6336507201194763
00025686.npy,0,1,"[0.06470683962106705, 0.3958401083946228]","[0.417964905500412, 0.5820350646972656]",0.5820350646972656
00025687.npy,0,1,"[0.014910496771335602, 0.47760000824928284]","[0.3863479793071747, 0.6136519908905029]",0.6136519908905029
00025688.npy,0,1,"[-0.24216443300247192, 0.3530852496623993]","[0.3554312288761139, 0.6445687413215637]",0.6445687413215637
00025689.npy,0,1,"[-0.06905576586723328, 0.242118239402771]","[0.42282822728157043, 0.577171802520752]",0.577171802520752
00025690.npy,0,1,"[-0.20083051919937134, 0.290901780128479]","[0.3794856071472168, 0.620514452457428]",0.620514452457428
00025691.npy,0,0,"[0.09024892002344131, 0.08397699147462845]","[0.5015679597854614, 0.4984320402145386]",0.4984320402145386
00025692.npy,0,1,"[-0.05639766529202461, 0.1316077709197998]","[0.4531366229057312, 0.5468634366989136]",0.5468634366989136
00025693.npy,0,1,"[0.09410672634840012, 0.49595406651496887]","[0.40086856484413147, 0.5991314053535461]",0.5991314053535461
00025694.npy,0,1,"[-0.13944855332374573, 0.23282119631767273]","[0.4079926908016205, 0.5920072793960571]",0.5920072793960571
00025695.npy,0,1,"[-0.035991109907627106, 0.33528244495391846]","[0.40823331475257874, 0.5917666554450989]",0.5917666554450989
00025696.npy,0,1,"[-0.16430456936359406, 0.1374177634716034]","[0.4251364767551422, 0.5748634934425354]",0.5748634934425354
00025697.npy,0,1,"[0.00793534517288208, 0.42691123485565186]","[0.39676180481910706, 0.6032381653785706]",0.6032381653785706
00025698.npy,0,1,"[-0.1775374710559845, 0.21805858612060547]","[0.4023709297180176, 0.5976291298866272]",0.5976291298866272
00025699.npy,0,1,"[0.014364063739776611, 0.20712408423423767]","[0.45195865631103516, 0.5480413436889648]",0.5480413436889648
00025700.npy,0,1,"[0.015908338129520416, 0.16701409220695496]","[0.4622952938079834, 0.5377047657966614]",0.5377047657966614
00025701.npy,0,1,"[-0.025750579312443733, 0.05514432489871979]","[0.47978729009628296, 0.520212709903717]",0.520212709903717
00025702.npy,0,1,"[-0.04829661175608635, 0.24198371171951294]","[0.42793527245521545, 0.5720647573471069]",0.5720647573471069
00025703.npy,0,1,"[0.1098860576748848, 0.21450451016426086]","[0.4738692045211792, 0.5261307954788208]",0.5261307954788208
00025704.npy,0,1,"[-0.029557036235928535, 0.2888745367527008]","[0.4210580289363861, 0.5789419412612915]",0.5789419412612915
00025705.npy,0,1,"[-0.06919608265161514, 0.40483587980270386]","[0.3836624026298523, 0.6163376569747925]",0.6163376569747925
00025706.npy,0,1,"[-0.06795372813940048, 0.39112821221351624]","[0.3872036337852478, 0.6127963662147522]",0.6127963662147522
00025707.npy,0,1,"[-0.14612478017807007, 0.4839843809604645]","[0.3474857807159424, 0.6525142192840576]",0.6525142192840576
00025708.npy,0,1,"[0.006135281175374985, 0.18394485116004944]","[0.45566436648368835, 0.544335663318634]",0.544335663318634
00025709.npy,0,1,"[-0.09287989884614944, 0.22085756063461304]","[0.4222027361392975, 0.5777972936630249]",0.5777972936630249
00025710.npy,0,1,"[-0.09211654961109161, 0.25007688999176025]","[0.41527676582336426, 0.5847232341766357]",0.5847232341766357
00025711.npy,0,1,"[-0.19251486659049988, 0.519923210144043]","[0.32906031608581543, 0.6709396243095398]",0.6709396243095398
00025712.npy,0,1,"[0.09532918781042099, 0.4416596591472626]","[0.4142725467681885, 0.5857274532318115]",0.5857274532318115
00025713.npy,0,1,"[0.17692989110946655, 0.3535093069076538]","[0.45596951246261597, 0.544030487537384]",0.544030487537384
00025714.npy,0,1,"[0.13856041431427002, 0.5313193202018738]","[0.403053343296051, 0.596946656703949]",0.596946656703949
00025715.npy,0,1,"[0.029423266649246216, 0.3062014877796173]","[0.4312438368797302, 0.5687562227249146]",0.5687562227249146
00025716.npy,0,1,"[-0.10269723832607269, 0.05059516429901123]","[0.4617517590522766, 0.5382481813430786]",0.5382481813430786
00025717.npy,0,1,"[-0.015178102999925613, 0.2653573751449585]","[0.4303224980831146, 0.569677472114563]",0.569677472114563
00025718.npy,0,1,"[-0.03149601072072983, 0.23440662026405334]","[0.4339132606983185, 0.5660867094993591]",0.5660867094993591
00025719.npy,0,1,"[0.029446370899677277, 0.16066694259643555]","[0.4672418534755707, 0.5327581167221069]",0.5327581167221069
00025720.npy,0,1,"[-0.14388227462768555, 0.3651253283023834]","[0.37542620301246643, 0.6245737671852112]",0.6245737671852112
00025721.npy,0,1,"[-0.25255057215690613, 0.14487847685813904]","[0.40193018317222595, 0.5980697870254517]",0.5980697870254517
00025722.npy,0,1,"[-0.22190359234809875, 0.30870866775512695]","[0.3703741133213043, 0.6296259164810181]",0.6296259164810181
00025723.npy,0,1,"[-0.15533447265625, 0.20499086380004883]","[0.41088080406188965, 0.5891191959381104]",0.5891191959381104
00025724.npy,0,1,"[-0.11432994157075882, 0.37909385561943054]","[0.37908735871315, 0.6209126114845276]",0.6209126114845276
00025725.npy,1,1,"[-0.014339983463287354, 0.4557659327983856]","[0.38459116220474243, 0.6154088377952576]",0.6154088377952576
00025726.npy,0,1,"[-0.19116711616516113, 0.1820322871208191]","[0.4077681601047516, 0.592231810092926]",0.592231810092926
00025727.npy,0,1,"[-0.03698977455496788, 0.3265983760356903]","[0.41009125113487244, 0.5899087190628052]",0.5899087190628052
00025728.npy,0,1,"[-0.13190415501594543, 0.47549256682395935]","[0.35265329480171204, 0.6473467350006104]",0.6473467350006104
00025729.npy,0,1,"[-0.033317528665065765, 0.3125663101673126]","[0.41438090801239014, 0.5856190919876099]",0.5856190919876099
00025730.npy,0,1,"[0.01574288308620453, 0.3104253113269806]","[0.42685791850090027, 0.5731420516967773]",0.5731420516967773
00025731.npy,0,1,"[-0.20987951755523682, 0.15622186660766602]","[0.4094833731651306, 0.5905166268348694]",0.5905166268348694
00025732.npy,0,1,"[0.08564408868551254, 0.5142318606376648]","[0.39446359872817993, 0.6055364012718201]",0.6055364012718201
00025733.npy,0,1,"[-0.11012393236160278, 0.2944221496582031]","[0.4002205729484558, 0.5997793674468994]",0.5997793674468994
00025734.npy,0,1,"[0.043352991342544556, 0.46305838227272034]","[0.3965872824192047, 0.6034127473831177]",0.6034127473831177
00025735.npy,0,1,"[-0.2291189730167389, 0.1492425799369812]","[0.40652212500572205, 0.5934779047966003]",0.5934779047966003
00025736.npy,0,1,"[0.0031043030321598053, 0.2718793451786041]","[0.4332078695297241, 0.5667921900749207]",0.5667921900749207
00025737.npy,0,1,"[-0.060168374329805374, 0.21719691157341003]","[0.4310998022556305, 0.5689001679420471]",0.5689001679420471
00025738.npy,0,1,"[-0.13615138828754425, 0.3277777433395386]","[0.3860541582107544, 0.6139458417892456]",0.6139458417892456
00025739.npy,0,1,"[-0.057941701263189316, 0.42286375164985657]","[0.3820619285106659, 0.6179380416870117]",0.6179380416870117
00025740.npy,0,1,"[-0.04046008363366127, 0.6605140566825867]","[0.3315962851047516, 0.6684037446975708]",0.6684037446975708
00025741.npy,0,1,"[-0.43680623173713684, 0.17052486538887024]","[0.35266825556755066, 0.6473317742347717]",0.6473317742347717
00025742.npy,0,1,"[0.131013423204422, 0.476569265127182]","[0.41446051001548767, 0.5855394601821899]",0.5855394601821899
00025743.npy,0,1,"[-0.02910682000219822, 0.3637383282184601]","[0.4030326008796692, 0.5969674587249756]",0.5969674587249756
00025744.npy,0,1,"[-0.22381773591041565, 0.2576877176761627]","[0.3818967044353485, 0.6181032657623291]",0.6181032657623291
00025745.npy,0,1,"[-0.029578927904367447, 0.5014439821243286]","[0.37027832865715027, 0.6297216415405273]",0.6297216415405273
00025746.npy,0,1,"[-0.21072986721992493, 0.24203065037727356]","[0.3887046277523041, 0.6112953424453735]",0.6112953424453735
00025747.npy,0,1,"[0.1898423135280609, 0.597374439239502]","[0.39950400590896606, 0.6004959940910339]",0.6004959940910339
00025748.npy,0,1,"[0.06586000323295593, 0.5729866623878479]","[0.3758673369884491, 0.6241326928138733]",0.6241326928138733
00025749.npy,0,1,"[-0.013649370521306992, 0.563971221446991]","[0.3594802916049957, 0.6405197381973267]",0.6405197381973267
00025750.npy,0,1,"[-0.016210272908210754, 0.13112479448318481]","[0.46323272585868835, 0.5367672443389893]",0.5367672443389893
00025751.npy,0,1,"[-0.3655671775341034, 0.07225064188241959]","[0.3922610878944397, 0.6077389121055603]",0.6077389121055603
00025752.npy,0,1,"[0.06500852108001709, 0.34055855870246887]","[0.43154507875442505, 0.568454921245575]",0.568454921245575
00025753.npy,0,1,"[-0.12445080280303955, 0.3068961799144745]","[0.39380475878715515, 0.6061952710151672]",0.6061952710151672
00025754.npy,0,1,"[0.021234773099422455, 0.37301701307296753]","[0.412950336933136, 0.5870497226715088]",0.5870497226715088
00025755.npy,0,1,"[0.09196501225233078, 0.4275515377521515]","[0.4168819785118103, 0.5831180810928345]",0.5831180810928345
00025756.npy,0,1,"[0.048662662506103516, 0.20395693182945251]","[0.4612542688846588, 0.5387457013130188]",0.5387457013130188
00025757.npy,0,1,"[0.0386616587638855, 0.1763884425163269]","[0.4656226634979248, 0.53437739610672]",0.53437739610672
00025758.npy,0,1,"[0.010329179465770721, 0.33105915784835815]","[0.420497864484787, 0.5795021057128906]",0.5795021057128906
00025759.npy,0,1,"[-0.32745131850242615, 0.11156804114580154]","[0.39197462797164917, 0.608025312423706]",0.608025312423706
00025760.npy,0,1,"[-0.10052621364593506, 0.2678804099559784]","[0.4089260697364807, 0.5910738706588745]",0.5910738706588745
00025761.npy,0,1,"[0.07123471796512604, 0.46278366446495056]","[0.4033445119857788, 0.596655547618866]",0.596655547618866
00025762.npy,0,1,"[-0.3151479661464691, 0.01770879328250885]","[0.4175456762313843, 0.582454264163971]",0.582454264163971
00025763.npy,0,1,"[0.0697067603468895, 0.8369370102882385]","[0.317078560590744, 0.6829214096069336]",0.6829214096069336
00025764.npy,0,1,"[-0.06385844200849533, 0.2686229944229126]","[0.4176369905471802, 0.5823630094528198]",0.5823630094528198
00025765.npy,0,1,"[-0.07929101586341858, 0.44720783829689026]","[0.3713338077068329, 0.6286661624908447]",0.6286661624908447
00025766.npy,0,1,"[-0.14421707391738892, 0.19160476326942444]","[0.4168247580528259, 0.5831751823425293]",0.5831751823425293
00025767.npy,0,1,"[0.015274465084075928, 0.5193786025047302]","[0.37657666206359863, 0.6234233379364014]",0.6234233379364014
00025768.npy,0,1,"[0.16516727209091187, 0.6793481707572937]","[0.37421393394470215, 0.6257860660552979]",0.6257860660552979
00025769.npy,0,1,"[-0.24766328930854797, 0.06737849861383438]","[0.42188456654548645, 0.5781154036521912]",0.5781154036521912
00025770.npy,0,1,"[0.05149418115615845, 0.4740491807460785]","[0.3959054946899414, 0.6040944457054138]",0.6040944457054138
00025771.npy,0,1,"[-0.02462410368025303, 0.2647113502025604]","[0.42816653847694397, 0.5718334317207336]",0.5718334317207336
00025772.npy,0,1,"[-0.0746791809797287, 0.3392716646194458]","[0.3979651927947998, 0.602034866809845]",0.602034866809845
00025773.npy,0,1,"[0.169651597738266, 0.49640730023384094]","[0.41903021931648254, 0.5809697508811951]",0.5809697508811951
00025774.npy,0,1,"[-0.11300338059663773, 0.10716942697763443]","[0.4451780915260315, 0.5548219084739685]",0.5548219084739685
00025775.npy,0,1,"[0.029963262379169464, 0.4129573404788971]","[0.4054049551486969, 0.5945950150489807]",0.5945950150489807
00025776.npy,0,1,"[-0.1803743839263916, 0.02893935889005661]","[0.44786176085472107, 0.5521382093429565]",0.5521382093429565
00025777.npy,0,1,"[-0.14900794625282288, 0.09958881884813309]","[0.4381689131259918, 0.5618311166763306]",0.5618311166763306
00025778.npy,0,1,"[-0.12455395609140396, 0.07487688213586807]","[0.45030686259269714, 0.5496931076049805]",0.5496931076049805
00025779.npy,0,1,"[-0.09349703788757324, 0.17696186900138855]","[0.4327944219112396, 0.567205548286438]",0.567205548286438
00025780.npy,0,1,"[-0.07626456022262573, 0.5651858448982239]","[0.34491875767707825, 0.6550812721252441]",0.6550812721252441
00025781.npy,0,1,"[-0.05079582706093788, 0.3912052512168884]","[0.39126425981521606, 0.6087357401847839]",0.6087357401847839
00025782.npy,0,1,"[0.008405528962612152, 0.5963355302810669]","[0.3571099042892456, 0.6428900361061096]",0.6428900361061096
00025783.npy,0,1,"[0.06015732139348984, 0.4993520677089691]","[0.3919328451156616, 0.6080670952796936]",0.6080670952796936
00025784.npy,0,1,"[-0.26292264461517334, -0.06658753007650375]","[0.4510732889175415, 0.5489267110824585]",0.5489267110824585
00025785.npy,0,1,"[0.03764786571264267, 0.5122025012969971]","[0.38353875279426575, 0.6164612174034119]",0.6164612174034119
00025786.npy,0,1,"[0.016526661813259125, 0.21713891625404358]","[0.45001447200775146, 0.5499855279922485]",0.5499855279922485
00025787.npy,0,1,"[-0.043096549808979034, 0.6498310565948486]","[0.33338212966918945, 0.6666178703308105]",0.6666178703308105
00025788.npy,0,1,"[-0.40885987877845764, 0.15041950345039368]","[0.36371421813964844, 0.6362857818603516]",0.6362857818603516
00025789.npy,0,1,"[0.025402307510375977, 0.2063700556755066]","[0.45488113164901733, 0.5451189279556274]",0.5451189279556274
00025790.npy,0,1,"[-0.29488152265548706, -0.11873595416545868]","[0.45607709884643555, 0.5439228415489197]",0.5439228415489197
00025791.npy,0,1,"[-0.03408249095082283, 0.3671933710575104]","[0.4010058641433716, 0.5989941954612732]",0.5989941954612732
00025792.npy,0,1,"[0.027521736919879913, 0.5182623267173767]","[0.3797191083431244, 0.6202808618545532]",0.6202808618545532
00025793.npy,0,1,"[-0.012796219438314438, 0.31076472997665405]","[0.41980814933776855, 0.5801918506622314]",0.5801918506622314
00025794.npy,0,1,"[0.06597189605236053, 0.1889514923095703]","[0.4692938029766083, 0.5307062268257141]",0.5307062268257141
00025795.npy,0,1,"[-0.239180326461792, 0.32086676359176636]","[0.3635365664958954, 0.6364634037017822]",0.6364634037017822
00025796.npy,0,1,"[-0.17814677953720093, 0.1977173089981079]","[0.4071248173713684, 0.5928752422332764]",0.5928752422332764
00025797.npy,0,1,"[0.001879476010799408, 0.46647968888282776]","[0.38589513301849365, 0.6141049265861511]",0.6141049265861511
00025798.npy,0,1,"[0.20463097095489502, 0.591496467590332]","[0.40447208285331726, 0.5955278873443604]",0.5955278873443604
00025799.npy,0,1,"[-0.10025256872177124, 0.36061739921569824]","[0.38677945733070374, 0.6132205128669739]",0.6132205128669739
00025800.npy,0,1,"[-0.10426352173089981, 0.2652909755706787]","[0.40864866971969604, 0.591351330280304]",0.591351330280304
00025801.npy,0,1,"[-0.12468747049570084, 0.3263494074344635]","[0.38911426067352295, 0.6108856797218323]",0.6108856797218323
00025802.npy,0,1,"[0.015072979032993317, 0.39535030722618103]","[0.40606001019477844, 0.593940019607544]",0.593940019607544
00025803.npy,0,1,"[-0.06989219039678574, 0.30148154497146606]","[0.4082091152667999, 0.5917909145355225]",0.5917909145355225
00025804.npy,0,1,"[-0.18980368971824646, 0.22198140621185303]","[0.39848417043685913, 0.6015158295631409]",0.6015158295631409
00025805.npy,1,1,"[-0.5086126923561096, 0.07039327174425125]","[0.3591613471508026, 0.640838623046875]",0.640838623046875
00025806.npy,0,1,"[-0.359525203704834, 0.04221440106630325]","[0.4008944630622864, 0.5991055965423584]",0.5991055965423584
00025807.npy,0,1,"[0.17411544919013977, 0.6468756198883057]","[0.38396313786506653, 0.6160368323326111]",0.6160368323326111
00025808.npy,0,1,"[0.1840229034423828, 0.8065937161445618]","[0.34919700026512146, 0.6508030295372009]",0.6508030295372009
00025809.npy,0,1,"[0.06068016588687897, 0.7796584367752075]","[0.3276180326938629, 0.6723819971084595]",0.6723819971084595
00025810.npy,0,1,"[-0.03787259757518768, 0.40467569231987]","[0.3911339342594147, 0.6088660359382629]",0.6088660359382629
00025811.npy,0,1,"[0.012917764484882355, 0.1813010275363922]","[0.45800337195396423, 0.5419966578483582]",0.5419966578483582
00025812.npy,0,1,"[-0.2370627224445343, 0.04079902172088623]","[0.43097808957099915, 0.5690218806266785]",0.5690218806266785
00025813.npy,0,1,"[-0.2356354296207428, 0.2505693733692169]","[0.38078799843788147, 0.6192119717597961]",0.6192119717597961
00025814.npy,0,1,"[-0.011295009404420853, 0.2778981328010559]","[0.42820143699645996, 0.5717986226081848]",0.5717986226081848
00025815.npy,0,1,"[-0.17154373228549957, 0.5415061712265015]","[0.3289252817630768, 0.6710747480392456]",0.6710747480392456
00025816.npy,0,1,"[-0.0009466037154197693, 0.4659377634525299]","[0.3853539228439331, 0.6146460175514221]",0.6146460175514221
00025817.npy,0,1,"[-0.15938127040863037, 0.20249387621879578]","[0.4105057120323181, 0.5894942879676819]",0.5894942879676819
00025818.npy,0,1,"[0.0033204294741153717, 0.44465747475624084]","[0.39142245054244995, 0.6085776090621948]",0.6085776090621948
00025819.npy,0,1,"[-0.0344526469707489, 0.40260303020477295]","[0.3924427628517151, 0.6075572371482849]",0.6075572371482849
00025820.npy,0,1,"[-0.23426255583763123, 0.4813046157360077]","[0.3283698856830597, 0.6716301441192627]",0.6716301441192627
00025821.npy,0,1,"[0.05634105205535889, 0.5528379082679749]","[0.3783642649650574, 0.6216357350349426]",0.6216357350349426
00025822.npy,0,1,"[-0.3017813265323639, 0.25981006026268005]","[0.3631792962551117, 0.6368206739425659]",0.6368206739425659
00025823.npy,0,1,"[0.034669533371925354, 0.31363555788993835]","[0.43070727586746216, 0.5692927241325378]",0.5692927241325378
00025824.npy,0,1,"[-0.08161807060241699, 0.41778507828712463]","[0.3776809275150299, 0.6223190426826477]",0.6223190426826477
00025825.npy,0,1,"[0.05619464069604874, 0.42969781160354614]","[0.40769481658935547, 0.5923052430152893]",0.5923052430152893
00025826.npy,0,1,"[-0.20653700828552246, 0.31025615334510803]","[0.37360242009162903, 0.6263976097106934]",0.6263976097106934
00025827.npy,0,1,"[-0.13139796257019043, 0.5937223434448242]","[0.32626649737358093, 0.6737335324287415]",0.6737335324287415
00025828.npy,0,1,"[-0.3381488621234894, 0.16305187344551086]","[0.3772585690021515, 0.6227414608001709]",0.6227414608001709
00025829.npy,0,1,"[0.25804322957992554, 0.6297542452812195]","[0.4081276059150696, 0.5918723344802856]",0.5918723344802856
00025830.npy,0,1,"[-0.3835896849632263, 0.2981945276260376]","[0.3358631730079651, 0.6641367673873901]",0.6641367673873901
00025831.npy,0,1,"[-0.1852441430091858, 0.1419805884361267]","[0.4189160466194153, 0.5810839533805847]",0.5810839533805847
00025832.npy,0,1,"[0.016380347311496735, 0.15100929141044617]","[0.46639353036880493, 0.5336065292358398]",0.5336065292358398
00025833.npy,0,1,"[-0.1353224217891693, 0.08195845037698746]","[0.44589248299598694, 0.5541074872016907]",0.5541074872016907
00025834.npy,0,1,"[0.23905903100967407, 0.6450256109237671]","[0.39987966418266296, 0.6001203060150146]",0.6001203060150146
00025835.npy,0,1,"[-0.060617055743932724, 0.17500993609428406]","[0.4413642883300781, 0.5586357116699219]",0.5586357116699219
00025836.npy,0,1,"[0.052967771887779236, 0.3039208948612213]","[0.4375889301300049, 0.5624110698699951]",0.5624110698699951
00025837.npy,0,1,"[0.03294292092323303, 0.5382972359657288]","[0.376283198595047, 0.6237167716026306]",0.6237167716026306
00025838.npy,0,1,"[0.20112019777297974, 0.3829506039619446]","[0.45466724038124084, 0.5453327894210815]",0.5453327894210815
00025839.npy,0,1,"[-0.33458492159843445, 0.1117311492562294]","[0.390237033367157, 0.609762966632843]",0.609762966632843
00025840.npy,0,1,"[-0.06857427954673767, 0.420157253742218]","[0.38019242882728577, 0.6198075413703918]",0.6198075413703918
00025841.npy,0,1,"[-0.2160148024559021, -0.018492218106985092]","[0.4507792592048645, 0.5492206811904907]",0.5492206811904907
00025842.npy,0,1,"[-0.2613687217235565, 0.304669588804245]","[0.36215147376060486, 0.6378485560417175]",0.6378485560417175
00025843.npy,0,1,"[-0.13897623121738434, 0.3656642735004425]","[0.3764507472515106, 0.623549222946167]",0.623549222946167
00025844.npy,0,1,"[0.031851187348365784, 0.27479487657546997]","[0.43956106901168823, 0.5604389309883118]",0.5604389309883118
00025845.npy,0,1,"[-0.07373170554637909, 0.6580966114997864]","[0.32479363679885864, 0.6752063035964966]",0.6752063035964966
00025846.npy,0,1,"[0.05963538587093353, 0.35578328371047974]","[0.42649945616722107, 0.5735005736351013]",0.5735005736351013
00025847.npy,0,1,"[-0.07348570227622986, 0.27770179510116577]","[0.41309449076652527, 0.5869055390357971]",0.5869055390357971
00025848.npy,0,1,"[-0.08397697657346725, 0.32639920711517334]","[0.3988219201564789, 0.6011780500411987]",0.6011780500411987
00025849.npy,0,1,"[-0.34100446105003357, -0.2973933219909668]","[0.4890989363193512, 0.5109010338783264]",0.5109010338783264
00025850.npy,0,1,"[0.16386663913726807, 0.342427134513855]","[0.45547807216644287, 0.5445218682289124]",0.5445218682289124
00025851.npy,0,1,"[-0.3240699768066406, 0.12929105758666992]","[0.3885619342327118, 0.6114380359649658]",0.6114380359649658
00025852.npy,0,1,"[-0.09509281814098358, 0.5318353176116943]","[0.34820738434791565, 0.651792585849762]",0.651792585849762
00025853.npy,0,1,"[0.17471814155578613, 0.7094486951828003]","[0.36941424012184143, 0.630585789680481]",0.630585789680481
00025854.npy,0,1,"[0.10349153727293015, 0.32494667172431946]","[0.44486138224601746, 0.5551385879516602]",0.5551385879516602
00025855.npy,0,1,"[-0.2885633707046509, 0.007641144096851349]","[0.4264855682849884, 0.5735144019126892]",0.5735144019126892
00025856.npy,0,1,"[0.11189363151788712, 0.3495114743709564]","[0.44087347388267517, 0.5591265559196472]",0.5591265559196472
00025857.npy,0,1,"[0.012216947972774506, 0.30044999718666077]","[0.4284365177154541, 0.5715635418891907]",0.5715635418891907
00025858.npy,0,1,"[0.01913667470216751, 0.6527925729751587]","[0.346682071685791, 0.6533179879188538]",0.6533179879188538
00025859.npy,0,1,"[-0.0746540054678917, 0.3404304087162018]","[0.3976936340332031, 0.6023064255714417]",0.6023064255714417
00025860.npy,0,1,"[-0.23841464519500732, 0.07556413859128952]","[0.4221438765525818, 0.5778561234474182]",0.5778561234474182
00025861.npy,0,1,"[0.012884899973869324, 0.3986593186855316]","[0.40473493933677673, 0.5952650904655457]",0.5952650904655457
00025862.npy,0,1,"[-0.19847315549850464, 0.08493705838918686]","[0.4296179413795471, 0.5703820586204529]",0.5703820586204529
00025863.npy,0,1,"[-0.18129640817642212, 0.22323942184448242]","[0.400223046541214, 0.5997769832611084]",0.5997769832611084
00025864.npy,0,1,"[-0.09865213930606842, 0.12960481643676758]","[0.4431822597980499, 0.5568177700042725]",0.5568177700042725
00025865.npy,0,1,"[-0.05221430957317352, 0.26447945833206177]","[0.421481728553772, 0.5785183310508728]",0.5785183310508728
00025866.npy,0,1,"[0.13795426487922668, 0.4479188024997711]","[0.42312338948249817, 0.5768765807151794]",0.5768765807151794
00025867.npy,0,1,"[-0.0644046887755394, 0.43197497725486755]","[0.378391832113266, 0.6216081380844116]",0.6216081380844116
00025868.npy,0,1,"[-0.3378928601741791, 0.21552488207817078]","[0.3650718331336975, 0.6349281668663025]",0.6349281668663025
00025869.npy,0,1,"[-0.0710870772600174, 0.3079022169113159]","[0.4063706696033478, 0.5936293005943298]",0.5936293005943298
00025870.npy,0,1,"[-0.037830717861652374, 0.21013355255126953]","[0.43832460045814514, 0.5616753697395325]",0.5616753697395325
00025871.npy,0,1,"[0.014645494520664215, 0.5295456647872925]","[0.3740455210208893, 0.6259544491767883]",0.6259544491767883
00025872.npy,0,1,"[-0.06226402521133423, 0.4297317862510681]","[0.37942349910736084, 0.6205765008926392]",0.6205765008926392
00025873.npy,0,1,"[-0.09272417426109314, 0.17671483755111694]","[0.43304482102394104, 0.5669552087783813]",0.5669552087783813
00025874.npy,0,1,"[-0.20501980185508728, -0.0013073012232780457]","[0.449247270822525, 0.5507527589797974]",0.5507527589797974
00025875.npy,0,1,"[0.06506350636482239, 0.6247902512550354]","[0.36361071467399597, 0.6363893151283264]",0.6363893151283264
00025876.npy,0,1,"[-0.016582630574703217, 0.13760045170783997]","[0.4615304172039032, 0.5384696125984192]",0.5384696125984192
00025877.npy,0,1,"[-0.0964169055223465, 0.3384040296077728]","[0.39297571778297424, 0.6070242524147034]",0.6070242524147034
00025878.npy,0,1,"[-0.0024267546832561493, 0.584145188331604]","[0.3574218153953552, 0.6425782442092896]",0.6425782442092896
00025879.npy,0,1,"[-0.09091033786535263, 0.419495552778244]","[0.3750983774662018, 0.6249015927314758]",0.6249015927314758
00025880.npy,0,1,"[-0.054183799773454666, 0.21838924288749695]","[0.4322755038738251, 0.5677244663238525]",0.5677244663238525
00025881.npy,0,1,"[-0.07052895426750183, 0.36661863327026367]","[0.39242082834243774, 0.6075791120529175]",0.6075791120529175
00025882.npy,0,1,"[-0.11813950538635254, 0.4051463305950165]","[0.37208420038223267, 0.6279157400131226]",0.6279157400131226
00025883.npy,0,1,"[-0.007780861109495163, 0.20728787779808044]","[0.44643911719322205, 0.5535609126091003]",0.5535609126091003
00025884.npy,0,1,"[-0.01339365541934967, 0.8052191734313965]","[0.30605819821357727, 0.6939418315887451]",0.6939418315887451
00025885.npy,0,1,"[0.03143779933452606, 0.48282405734062195]","[0.38903123140335083, 0.610968828201294]",0.610968828201294
00025886.npy,0,1,"[0.008387085050344467, 0.3133319020271301]","[0.4243491590023041, 0.5756508708000183]",0.5756508708000183
00025887.npy,0,1,"[-0.07399657368659973, 0.041517384350299835]","[0.47115358710289, 0.5288464426994324]",0.5288464426994324
00025888.npy,0,1,"[-0.012268099933862686, 0.27210092544555664]","[0.42938297986984253, 0.5706170201301575]",0.5706170201301575
00025889.npy,0,1,"[-0.11781076341867447, 0.2952694892883301]","[0.39817380905151367, 0.6018262505531311]",0.6018262505531311
00025890.npy,0,1,"[-0.14981243014335632, 0.1926054060459137]","[0.41522225737571716, 0.5847777128219604]",0.5847777128219604
00025891.npy,0,1,"[0.058764807879924774, 0.382145494222641]","[0.41985204815864563, 0.580147922039032]",0.580147922039032
00025892.npy,0,1,"[-0.1436857283115387, 0.22090545296669006]","[0.4098486304283142, 0.5901514291763306]",0.5901514291763306
00025893.npy,0,1,"[0.3095053434371948, 0.3636978566646576]","[0.48645520210266113, 0.5135448575019836]",0.5135448575019836
00025894.npy,0,1,"[-0.2639848589897156, 0.047874003648757935]","[0.42266106605529785, 0.5773389339447021]",0.5773389339447021
00025895.npy,0,1,"[-0.26040148735046387, 0.12584319710731506]","[0.4046216309070587, 0.5953783392906189]",0.5953783392906189
00025896.npy,0,1,"[-0.2239120900630951, 0.13581517338752747]","[0.4110255837440491, 0.5889744162559509]",0.5889744162559509
00025897.npy,1,1,"[-0.12807397544384003, -0.045926205813884735]","[0.47947457432746887, 0.5205253958702087]",0.5205253958702087
00025898.npy,0,1,"[-0.3746929466724396, -0.019896965473890305]","[0.4122198820114136, 0.5877800583839417]",0.5877800583839417
00025899.npy,0,1,"[-0.1451370120048523, 0.26887381076812744]","[0.39795079827308655, 0.6020491719245911]",0.6020491719245911
00025900.npy,0,1,"[0.1447387933731079, 0.5222244262695312]","[0.4067334532737732, 0.593266487121582]",0.593266487121582
00025901.npy,0,1,"[-0.18959558010101318, 0.2613929510116577]","[0.3891257643699646, 0.6108742356300354]",0.6108742356300354
00025902.npy,0,1,"[-0.2514308989048004, 0.1302868127822876]","[0.40571269392967224, 0.5942873358726501]",0.5942873358726501
00025903.npy,0,1,"[0.022650890052318573, 0.6690226793289185]","[0.3438076078891754, 0.6561923623085022]",0.6561923623085022
00025904.npy,0,1,"[-0.23808175325393677, 0.019170671701431274]","[0.4360392391681671, 0.5639607310295105]",0.5639607310295105
00025905.npy,0,1,"[-0.14099490642547607, 0.26562047004699707]","[0.39972400665283203, 0.6002760529518127]",0.6002760529518127
00025906.npy,0,1,"[-0.06680691987276077, 0.4678879678249359]","[0.3694225251674652, 0.6305774450302124]",0.6305774450302124
00025907.npy,0,1,"[-0.02690897509455681, 0.5067715048789978]","[0.369658887386322, 0.630341112613678]",0.630341112613678
00025908.npy,0,1,"[0.012700006365776062, 0.3928431570529938]","[0.4060923755168915, 0.5939076542854309]",0.5939076542854309
00025909.npy,0,1,"[0.10982497781515121, 0.6063375473022461]","[0.3783605992794037, 0.6216394305229187]",0.6216394305229187
00025910.npy,0,1,"[-0.002744153141975403, 0.16040587425231934]","[0.45930275321006775, 0.5406972765922546]",0.5406972765922546
00025911.npy,0,1,"[-0.12890636920928955, 0.34733837842941284]","[0.3831392824649811, 0.6168607473373413]",0.6168607473373413
00025912.npy,0,1,"[0.19086283445358276, 0.6555768847465515]","[0.3858681619167328, 0.6141318678855896]",0.6141318678855896
00025913.npy,0,1,"[-0.0930827260017395, 0.360189288854599]","[0.38858309388160706, 0.6114168763160706]",0.6114168763160706
00025914.npy,0,1,"[-0.22789689898490906, 0.29155686497688293]","[0.3729799687862396, 0.627020001411438]",0.627020001411438
00025915.npy,0,1,"[-0.3513721227645874, 0.10742846876382828]","[0.38727042078971863, 0.6127296090126038]",0.6127296090126038
00025916.npy,0,1,"[-0.08604876697063446, 0.1982569694519043]","[0.42939847707748413, 0.5706015229225159]",0.5706015229225159
00025917.npy,0,1,"[-0.07164733856916428, 0.28904539346694946]","[0.41079190373420715, 0.5892081260681152]",0.5892081260681152
00025918.npy,0,1,"[-0.33676591515541077, 0.011868447065353394]","[0.41371363401412964, 0.5862863659858704]",0.5862863659858704
00025919.npy,0,1,"[-0.27718186378479004, -0.13626936078071594]","[0.46483004093170166, 0.5351699590682983]",0.5351699590682983
00025920.npy,0,1,"[-0.2503550052642822, -0.15940728783607483]","[0.47727876901626587, 0.5227212905883789]",0.5227212905883789
00025921.npy,0,1,"[0.11955245584249496, 0.36942535638809204]","[0.4378547966480255, 0.5621452331542969]",0.5621452331542969
00025922.npy,0,1,"[0.06955340504646301, 0.2709807753562927]","[0.44981271028518677, 0.5501872897148132]",0.5501872897148132
00025923.npy,0,1,"[-0.02211577445268631, 0.03888929635286331]","[0.48475345969200134, 0.5152465105056763]",0.5152465105056763
00025924.npy,0,1,"[-0.13134765625, 0.10921499878168106]","[0.4401476979255676, 0.5598522424697876]",0.5598522424697876
00025925.npy,0,1,"[0.015136033296585083, 0.3140827715396881]","[0.42581498622894287, 0.5741850137710571]",0.5741850137710571
00025926.npy,0,1,"[-0.3612861633300781, 0.006789244711399078]","[0.40900614857673645, 0.5909938216209412]",0.5909938216209412
00025927.npy,0,1,"[0.1543511152267456, 0.6879242658615112]","[0.3696838915348053, 0.6303161382675171]",0.6303161382675171
00025928.npy,0,1,"[-0.015352275222539902, 0.2981800138950348]","[0.4222528040409088, 0.5777472257614136]",0.5777472257614136
00025929.npy,0,1,"[-0.18155613541603088, 0.0736360028386116]","[0.4365459680557251, 0.5634540319442749]",0.5634540319442749
00025930.npy,0,1,"[-0.16460275650024414, 0.2854651212692261]","[0.38934460282325745, 0.6106553673744202]",0.6106553673744202
00025931.npy,0,1,"[-0.28560298681259155, 0.11901632696390152]","[0.40020298957824707, 0.5997969508171082]",0.5997969508171082
00025932.npy,0,1,"[-0.04364677146077156, 0.26713308691978455]","[0.4229243993759155, 0.5770756006240845]",0.5770756006240845
00025933.npy,0,1,"[0.0035831481218338013, 0.48758646845817566]","[0.3813072443008423, 0.6186927556991577]",0.6186927556991577
00025934.npy,0,1,"[0.06533662974834442, 0.6086027026176453]","[0.36742815375328064, 0.6325718760490417]",0.6325718760490417
00025935.npy,0,1,"[-0.055511824786663055, 0.245562344789505]","[0.4252949059009552, 0.5747050642967224]",0.5747050642967224
00025936.npy,0,1,"[-0.08864457160234451, 0.4786130487918854]","[0.36186984181404114, 0.6381301879882812]",0.6381301879882812
00025937.npy,0,1,"[-0.1463688611984253, 0.21873801946640015]","[0.4097238779067993, 0.5902761220932007]",0.5902761220932007
00025938.npy,0,1,"[-0.13881614804267883, 0.09187579900026321]","[0.442581444978714, 0.5574185848236084]",0.5574185848236084
00025939.npy,0,1,"[-0.0835140198469162, 0.2104892134666443]","[0.42702409625053406, 0.5729759335517883]",0.5729759335517883
00025940.npy,0,1,"[-0.276357501745224, 0.35627588629722595]","[0.3469136953353882, 0.6530863642692566]",0.6530863642692566
00025941.npy,0,1,"[-0.21849581599235535, 0.129509836435318]","[0.4138661324977875, 0.5861338376998901]",0.5861338376998901
00025942.npy,0,1,"[0.03960477560758591, 0.5452549457550049]","[0.37621378898620605, 0.623786211013794]",0.623786211013794
00025943.npy,0,1,"[0.04946134239435196, 0.235524982213974]","[0.4536178410053253, 0.5463821887969971]",0.5463821887969971
00025944.npy,0,1,"[0.0849110409617424, 0.2043834626674652]","[0.4701673686504364, 0.529832661151886]",0.529832661151886
00025945.npy,0,1,"[0.17081010341644287, 0.2314869463443756]","[0.4848354458808899, 0.5151645541191101]",0.5151645541191101
00025946.npy,0,1,"[0.1587478518486023, 0.5677585601806641]","[0.3991493582725525, 0.6008506417274475]",0.6008506417274475
00025947.npy,0,1,"[0.18516600131988525, 0.3428128659725189]","[0.46066969633102417, 0.5393303036689758]",0.5393303036689758
00025948.npy,0,0,"[-0.04198043420910835, -0.049235884100198746]","[0.5018138289451599, 0.4981861412525177]",0.4981861412525177
00025949.npy,1,1,"[0.1285233497619629, 0.2989548444747925]","[0.45749494433403015, 0.5425050258636475]",0.5425050258636475
00025950.npy,0,1,"[-0.07718819379806519, 0.16361334919929504]","[0.44008883833885193, 0.5599111318588257]",0.5599111318588257
00025951.npy,0,1,"[0.08104192465543747, 0.3251928389072418]","[0.4392636716365814, 0.5607362985610962]",0.5607362985610962
00025952.npy,0,1,"[-0.2757777273654938, -0.0751616358757019]","[0.45001351833343506, 0.5499864816665649]",0.5499864816665649
00025953.npy,0,1,"[-0.26468056440353394, 0.3586362600326538]","[0.34902748465538025, 0.6509725451469421]",0.6509725451469421
00025954.npy,0,1,"[-0.27652519941329956, 0.13694772124290466]","[0.39807966351509094, 0.6019203662872314]",0.6019203662872314
00025955.npy,0,1,"[-0.03233121335506439, 0.2379806935787201]","[0.4328305125236511, 0.5671694874763489]",0.5671694874763489
00025956.npy,0,1,"[-0.1368536353111267, 0.3026077151298523]","[0.39186933636665344, 0.608130693435669]",0.608130693435669
00025957.npy,0,1,"[0.15941110253334045, 0.49296000599861145]","[0.41737738251686096, 0.5826225876808167]",0.5826225876808167
00025958.npy,0,1,"[-0.07683016359806061, 0.25385215878486633]","[0.4180746078491211, 0.5819253921508789]",0.5819253921508789
00025959.npy,0,1,"[0.0085834339261055, 0.2219102382659912]","[0.4468696117401123, 0.5531303882598877]",0.5531303882598877
00025960.npy,0,1,"[-0.23145756125450134, 0.023472540080547333]","[0.4366104006767273, 0.5633895397186279]",0.5633895397186279
00025961.npy,0,1,"[-0.2621026933193207, 0.20765623450279236]","[0.3846732974052429, 0.6153266429901123]",0.6153266429901123
00025962.npy,0,1,"[-0.21942168474197388, -0.06649552285671234]","[0.46184277534484863, 0.5381571650505066]",0.5381571650505066
00025963.npy,0,1,"[0.1318162977695465, 0.3244689106941223]","[0.45198526978492737, 0.5480147004127502]",0.5480147004127502
00025964.npy,0,1,"[0.025279946625232697, 0.1199050173163414]","[0.47636136412620544, 0.5236386060714722]",0.5236386060714722
00025965.npy,0,1,"[0.4398750364780426, 0.6526780724525452]","[0.44699913263320923, 0.5530009269714355]",0.5530009269714355
00025966.npy,0,1,"[-0.2836076021194458, -0.13610275089740753]","[0.463190495967865, 0.536809504032135]",0.536809504032135
00025967.npy,0,1,"[-0.27994105219841003, 0.13908007740974426]","[0.3967510163784027, 0.6032490134239197]",0.6032490134239197
00025968.npy,0,1,"[-0.19690251350402832, 0.11804137378931046]","[0.4219084680080414, 0.578091561794281]",0.578091561794281
00025969.npy,0,1,"[-0.262371301651001, 0.3265179693698883]","[0.3568897545337677, 0.6431102752685547]",0.6431102752685547
00025970.npy,0,0,"[0.1911013126373291, 0.11357306689023972]","[0.5193723440170288, 0.4806276261806488]",0.4806276261806488
00025971.npy,0,1,"[-0.22222965955734253, 0.04732596129179001]","[0.43301618099212646, 0.5669838190078735]",0.5669838190078735
00025972.npy,0,1,"[-0.12960635125637054, 0.482522577047348]","[0.35157373547554016, 0.6484262943267822]",0.6484262943267822
00025973.npy,0,1,"[-0.04594153165817261, 0.34090185165405273]","[0.40447741746902466, 0.5955225825309753]",0.5955225825309753
00025974.npy,0,1,"[0.16051620244979858, 0.1827043890953064]","[0.49445319175720215, 0.5055468082427979]",0.5055468082427979
00025975.npy,0,1,"[-0.1519654095172882, 0.3496161997318268]","[0.37716904282569885, 0.6228309273719788]",0.6228309273719788
00025976.npy,0,1,"[-0.17179705202579498, 0.14026504755020142]","[0.4226115047931671, 0.5773885250091553]",0.5773885250091553
00025977.npy,0,1,"[-0.6670624017715454, -0.4857792854309082]","[0.454802930355072, 0.545197069644928]",0.545197069644928
00025978.npy,0,1,"[-0.06724430620670319, 0.051510900259017944]","[0.47034603357315063, 0.5296539664268494]",0.5296539664268494
00025979.npy,0,1,"[0.04170890152454376, 0.5341354608535767]","[0.3793220818042755, 0.6206778883934021]",0.6206778883934021
00025980.npy,0,1,"[-0.0507379025220871, 0.1611769199371338]","[0.4472186863422394, 0.552781343460083]",0.552781343460083
00025981.npy,0,1,"[-0.28710031509399414, 0.24458253383636475]","[0.3701244592666626, 0.6298755407333374]",0.6298755407333374
00025982.npy,1,1,"[0.08240795880556107, 0.33247804641723633]","[0.43780624866485596, 0.562193751335144]",0.562193751335144
00025983.npy,0,1,"[-0.4111529290676117, -0.03256089985370636]","[0.4064665138721466, 0.593533456325531]",0.593533456325531
00025984.npy,0,1,"[0.1929524838924408, 0.4759497344493866]","[0.42971912026405334, 0.5702808499336243]",0.5702808499336243
00025985.npy,0,1,"[-0.07397957146167755, 0.11501862853765488]","[0.4528906047344208, 0.5471094250679016]",0.5471094250679016
00025986.npy,0,1,"[-0.16777193546295166, 0.3463881313800812]","[0.37421882152557373, 0.6257811784744263]",0.6257811784744263
00025987.npy,0,1,"[-0.012623704969882965, 0.29031163454055786]","[0.4248400628566742, 0.5751599073410034]",0.5751599073410034
00025988.npy,0,1,"[-0.2658718228340149, 0.19101792573928833]","[0.3877239227294922, 0.6122760772705078]",0.6122760772705078
00025989.npy,1,1,"[-0.29520007967948914, 0.04243132472038269]","[0.4163849353790283, 0.5836150050163269]",0.5836150050163269
00025990.npy,0,1,"[-0.019574454054236412, 0.6172406673431396]","[0.34596681594848633, 0.6540331244468689]",0.6540331244468689
00025991.npy,0,1,"[-0.09153150767087936, 0.35926806926727295]","[0.38917070627212524, 0.6108292937278748]",0.6108292937278748
00025992.npy,0,1,"[-0.039647363126277924, 0.13485294580459595]","[0.4564852714538574, 0.5435147285461426]",0.5435147285461426
00025993.npy,0,1,"[-0.14060384035110474, 0.07409890741109848]","[0.4465295374393463, 0.5534704327583313]",0.5534704327583313
00025994.npy,0,1,"[0.12737113237380981, 0.21316185593605042]","[0.4785654544830322, 0.521434485912323]",0.521434485912323
00025995.npy,0,1,"[0.06260836124420166, 0.7027857899665833]","[0.34520643949508667, 0.6547936201095581]",0.6547936201095581
00025996.npy,0,1,"[0.010486073791980743, 0.5285166501998901]","[0.3733128607273102, 0.6266871094703674]",0.6266871094703674
00025997.npy,0,1,"[-0.019266583025455475, 0.02784031629562378]","[0.48822543025016785, 0.5117745399475098]",0.5117745399475098
00025998.npy,0,1,"[0.1254444420337677, 0.1911492645740509]","[0.48357969522476196, 0.5164202451705933]",0.5164202451705933
00025999.npy,0,0,"[0.040434546768665314, -0.05458775907754898]","[0.5237376689910889, 0.47626227140426636]",0.47626227140426636
00026000.npy,0,1,"[-0.22574487328529358, -0.19745326042175293]","[0.49292758107185364, 0.5070724487304688]",0.5070724487304688
00026001.npy,0,1,"[0.33547669649124146, 0.5064685940742493]","[0.45735588669776917, 0.5426441431045532]",0.5426441431045532
00026002.npy,1,1,"[0.03254050016403198, 0.15067020058631897]","[0.4705018699169159, 0.5294981002807617]",0.5294981002807617
00026003.npy,0,1,"[-0.174386128783226, -0.022110167890787125]","[0.4620044231414795, 0.5379955768585205]",0.5379955768585205
00026004.npy,0,1,"[-0.0930253118276596, 0.2046716809272766]","[0.4261205792427063, 0.5738794207572937]",0.5738794207572937
00026005.npy,0,1,"[0.08985023945569992, 0.5146993398666382]","[0.39535701274871826, 0.6046429872512817]",0.6046429872512817
00026006.npy,0,1,"[-0.030876146629452705, 0.30530279874801636]","[0.41673797369003296, 0.5832620859146118]",0.5832620859146118
00026007.npy,0,1,"[-0.020321080461144447, 0.19881239533424377]","[0.4454348087310791, 0.5545651912689209]",0.5545651912689209
00026008.npy,0,1,"[-0.15129539370536804, 0.039334386587142944]","[0.4524863660335541, 0.5475136637687683]",0.5475136637687683
00026009.npy,0,1,"[0.050207965075969696, 0.21039769053459167]","[0.4600379765033722, 0.5399619936943054]",0.5399619936943054
00026010.npy,0,1,"[0.09946543723344803, 0.41499775648117065]","[0.42176494002342224, 0.5782350897789001]",0.5782350897789001
00026011.npy,0,1,"[-0.157001793384552, 0.1645086705684662]","[0.4203076958656311, 0.5796923041343689]",0.5796923041343689
00026012.npy,0,1,"[-0.14547467231750488, -0.06598526984453201]","[0.4801380932331085, 0.5198618769645691]",0.5198618769645691
00026013.npy,0,1,"[-0.10720270872116089, 0.2819673717021942]","[0.4039171040058136, 0.5960829257965088]",0.5960829257965088
00026014.npy,0,1,"[0.045843109488487244, 0.44210734963417053]","[0.4022102355957031, 0.5977897644042969]",0.5977897644042969
00026015.npy,0,0,"[0.043547794222831726, -0.024241600185632706]","[0.5169408321380615, 0.4830591082572937]",0.4830591082572937
00026016.npy,1,1,"[-0.27068468928337097, 0.06916312128305435]","[0.41584646701812744, 0.5841535329818726]",0.5841535329818726
00026017.npy,0,1,"[0.23667460680007935, 0.3278162479400635]","[0.47723034024238586, 0.5227696299552917]",0.5227696299552917
00026018.npy,0,1,"[-0.22071245312690735, 0.16513311862945557]","[0.4047177731990814, 0.5952821969985962]",0.5952821969985962
00026019.npy,0,1,"[-0.13876973092556, 0.2698836028575897]","[0.3992350697517395, 0.6007649302482605]",0.6007649302482605
00026020.npy,0,1,"[0.07739720493555069, 0.5405746698379517]","[0.38623231649398804, 0.613767683506012]",0.613767683506012
00026021.npy,0,1,"[-0.11166998744010925, -0.06504124402999878]","[0.4883449375629425, 0.5116550922393799]",0.5116550922393799
00026022.npy,0,1,"[-0.11711147427558899, 0.18577149510383606]","[0.4248528480529785, 0.5751470923423767]",0.5751470923423767
00026023.npy,0,1,"[-0.22086304426193237, 0.00981401652097702]","[0.4425851106643677, 0.5574148893356323]",0.5574148893356323
00026024.npy,0,1,"[-0.38904187083244324, 0.030362874269485474]","[0.3966591954231262, 0.6033408045768738]",0.6033408045768738
00026025.npy,0,1,"[-0.2045154571533203, 0.19298434257507324]","[0.40191319584846497, 0.5980868339538574]",0.5980868339538574
00026026.npy,0,1,"[0.05850865691900253, 0.15214359760284424]","[0.4766083359718323, 0.523391604423523]",0.523391604423523
00026027.npy,1,1,"[-0.35296979546546936, -0.030554374679923058]","[0.4200872480869293, 0.5799127817153931]",0.5799127817153931
00026028.npy,0,1,"[-0.1351826786994934, -0.01939351111650467]","[0.4710850119590759, 0.5289149880409241]",0.5289149880409241
00026029.npy,0,1,"[-0.038519080728292465, 0.20329371094703674]","[0.4398396611213684, 0.5601603388786316]",0.5601603388786316
00026030.npy,0,1,"[-0.23712283372879028, -0.17044797539710999]","[0.4833374619483948, 0.5166625380516052]",0.5166625380516052
00026031.npy,0,1,"[0.35658910870552063, 0.5338367819786072]","[0.45580369234085083, 0.5441962480545044]",0.5441962480545044
00026032.npy,0,1,"[-0.1844273805618286, 0.13712406158447266]","[0.4202977120876312, 0.5797023177146912]",0.5797023177146912
00026033.npy,0,1,"[-0.14685168862342834, 0.2612383961677551]","[0.3993701934814453, 0.6006298065185547]",0.6006298065185547
00026034.npy,0,1,"[-0.10890109091997147, 0.2509620487689972]","[0.41099268198013306, 0.5890073180198669]",0.5890073180198669
00026035.npy,0,1,"[-0.012818735092878342, 0.17292135953903198]","[0.4536980092525482, 0.5463019609451294]",0.5463019609451294
00026036.npy,0,1,"[-0.38305264711380005, 0.19759178161621094]","[0.3587843179702759, 0.6412156820297241]",0.6412156820297241
00026037.npy,0,1,"[-0.06298685818910599, 0.11890508979558945]","[0.45465195178985596, 0.545348048210144]",0.545348048210144
00026038.npy,0,1,"[-0.1027848869562149, 0.15231791138648987]","[0.43656793236732483, 0.5634320974349976]",0.5634320974349976
00026039.npy,0,1,"[-0.10085985064506531, 0.42032110691070557]","[0.37257611751556396, 0.627423882484436]",0.627423882484436
00026040.npy,0,1,"[-0.0788567066192627, 0.26041677594184875]","[0.41598597168922424, 0.5840139985084534]",0.5840139985084534
00026041.npy,0,1,"[0.23967218399047852, 0.6496903896331787]","[0.39890778064727783, 0.6010922789573669]",0.6010922789573669
00026042.npy,0,1,"[-0.04212404042482376, 0.23161399364471436]","[0.4319896399974823, 0.5680103302001953]",0.5680103302001953
00026043.npy,0,1,"[-0.12928266823291779, -0.05651969462633133]","[0.4818172752857208, 0.5181827545166016]",0.5181827545166016
00026044.npy,0,1,"[-0.13602200150489807, 0.11273648589849472]","[0.43812912702560425, 0.5618709325790405]",0.5618709325790405
00026045.npy,1,1,"[-0.03960961103439331, 0.32421383261680603]","[0.41003432869911194, 0.5899657011032104]",0.5899657011032104
00026046.npy,0,1,"[0.1681123971939087, 0.8229489922523499]","[0.34190046787261963, 0.6580995321273804]",0.6580995321273804
00026047.npy,0,1,"[-0.005635257810354233, 0.18110871315002441]","[0.45344921946525574, 0.5465508103370667]",0.5465508103370667
00026048.npy,0,1,"[-0.23072728514671326, 0.045383818447589874]","[0.43140745162963867, 0.5685925483703613]",0.5685925483703613
00026049.npy,0,1,"[-0.28459039330482483, -0.026204615831375122]","[0.4357605576515198, 0.5642394423484802]",0.5642394423484802
00026050.npy,0,1,"[-0.06947126984596252, 0.15069302916526794]","[0.445180207490921, 0.5548198223114014]",0.5548198223114014
00026051.npy,0,1,"[-0.30930790305137634, -0.18909785151481628]","[0.46998360753059387, 0.5300163626670837]",0.5300163626670837
00026052.npy,1,1,"[-0.1613691747188568, -0.03221508115530014]","[0.4677563011646271, 0.5322437286376953]",0.5322437286376953
00026053.npy,0,1,"[-0.16406427323818207, 0.3600318133831024]","[0.3718949258327484, 0.6281050443649292]",0.6281050443649292
00026054.npy,0,1,"[-0.06460468471050262, 0.5661096572875977]","[0.34734857082366943, 0.6526513695716858]",0.6526513695716858
00026055.npy,0,1,"[-0.27981314063072205, -0.14314275979995728]","[0.4658854901790619, 0.5341144800186157]",0.5341144800186157
00026056.npy,0,1,"[0.04825246334075928, 0.17735826969146729]","[0.4677683115005493, 0.5322316884994507]",0.5322316884994507
00026057.npy,0,1,"[0.14295580983161926, 0.17386063933372498]","[0.4922744333744049, 0.5077255964279175]",0.5077255964279175
00026058.npy,0,1,"[-0.43174800276756287, 0.044077999889850616]","[0.3832382559776306, 0.6167617440223694]",0.6167617440223694
00026059.npy,0,1,"[-0.10162778198719025, -0.057650208473205566]","[0.4890073537826538, 0.5109925866127014]",0.5109925866127014
00026060.npy,0,0,"[0.010132573544979095, -0.028873100876808167]","[0.5097501873970032, 0.4902498126029968]",0.4902498126029968
00026061.npy,0,1,"[-0.05102890729904175, 0.018917039036750793]","[0.4825206398963928, 0.5174793601036072]",0.5174793601036072
00026062.npy,0,1,"[-0.21690532565116882, 0.13927817344665527]","[0.41188377141952515, 0.5881162285804749]",0.5881162285804749
00026063.npy,0,1,"[-0.38863039016723633, 0.05480425804853439]","[0.3909228444099426, 0.6090771555900574]",0.6090771555900574
00026064.npy,0,1,"[0.006926756352186203, 0.3389209806919098]","[0.41775548458099365, 0.5822445154190063]",0.5822445154190063
00026065.npy,0,1,"[-0.10003422200679779, 0.23790639638900757]","[0.41630983352661133, 0.5836901664733887]",0.5836901664733887
00026066.npy,0,1,"[-0.07613107562065125, 0.21819108724594116]","[0.42694607377052307, 0.5730539560317993]",0.5730539560317993
00026067.npy,0,1,"[0.4449932873249054, 0.8676157593727112]","[0.39588940143585205, 0.604110598564148]",0.604110598564148
00026068.npy,0,1,"[0.029064126312732697, 0.32896116375923157]","[0.4255826473236084, 0.5744173526763916]",0.5744173526763916
00026069.npy,0,1,"[0.035754404962062836, 0.3743048906326294]","[0.4161616265773773, 0.5838383436203003]",0.5838383436203003
00026070.npy,0,1,"[0.026790209114551544, 0.2722734808921814]","[0.4389355182647705, 0.5610644817352295]",0.5610644817352295
00026071.npy,0,0,"[-0.12103411555290222, -0.1555151641368866]","[0.5086194276809692, 0.49138060212135315]",0.49138060212135315
00026072.npy,0,1,"[0.0057448893785476685, 0.16279980540275574]","[0.46081677079200745, 0.5391831994056702]",0.5391831994056702
00026073.npy,0,1,"[-0.2473248541355133, 0.1361813247203827]","[0.40528154373168945, 0.5947184562683105]",0.5947184562683105
00026074.npy,0,1,"[-0.1158163771033287, 0.19490396976470947]","[0.4229389429092407, 0.577061116695404]",0.577061116695404
00026075.npy,1,1,"[-0.3123418092727661, 0.11737679690122604]","[0.39419350028038025, 0.6058064699172974]",0.6058064699172974
00026076.npy,0,0,"[0.09276238828897476, 0.0797075405716896]","[0.5032636523246765, 0.4967363178730011]",0.4967363178730011
00026077.npy,0,1,"[0.10269806534051895, 0.30893075466156006]","[0.44862380623817444, 0.551376223564148]",0.551376223564148
00026078.npy,0,1,"[0.023367352783679962, 0.26246583461761475]","[0.44050854444503784, 0.5594914555549622]",0.5594914555549622
00026079.npy,0,1,"[-0.14214390516281128, -0.015700411051511765]","[0.46843117475509644, 0.5315688252449036]",0.5315688252449036
00026080.npy,0,1,"[0.06563667953014374, 0.2816765308380127]","[0.4461991488933563, 0.5538008809089661]",0.5538008809089661
00026081.npy,1,1,"[-0.03707793354988098, 0.04644449055194855]","[0.4791315197944641, 0.5208684802055359]",0.5208684802055359
00026082.npy,0,1,"[-0.012655727565288544, 0.22286033630371094]","[0.44139161705970764, 0.55860835313797]",0.55860835313797
00026083.npy,0,1,"[0.11529513448476791, 0.1706995666027069]","[0.48615244030952454, 0.5138475894927979]",0.5138475894927979
00026084.npy,0,1,"[0.09670151025056839, 0.25335225462913513]","[0.460917204618454, 0.5390827655792236]",0.5390827655792236
00026085.npy,0,1,"[-0.10328248888254166, 0.20220789313316345]","[0.4242158532142639, 0.5757840871810913]",0.5757840871810913
00026086.npy,1,1,"[0.02505599707365036, 0.24175992608070374]","[0.4460350275039673, 0.5539649128913879]",0.5539649128913879
00026087.npy,0,1,"[-0.19803404808044434, -0.04536033049225807]","[0.4619055390357971, 0.5380944609642029]",0.5380944609642029
00026088.npy,0,1,"[-0.04958612844347954, 0.2654789090156555]","[0.4218789041042328, 0.5781210660934448]",0.5781210660934448
00026089.npy,0,1,"[-0.3141135573387146, 0.15368983149528503]","[0.38513630628585815, 0.6148637533187866]",0.6148637533187866
00026090.npy,0,1,"[-0.27557387948036194, 0.05073744058609009]","[0.4191384017467499, 0.5808615684509277]",0.5808615684509277
00026091.npy,0,1,"[-0.07134582102298737, 0.3191668391227722]","[0.40359389781951904, 0.596406102180481]",0.596406102180481
00026092.npy,0,1,"[-0.07139205932617188, 0.08607218414545059]","[0.46071508526802063, 0.539284884929657]",0.539284884929657
00026093.npy,0,1,"[0.10395998507738113, 0.15615639090538025]","[0.48695382475852966, 0.513046145439148]",0.513046145439148
00026094.npy,0,1,"[-0.11662548780441284, 0.13282543420791626]","[0.43795865774154663, 0.5620413422584534]",0.5620413422584534
00026095.npy,0,1,"[-0.05772111564874649, 0.30081844329833984]","[0.41131314635276794, 0.5886868834495544]",0.5886868834495544
00026096.npy,0,1,"[-0.05655635893344879, 0.12200424820184708]","[0.45547807216644287, 0.5445219278335571]",0.5445219278335571
00026097.npy,0,1,"[-0.09773401916027069, 0.20675784349441528]","[0.4244597852230072, 0.5755402445793152]",0.5755402445793152
00026098.npy,0,1,"[-0.04760472849011421, 0.3126748204231262]","[0.41089189052581787, 0.5891081094741821]",0.5891081094741821
00026099.npy,0,1,"[0.016536779701709747, 0.2823452949523926]","[0.43393638730049133, 0.566063642501831]",0.566063642501831
00026100.npy,0,0,"[0.07381528615951538, 0.04262867569923401]","[0.507796049118042, 0.4922039806842804]",0.4922039806842804
00026101.npy,0,1,"[0.3295076787471771, 0.9541172981262207]","[0.3487337827682495, 0.6512661576271057]",0.6512661576271057
00026102.npy,0,1,"[-0.0330478809773922, -0.008023340255022049]","[0.4937441945075989, 0.5062558054924011]",0.5062558054924011
00026103.npy,0,1,"[0.021488361060619354, 0.3923971354961395]","[0.40832144021987915, 0.5916785597801208]",0.5916785597801208
00026104.npy,0,1,"[0.03004337102174759, 0.17295196652412415]","[0.46433353424072266, 0.5356664657592773]",0.5356664657592773
00026105.npy,0,1,"[-0.0656951367855072, 0.08838672190904617]","[0.4615556001663208, 0.538444459438324]",0.538444459438324
00026106.npy,0,1,"[-0.1903962790966034, -0.09009714424610138]","[0.47494620084762573, 0.5250537991523743]",0.5250537991523743
00026107.npy,0,1,"[-0.11937787383794785, 0.11827418953180313]","[0.44086506962776184, 0.5591349601745605]",0.5591349601745605
00026108.npy,0,1,"[-0.02572912722826004, 0.25448495149612427]","[0.4304012954235077, 0.5695987343788147]",0.5695987343788147
00026109.npy,0,1,"[-0.07745964080095291, 0.40633097290992737]","[0.38135743141174316, 0.6186425685882568]",0.6186425685882568
00026110.npy,0,1,"[-0.3671591281890869, -0.27550727128982544]","[0.477103054523468, 0.522896945476532]",0.522896945476532
00026111.npy,0,1,"[-0.08959998935461044, 0.2090822160243988]","[0.42587968707084656, 0.5741203427314758]",0.5741203427314758
00026112.npy,0,1,"[-0.14514026045799255, 0.10821738094091415]","[0.4369972348213196, 0.5630027651786804]",0.5630027651786804
00026113.npy,0,1,"[-0.17168524861335754, 0.0021813437342643738]","[0.4566425085067749, 0.5433574914932251]",0.5433574914932251
00026114.npy,0,1,"[-0.17932304739952087, 0.40931156277656555]","[0.35694822669029236, 0.64305180311203]",0.64305180311203
00026115.npy,0,1,"[0.2966611981391907, 0.5604788064956665]","[0.4344254732131958, 0.5655745267868042]",0.5655745267868042
00026116.npy,0,1,"[-0.05628778412938118, 0.027489781379699707]","[0.479067862033844, 0.520932137966156]",0.520932137966156
00026117.npy,0,1,"[0.08285797387361526, 0.48277440667152405]","[0.40133240818977356, 0.598667562007904]",0.598667562007904
00026118.npy,0,1,"[-0.18512266874313354, 0.09722144156694412]","[0.42987915873527527, 0.5701208114624023]",0.5701208114624023
00026119.npy,0,1,"[-0.1514987051486969, 0.06792096048593521]","[0.4453641176223755, 0.5546358823776245]",0.5546358823776245
00026120.npy,0,1,"[-0.25802603363990784, -0.026619117707014084]","[0.4424050748348236, 0.5575949549674988]",0.5575949549674988
00026121.npy,0,1,"[0.09156986325979233, 0.28016942739486694]","[0.4529893696308136, 0.547010600566864]",0.547010600566864
00026122.npy,0,1,"[-0.10256539285182953, 0.11012066155672073]","[0.4470280408859253, 0.5529719591140747]",0.5529719591140747
00026123.npy,0,1,"[-0.05777948722243309, 0.0611787885427475]","[0.4702954590320587, 0.5297045111656189]",0.5297045111656189
00026124.npy,0,1,"[0.044345833361148834, 0.261424720287323]","[0.44594237208366394, 0.5540575981140137]",0.5540575981140137
00026125.npy,0,1,"[0.1337660551071167, 0.36994287371635437]","[0.4412287175655365, 0.5587712526321411]",0.5587712526321411
00026126.npy,0,1,"[-0.09543335437774658, 0.37631943821907043]","[0.3842014670372009, 0.6157985329627991]",0.6157985329627991
00026127.npy,0,1,"[-0.16648432612419128, 0.2835756838321686]","[0.38934648036956787, 0.6106534600257874]",0.6106534600257874
00026128.npy,0,1,"[-0.0785745233297348, 0.1145046129822731]","[0.451879620552063, 0.548120379447937]",0.548120379447937
00026129.npy,0,1,"[-0.19889044761657715, 0.18403702974319458]","[0.40542101860046387, 0.5945789813995361]",0.5945789813995361
00026130.npy,1,1,"[0.12941285967826843, 0.2300228476524353]","[0.47486868500709534, 0.5251312851905823]",0.5251312851905823
00026131.npy,0,1,"[0.19777843356132507, 0.26915860176086426]","[0.4821625351905823, 0.5178374648094177]",0.5178374648094177
00026132.npy,0,1,"[0.10716166347265244, 0.31017231941223145]","[0.4494209289550781, 0.5505790710449219]",0.5505790710449219
00026133.npy,0,1,"[-0.0963740423321724, 0.021647684276103973]","[0.470528781414032, 0.529471218585968]",0.529471218585968
00026134.npy,0,1,"[0.012576721608638763, 0.17900308966636658]","[0.45848917961120605, 0.541510820388794]",0.541510820388794
00026135.npy,0,1,"[-0.26133182644844055, 0.16482338309288025]","[0.39504480361938477, 0.6049551963806152]",0.6049551963806152
00026136.npy,0,1,"[-0.13664856553077698, -0.04406386613845825]","[0.4768703579902649, 0.5231296420097351]",0.5231296420097351
00026137.npy,0,1,"[-0.12624219059944153, 0.055401287972927094]","[0.4547135531902313, 0.5452864170074463]",0.5452864170074463
00026138.npy,0,1,"[-0.03883575648069382, 0.14837783575057983]","[0.4533328413963318, 0.5466671586036682]",0.5466671586036682
00026139.npy,0,1,"[0.3318679928779602, 0.36036062240600586]","[0.4928773045539856, 0.5071226358413696]",0.5071226358413696
00026140.npy,0,1,"[-0.1512526273727417, 0.04341578483581543]","[0.4514860212802887, 0.5485140085220337]",0.5485140085220337
00026141.npy,0,1,"[-0.018793050199747086, 0.0950554832816124]","[0.47156861424446106, 0.5284314155578613]",0.5284314155578613
00026142.npy,0,1,"[0.21237853169441223, 0.36815544962882996]","[0.4611343443393707, 0.5388656854629517]",0.5388656854629517
00026143.npy,0,1,"[-0.047610171139240265, 0.3434339165687561]","[0.40346598625183105, 0.596534013748169]",0.596534013748169
00026144.npy,0,1,"[-0.27941009402275085, -0.001193225383758545]","[0.4308910071849823, 0.5691090226173401]",0.5691090226173401
00026145.npy,0,1,"[-0.01403096690773964, 0.22297930717468262]","[0.4410232603549957, 0.5589767694473267]",0.5589767694473267
00026146.npy,0,1,"[0.2122754156589508, 0.3245808780193329]","[0.4719531238079071, 0.5280469059944153]",0.5280469059944153
00026147.npy,0,1,"[-0.2968633770942688, -0.002959843724966049]","[0.4270485043525696, 0.5729514956474304]",0.5729514956474304
00026148.npy,0,1,"[-0.1592891663312912, -0.007752407342195511]","[0.46218815445899963, 0.5378118753433228]",0.5378118753433228
00026149.npy,0,1,"[-0.16133758425712585, 0.18502295017242432]","[0.4142652451992035, 0.5857347249984741]",0.5857347249984741
00026150.npy,0,1,"[-0.021080411970615387, 0.2588687241077423]","[0.43046626448631287, 0.5695337653160095]",0.5695337653160095
00026151.npy,0,1,"[-0.14214423298835754, -0.009005416184663773]","[0.4667643904685974, 0.5332356095314026]",0.5332356095314026
00026152.npy,0,1,"[-0.25034666061401367, -0.017580363899469376]","[0.44206973910331726, 0.5579302310943604]",0.5579302310943604
00026153.npy,0,1,"[0.10064200311899185, 0.21455195546150208]","[0.4715532660484314, 0.5284467339515686]",0.5284467339515686
00026154.npy,0,1,"[0.11321375519037247, 0.48531875014305115]","[0.40803247690200806, 0.5919675230979919]",0.5919675230979919
00026155.npy,0,1,"[0.15455463528633118, 0.4648917019367218]","[0.4230324923992157, 0.5769675374031067]",0.5769675374031067
00026156.npy,0,1,"[-0.1143520399928093, 0.07023114711046219]","[0.453984797000885, 0.546015202999115]",0.546015202999115
00026157.npy,0,1,"[0.028332054615020752, 0.3882763385772705]","[0.41097304224967957, 0.5890269875526428]",0.5890269875526428
00026158.npy,0,1,"[7.777661085128784e-05, 0.2283029556274414]","[0.4431900978088379, 0.5568099617958069]",0.5568099617958069
00026159.npy,0,1,"[-0.005898989737033844, 0.27012544870376587]","[0.4314287006855011, 0.5685713291168213]",0.5685713291168213
00026160.npy,0,1,"[-0.006266310811042786, 0.163020521402359]","[0.45777907967567444, 0.542220950126648]",0.542220950126648
00026161.npy,0,1,"[-0.12051989883184433, 0.124567411839962]","[0.43903303146362305, 0.560966968536377]",0.560966968536377
00026162.npy,0,1,"[-0.06077536568045616, 0.11658184975385666]","[0.455776572227478, 0.544223427772522]",0.544223427772522
00026163.npy,0,1,"[-0.22040849924087524, 0.030830934643745422]","[0.43751847743988037, 0.5624815225601196]",0.5624815225601196
00026164.npy,0,1,"[-0.13188721239566803, 0.1296645700931549]","[0.4349822998046875, 0.5650177001953125]",0.5650177001953125
00026165.npy,0,1,"[-0.10251553356647491, 0.0791771188378334]","[0.45470136404037476, 0.5452986359596252]",0.5452986359596252
00026166.npy,0,1,"[-0.06032644957304001, 0.23259490728378296]","[0.42728880047798157, 0.572711169719696]",0.572711169719696
00026167.npy,0,1,"[-0.3090284764766693, -0.27723228931427]","[0.4920516610145569, 0.5079483985900879]",0.5079483985900879
00026168.npy,1,1,"[0.22197866439819336, 0.4771840274333954]","[0.43654268980026245, 0.5634573101997375]",0.5634573101997375
00026169.npy,0,1,"[-0.26161953806877136, 0.09764757007360458]","[0.4111369848251343, 0.5888630151748657]",0.5888630151748657
00026170.npy,0,1,"[-0.31577014923095703, 0.04763980954885483]","[0.41013434529304504, 0.5898656249046326]",0.5898656249046326
00026171.npy,0,1,"[-0.026184186339378357, 0.27963879704475403]","[0.42413464188575745, 0.5758653879165649]",0.5758653879165649
00026172.npy,0,1,"[-0.17623969912528992, 0.03439375013113022]","[0.4475354850292206, 0.5524645447731018]",0.5524645447731018
00026173.npy,0,1,"[-0.1748506724834442, 0.18795448541641235]","[0.41028067469596863, 0.589719295501709]",0.589719295501709
00026174.npy,0,1,"[-0.19920000433921814, 0.07017374783754349]","[0.4330608546733856, 0.5669391751289368]",0.5669391751289368
00026175.npy,0,1,"[-0.09612804651260376, 0.12623810768127441]","[0.44463640451431274, 0.5553635954856873]",0.5553635954856873
00026176.npy,0,1,"[0.21811801195144653, 0.6014248728752136]","[0.4053295850753784, 0.5946704149246216]",0.5946704149246216
00026177.npy,0,1,"[-0.19091656804084778, 0.07170427590608597]","[0.4347195625305176, 0.5652804374694824]",0.5652804374694824
00026178.npy,0,1,"[-0.05683336406946182, -0.030186673626303673]","[0.4933387041091919, 0.5066612958908081]",0.5066612958908081
00026179.npy,0,1,"[0.034550927579402924, 0.1600690484046936]","[0.4686616063117981, 0.5313383936882019]",0.5313383936882019
00026180.npy,0,1,"[0.1501520276069641, 0.451186865568161]","[0.4253045320510864, 0.5746954679489136]",0.5746954679489136
00026181.npy,1,0,"[0.3758088946342468, 0.2525542080402374]","[0.530774712562561, 0.46922528743743896]",0.46922528743743896
00026182.npy,0,1,"[-0.08578860014677048, 0.3153846859931946]","[0.4010304808616638, 0.5989695191383362]",0.5989695191383362
00026183.npy,0,1,"[0.2716333866119385, 0.37371206283569336]","[0.47450247406959534, 0.525497555732727]",0.525497555732727
00026184.npy,0,1,"[-0.25496965646743774, -0.10434827953577042]","[0.4624156951904297, 0.5375843644142151]",0.5375843644142151
00026185.npy,0,1,"[-0.28621146082878113, 0.19312784075737]","[0.38240814208984375, 0.6175918579101562]",0.6175918579101562
00026186.npy,0,1,"[-0.204013854265213, -0.027289867401123047]","[0.4559336304664612, 0.5440663695335388]",0.5440663695335388
00026187.npy,0,1,"[-0.018391724675893784, 0.10309114307165146]","[0.46966657042503357, 0.5303334593772888]",0.5303334593772888
00026188.npy,0,1,"[0.1345687210559845, 0.4843818247318268]","[0.4134277403354645, 0.5865722298622131]",0.5865722298622131
00026189.npy,0,1,"[-0.018537625670433044, 0.23211941123008728]","[0.4376617968082428, 0.5623381733894348]",0.5623381733894348
00026190.npy,0,1,"[-0.3432927131652832, 0.18374311923980713]","[0.371208518743515, 0.6287915110588074]",0.6287915110588074
00026191.npy,0,1,"[-0.18271982669830322, 0.4206620156764984]","[0.3535703718662262, 0.6464296579360962]",0.6464296579360962
00026192.npy,0,1,"[0.2008715569972992, 0.44251009821891785]","[0.4398825764656067, 0.5601173639297485]",0.5601173639297485
00026193.npy,0,1,"[-0.11569682508707047, 0.47560110688209534]","[0.3563371002674103, 0.6436628699302673]",0.6436628699302673
00026194.npy,0,1,"[-0.036494653671979904, 0.36011695861816406]","[0.4021267294883728, 0.5978732705116272]",0.5978732705116272
00026195.npy,0,1,"[-0.22425755858421326, 0.1083947941660881]","[0.41759541630744934, 0.582404613494873]",0.582404613494873
00026196.npy,0,1,"[-0.08273419737815857, 0.2732991576194763]","[0.41192013025283813, 0.5880798697471619]",0.5880798697471619
00026197.npy,0,1,"[-0.26127535104751587, 0.01754862070083618]","[0.430742084980011, 0.5692578554153442]",0.5692578554153442
00026198.npy,0,1,"[-0.1898345947265625, 0.22985514998435974]","[0.3965910077095032, 0.6034090518951416]",0.6034090518951416
00026199.npy,0,1,"[0.03847029060125351, 0.2620123028755188]","[0.4443460702896118, 0.5556539297103882]",0.5556539297103882
00026200.npy,0,1,"[-0.1565488576889038, 0.1833067238330841]","[0.415844589471817, 0.5841554403305054]",0.5841554403305054
00026201.npy,1,1,"[-0.2499600648880005, -0.03713762015104294]","[0.4469943046569824, 0.5530057549476624]",0.5530057549476624
00026202.npy,1,1,"[0.05786563456058502, 0.2745179533958435]","[0.4460477828979492, 0.5539522171020508]",0.5539522171020508
00026203.npy,0,1,"[-0.1754467785358429, 0.37448421120643616]","[0.36588042974472046, 0.6341195702552795]",0.6341195702552795
00026204.npy,0,1,"[-0.42253831028938293, -0.07081319391727448]","[0.4129641354084015, 0.5870358347892761]",0.5870358347892761
00026205.npy,0,1,"[-0.14188647270202637, 0.0566859170794487]","[0.4505193829536438, 0.5494806170463562]",0.5494806170463562
00026206.npy,0,0,"[0.18419218063354492, 0.13513171672821045]","[0.5122626423835754, 0.4877373278141022]",0.4877373278141022
00026207.npy,0,1,"[0.048368148505687714, 0.5311204791069031]","[0.3816024363040924, 0.61839759349823]",0.61839759349823
00026208.npy,0,1,"[-0.2080632746219635, 0.14393103122711182]","[0.4128988981246948, 0.5871011018753052]",0.5871011018753052
00026209.npy,0,1,"[0.2208646535873413, 0.5818502902984619]","[0.41072097420692444, 0.5892789959907532]",0.5892789959907532
00026210.npy,0,1,"[-0.06820540875196457, 0.05754466354846954]","[0.46860384941101074, 0.5313961505889893]",0.5313961505889893
00026211.npy,0,1,"[-0.04665953293442726, 0.39342623949050903]","[0.3917205035686493, 0.6082794666290283]",0.6082794666290283
00026212.npy,0,1,"[0.11042816191911697, 0.18122941255569458]","[0.4823070764541626, 0.5176929235458374]",0.5176929235458374
00026213.npy,0,1,"[-0.08433710783720016, 0.2504523694515228]","[0.4170757234096527, 0.5829243063926697]",0.5829243063926697
00026214.npy,0,1,"[-0.17507359385490417, 0.25502872467041016]","[0.3941018879413605, 0.6058980822563171]",0.6058980822563171
00026215.npy,1,1,"[0.7167486548423767, 1.294097900390625]","[0.3595427870750427, 0.640457272529602]",0.640457272529602
00026216.npy,0,1,"[-0.030898068100214005, 0.07957757264375687]","[0.4724091589450836, 0.5275908708572388]",0.5275908708572388
00026217.npy,0,1,"[0.0022122375667095184, 0.37325945496559143]","[0.40828800201416016, 0.5917119979858398]",0.5917119979858398
00026218.npy,0,1,"[-0.2217477262020111, 0.0748499259352684]","[0.4263894259929657, 0.5736105442047119]",0.5736105442047119
00026219.npy,0,1,"[-0.2985004782676697, -0.025527868419885635]","[0.43217748403549194, 0.5678225159645081]",0.5678225159645081
00026220.npy,0,1,"[0.024531491100788116, 0.16488909721374512]","[0.46496808528900146, 0.5350319147109985]",0.5350319147109985
00026221.npy,0,1,"[-0.08255936205387115, 0.5502130389213562]","[0.3468821942806244, 0.653117835521698]",0.653117835521698
00026222.npy,0,1,"[0.07215458899736404, 0.3005531430244446]","[0.44314730167388916, 0.5568526983261108]",0.5568526983261108
00026223.npy,0,1,"[-0.33134812116622925, 0.019011177122592926]","[0.41329529881477356, 0.5867047309875488]",0.5867047309875488
00026224.npy,0,1,"[0.08787771314382553, 0.4495066702365875]","[0.4105652868747711, 0.5894346833229065]",0.5894346833229065
00026225.npy,0,1,"[-0.08117847144603729, 0.28145986795425415]","[0.41032105684280396, 0.5896790027618408]",0.5896790027618408
00026226.npy,0,1,"[-0.03902197629213333, 0.21285271644592285]","[0.4373621344566345, 0.5626378655433655]",0.5626378655433655
00026227.npy,0,1,"[-0.09547674655914307, 0.2107861340045929]","[0.4240271747112274, 0.5759727954864502]",0.5759727954864502
00026228.npy,0,1,"[-0.12733739614486694, 0.03228689730167389]","[0.4601784348487854, 0.5398215651512146]",0.5398215651512146
00026229.npy,0,1,"[-0.24518269300460815, 0.0436541810631752]","[0.42828863859176636, 0.5717113614082336]",0.5717113614082336
00026230.npy,0,1,"[-0.08015890419483185, 0.23001670837402344]","[0.42307189106941223, 0.5769281387329102]",0.5769281387329102
00026231.npy,0,1,"[-0.0563558004796505, -0.011016443371772766]","[0.4886671006679535, 0.5113328695297241]",0.5113328695297241
00026232.npy,0,1,"[-0.1879904866218567, 0.015186615288257599]","[0.44937971234321594, 0.5506202578544617]",0.5506202578544617
00026233.npy,0,1,"[-0.26743561029434204, 0.13483387231826782]","[0.4007672071456909, 0.5992327928543091]",0.5992327928543091
00026234.npy,0,1,"[-0.1281101107597351, 0.4779263436794281]","[0.3529638648033142, 0.647036075592041]",0.647036075592041
00026235.npy,0,1,"[-0.02618643268942833, 0.0007249265909194946]","[0.4932725429534912, 0.506727397441864]",0.506727397441864
00026236.npy,0,1,"[0.0908958688378334, 0.23639297485351562]","[0.46368977427482605, 0.5363102555274963]",0.5363102555274963
00026237.npy,0,1,"[0.24816277623176575, 0.44867023825645447]","[0.45004040002822876, 0.5499595999717712]",0.5499595999717712
00026238.npy,1,1,"[-0.2980313301086426, 0.30076727271080017]","[0.3546186089515686, 0.6453813910484314]",0.6453813910484314
00026239.npy,0,1,"[0.12312684208154678, 0.40182268619537354]","[0.43077352643013, 0.5692264437675476]",0.5692264437675476
00026240.npy,0,1,"[-0.12328788638114929, 0.05695664882659912]","[0.4550604522228241, 0.5449395179748535]",0.5449395179748535
00026241.npy,0,1,"[-0.1313554048538208, 0.3335283398628235]","[0.3858279287815094, 0.614172101020813]",0.614172101020813
00026242.npy,0,1,"[0.19896826148033142, 0.5303256511688232]","[0.4179103970527649, 0.5820896029472351]",0.5820896029472351
00026243.npy,0,1,"[-0.08147335052490234, 0.18927469849586487]","[0.4327234625816345, 0.5672765374183655]",0.5672765374183655
00026244.npy,1,1,"[0.23470664024353027, 0.42739152908325195]","[0.45197728276252747, 0.5480227470397949]",0.5480227470397949
00026245.npy,0,1,"[-0.19891878962516785, -0.08644937723875046]","[0.4719122350215912, 0.5280877351760864]",0.5280877351760864
00026246.npy,0,1,"[-0.25104954838752747, 0.006535835564136505]","[0.4359573721885681, 0.5640426278114319]",0.5640426278114319
00026247.npy,0,1,"[-0.35704338550567627, -0.15044093132019043]","[0.4485323429107666, 0.5514676570892334]",0.5514676570892334
00026248.npy,0,1,"[-0.16884785890579224, 0.13745903968811035]","[0.42401641607284546, 0.5759835839271545]",0.5759835839271545
00026249.npy,0,1,"[-0.06949757784605026, 0.16367673873901367]","[0.4419691264629364, 0.5580308437347412]",0.5580308437347412
00026250.npy,0,1,"[-0.2677653729915619, -0.010858718305826187]","[0.4361242651939392, 0.5638757348060608]",0.5638757348060608
00026251.npy,0,1,"[0.1181386336684227, 0.29292601346969604]","[0.45641404390335083, 0.5435859560966492]",0.5435859560966492
00026252.npy,1,1,"[-0.1258956789970398, 0.2780463993549347]","[0.40036559104919434, 0.5996344089508057]",0.5996344089508057
00026253.npy,0,1,"[0.015351779758930206, 0.2562146484851837]","[0.440073698759079, 0.5599262714385986]",0.5599262714385986
00026254.npy,0,1,"[0.0689733475446701, 0.37518903613090515]","[0.42403873801231384, 0.5759612917900085]",0.5759612917900085
00026255.npy,0,1,"[-0.06983954459428787, 0.3848947286605835]","[0.3882357180118561, 0.6117642521858215]",0.6117642521858215
00026256.npy,0,1,"[-0.21655389666557312, 0.0012056529521942139]","[0.4457741975784302, 0.5542258024215698]",0.5542258024215698
00026257.npy,0,1,"[-0.13276295363903046, 0.10453208535909653]","[0.4409530758857727, 0.5590469837188721]",0.5590469837188721
00026258.npy,0,1,"[0.050913527607917786, 0.09988529235124588]","[0.4877595007419586, 0.512240469455719]",0.512240469455719
00026259.npy,0,1,"[0.18935945630073547, 0.4468819797039032]","[0.43597283959388733, 0.5640271902084351]",0.5640271902084351
00026260.npy,0,1,"[0.04698364436626434, 0.3454090654850006]","[0.42594245076179504, 0.5740575790405273]",0.5740575790405273
00026261.npy,0,1,"[-0.33953332901000977, 0.16584816575050354]","[0.3762768507003784, 0.6237231492996216]",0.6237231492996216
00026262.npy,0,1,"[-0.16094957292079926, 0.30748510360717773]","[0.3849868178367615, 0.6150131821632385]",0.6150131821632385
00026263.npy,0,1,"[-0.14759983122348785, 0.2434065043926239]","[0.4034750759601593, 0.5965249538421631]",0.5965249538421631
00026264.npy,0,1,"[-0.3614501953125, -0.0732414722442627]","[0.42844244837760925, 0.5715575218200684]",0.5715575218200684
00026265.npy,0,1,"[-0.2843576669692993, -0.27336910367012024]","[0.497252881526947, 0.502747118473053]",0.502747118473053
00026266.npy,0,1,"[-0.031159885227680206, 0.08702132850885391]","[0.4704890549182892, 0.5295109748840332]",0.5295109748840332
00026267.npy,0,1,"[-0.31168264150619507, -0.012590132653713226]","[0.4257793426513672, 0.5742206573486328]",0.5742206573486328
00026268.npy,0,1,"[-0.2093200385570526, 0.43443894386291504]","[0.34439727663993835, 0.6556026935577393]",0.6556026935577393
00026269.npy,0,1,"[-0.1201571449637413, 0.19179672002792358]","[0.4226378798484802, 0.577362060546875]",0.577362060546875
00026270.npy,0,1,"[0.05085143446922302, 0.44860777258872986]","[0.4018515348434448, 0.5981484651565552]",0.5981484651565552
00026271.npy,0,1,"[0.027887575328350067, 0.09830530732870102]","[0.48240283131599426, 0.5175971388816833]",0.5175971388816833
00026272.npy,0,1,"[0.1465381681919098, 0.31181269884109497]","[0.45877519249916077, 0.5412248373031616]",0.5412248373031616
00026273.npy,0,1,"[-0.3567495048046112, -0.046752139925956726]","[0.4231153726577759, 0.5768845677375793]",0.5768845677375793
00026274.npy,0,1,"[-0.15098389983177185, 0.2037562131881714]","[0.4122334420681, 0.5877665877342224]",0.5877665877342224
00026275.npy,0,1,"[-0.148582324385643, -0.09181228280067444]","[0.485811322927475, 0.5141887068748474]",0.5141887068748474
00026276.npy,0,1,"[-0.0626431256532669, 0.23856589198112488]","[0.4252619743347168, 0.5747380256652832]",0.5747380256652832
00026277.npy,0,1,"[-0.23751041293144226, 0.09739410132169724]","[0.41704776883125305, 0.5829522609710693]",0.5829522609710693
00026278.npy,0,1,"[-0.09496486186981201, 0.12359259277582169]","[0.44557711482048035, 0.554422914981842]",0.554422914981842
00026279.npy,0,1,"[-0.16998358070850372, 0.1073436513543129]","[0.43110916018486023, 0.5688908100128174]",0.5688908100128174
00026280.npy,0,1,"[-0.041830893605947495, 0.1868232786655426]","[0.4430842101573944, 0.556915819644928]",0.556915819644928
00026281.npy,0,1,"[-0.1838400959968567, 0.28107190132141113]","[0.38582122325897217, 0.6141787767410278]",0.6141787767410278
00026282.npy,1,1,"[0.28067734837532043, 0.5447241067886353]","[0.43436920642852783, 0.5656307935714722]",0.5656307935714722
00026283.npy,0,1,"[-0.18830475211143494, 0.0881190374493599]","[0.43133074045181274, 0.5686692595481873]",0.5686692595481873
00026284.npy,1,1,"[-0.0439884252846241, 0.19011777639389038]","[0.4417392909526825, 0.5582607388496399]",0.5582607388496399
00026285.npy,0,1,"[0.003123302012681961, 0.4556872546672821]","[0.3887513279914856, 0.6112486720085144]",0.6112486720085144
00026286.npy,0,1,"[0.06562929600477219, 0.26738622784614563]","[0.44973117113113403, 0.550268828868866]",0.550268828868866
00026287.npy,0,1,"[-0.21130552887916565, 0.0936289057135582]","[0.42435169219970703, 0.5756483674049377]",0.5756483674049377
00026288.npy,0,1,"[-0.019597455859184265, 0.14097565412521362]","[0.4599427580833435, 0.5400572419166565]",0.5400572419166565
00026289.npy,0,1,"[-0.5877575874328613, -0.12819403409957886]","[0.3870893716812134, 0.6129106283187866]",0.6129106283187866
00026290.npy,0,1,"[-0.15615582466125488, 0.04784294217824936]","[0.44917646050453186, 0.5508235692977905]",0.5508235692977905
00026291.npy,0,1,"[-0.3120959401130676, 0.25671055912971497]","[0.3615122437477112, 0.6384877562522888]",0.6384877562522888
00026292.npy,0,1,"[0.06848378479480743, 0.29503771662712097]","[0.4436025321483612, 0.5563974976539612]",0.5563974976539612
00026293.npy,0,1,"[-0.30798885226249695, 0.014564268290996552]","[0.4200536608695984, 0.5799463391304016]",0.5799463391304016
00026294.npy,0,1,"[-0.045143671333789825, 0.012860767543315887]","[0.4855029881000519, 0.5144970417022705]",0.5144970417022705
00026295.npy,0,1,"[-0.3034646213054657, -0.04404192417860031]","[0.43550562858581543, 0.5644943714141846]",0.5644943714141846
00026296.npy,0,1,"[0.010790467262268066, 0.21409672498703003]","[0.44934776425361633, 0.5506522059440613]",0.5506522059440613
00026297.npy,0,1,"[-0.08963274955749512, 0.018669061362743378]","[0.4729509949684143, 0.5270490050315857]",0.5270490050315857
00026298.npy,0,1,"[-0.3389914035797119, 0.11294130235910416]","[0.38890135288238525, 0.6110986471176147]",0.6110986471176147
00026299.npy,0,1,"[0.10782580822706223, 0.3095777630805969]","[0.44973239302635193, 0.5502675771713257]",0.5502675771713257
00026300.npy,0,1,"[0.029209241271018982, 0.17888957262039185]","[0.4626496136188507, 0.5373503565788269]",0.5373503565788269
00026301.npy,0,1,"[-0.18524214625358582, 0.2683661878108978]","[0.38850319385528564, 0.6114968061447144]",0.6114968061447144
00026302.npy,0,1,"[-0.24702221155166626, 0.20131012797355652]","[0.389757364988327, 0.6102426648139954]",0.6102426648139954
00026303.npy,1,1,"[0.013246573507785797, 0.3991161286830902]","[0.4047120213508606, 0.5952879786491394]",0.5952879786491394
00026304.npy,0,1,"[-0.13747790455818176, 0.113405741751194]","[0.4376060366630554, 0.5623939633369446]",0.5623939633369446
00026305.npy,0,1,"[0.09086408466100693, 0.2539847791194916]","[0.45930999517440796, 0.5406899452209473]",0.5406899452209473
00026306.npy,0,1,"[-0.03808704763650894, 0.16746041178703308]","[0.44879329204559326, 0.5512067079544067]",0.5512067079544067
00026307.npy,0,1,"[-0.06078577786684036, 0.08099613338708878]","[0.46461376547813416, 0.5353862047195435]",0.5353862047195435
00026308.npy,0,1,"[-0.3009335398674011, -0.10570400953292847]","[0.4513470530509949, 0.5486529469490051]",0.5486529469490051
00026309.npy,0,1,"[0.036049745976924896, 0.35597938299179077]","[0.42069289088249207, 0.5793071389198303]",0.5793071389198303
00026310.npy,0,1,"[-0.07949873805046082, 0.03272845596075058]","[0.47197261452674866, 0.5280274152755737]",0.5280274152755737
00026311.npy,0,1,"[-0.10720226168632507, 0.021147191524505615]","[0.46795663237571716, 0.5320433974266052]",0.5320433974266052
00026312.npy,0,1,"[-0.06414765119552612, 0.21570050716400146]","[0.43049103021621704, 0.5695090293884277]",0.5695090293884277
00026313.npy,0,1,"[-0.11231538653373718, 0.24653616547584534]","[0.41123759746551514, 0.5887624025344849]",0.5887624025344849
00026314.npy,0,1,"[0.03137059509754181, 0.4170355498790741]","[0.40476131439208984, 0.5952386856079102]",0.5952386856079102
00026315.npy,0,1,"[-0.08537738025188446, 0.245213121175766]","[0.41809698939323425, 0.5819030404090881]",0.5819030404090881
00026316.npy,0,1,"[-0.004646368324756622, 0.37194186449050903]","[0.4069500267505646, 0.5930500030517578]",0.5930500030517578
00026317.npy,0,1,"[0.20422545075416565, 0.6875416040420532]","[0.38146936893463135, 0.6185306310653687]",0.6185306310653687
00026318.npy,0,1,"[-0.005661182105541229, 0.758919894695282]","[0.31765246391296387, 0.6823474764823914]",0.6823474764823914
00026319.npy,0,1,"[-0.1641101986169815, 0.033838167786598206]","[0.4506738781929016, 0.5493261218070984]",0.5493261218070984
00026320.npy,0,1,"[-0.16172558069229126, 0.49540963768959045]","[0.3413833975791931, 0.6586165428161621]",0.6586165428161621
00026321.npy,0,1,"[-0.06878995895385742, 0.16121068596839905]","[0.44275200366973877, 0.557248055934906]",0.557248055934906
00026322.npy,0,1,"[-0.14458681643009186, 0.07336468249559402]","[0.44572678208351135, 0.5542731881141663]",0.5542731881141663
00026323.npy,0,1,"[-0.08972952514886856, 0.04189480096101761]","[0.467141330242157, 0.532858669757843]",0.532858669757843
00026324.npy,0,1,"[-0.2458956241607666, -0.008204545825719833]","[0.4408554434776306, 0.5591445565223694]",0.5591445565223694
00026325.npy,0,1,"[0.023235216736793518, 0.4213307499885559]","[0.4017699956893921, 0.5982300043106079]",0.5982300043106079
00026326.npy,0,1,"[0.12321003526449203, 0.23218071460723877]","[0.47278428077697754, 0.5272157788276672]",0.5272157788276672
00026327.npy,0,1,"[0.11369115859270096, 0.5005587935447693]","[0.40447157621383667, 0.5955284237861633]",0.5955284237861633
00026328.npy,0,1,"[0.10099100321531296, 0.20946946740150452]","[0.4729069471359253, 0.5270930528640747]",0.5270930528640747
00026329.npy,1,1,"[0.002081841230392456, 0.10359437018632889]","[0.47464364767074585, 0.5253563523292542]",0.5253563523292542
00026330.npy,0,1,"[-0.21367788314819336, -0.08916293829679489]","[0.46891143918037415, 0.5310885906219482]",0.5310885906219482
00026331.npy,1,1,"[-0.038309209048748016, 0.17623618245124817]","[0.44656845927238464, 0.5534315705299377]",0.5534315705299377
00026332.npy,0,1,"[-0.16649186611175537, -0.04162062704563141]","[0.4688226878643036, 0.531177282333374]",0.531177282333374
00026333.npy,0,1,"[0.08086246997117996, 0.23790991306304932]","[0.46081864833831787, 0.5391813516616821]",0.5391813516616821
00026334.npy,0,0,"[0.3415280878543854, 0.28268611431121826]","[0.5147062540054321, 0.48529374599456787]",0.48529374599456787
00026335.npy,0,1,"[0.22030439972877502, 0.5234937071800232]","[0.424778014421463, 0.5752219557762146]",0.5752219557762146
00026336.npy,0,1,"[-0.08574339747428894, 0.2695627212524414]","[0.4120962917804718, 0.5879036784172058]",0.5879036784172058
00026337.npy,0,1,"[0.05566282570362091, 0.1513284146785736]","[0.476101815700531, 0.5238981246948242]",0.5238981246948242
00026338.npy,0,1,"[-0.03958945348858833, 0.4430789649486542]","[0.38162222504615784, 0.6183778047561646]",0.6183778047561646
00026339.npy,0,1,"[-0.08523136377334595, 0.4036579132080078]","[0.3801552653312683, 0.6198447346687317]",0.6198447346687317
00026340.npy,0,1,"[-0.04208514094352722, -0.010770697146654129]","[0.4921720027923584, 0.5078279376029968]",0.5078279376029968
00026341.npy,0,1,"[0.10384010523557663, 0.3840329349040985]","[0.43040651082992554, 0.5695934891700745]",0.5695934891700745
00026342.npy,0,1,"[-0.18610453605651855, 0.20958340167999268]","[0.4023487865924835, 0.5976511836051941]",0.5976511836051941
00026343.npy,0,1,"[0.15430310368537903, 0.2872207760810852]","[0.4668194353580475, 0.5331805944442749]",0.5331805944442749
00026344.npy,0,1,"[-0.36566558480262756, -0.09281889349222183]","[0.4322083592414856, 0.5677916407585144]",0.5677916407585144
00026345.npy,0,1,"[-0.00338798388838768, 0.5170095562934875]","[0.37275931239128113, 0.6272407174110413]",0.6272407174110413
00026346.npy,0,1,"[-0.337767094373703, -0.09015683084726334]","[0.43841177225112915, 0.5615881681442261]",0.5615881681442261
00026347.npy,0,1,"[-0.1548067331314087, 0.15011218190193176]","[0.42435547709465027, 0.5756445527076721]",0.5756445527076721
00026348.npy,0,1,"[-0.15367893874645233, -0.012722644954919815]","[0.46481916308403015, 0.5351808071136475]",0.5351808071136475
00026349.npy,0,1,"[-0.02309519611299038, 0.08094138652086258]","[0.4740142822265625, 0.5259856581687927]",0.5259856581687927
00026350.npy,0,1,"[0.08400169759988785, 0.29455387592315674]","[0.4475555717945099, 0.5524444580078125]",0.5524444580078125
00026351.npy,0,1,"[0.09420659393072128, 0.23611053824424744]","[0.4645833969116211, 0.5354165434837341]",0.5354165434837341
00026352.npy,0,1,"[0.03056889772415161, 0.6093137860298157]","[0.3592214584350586, 0.6407786011695862]",0.6407786011695862
00026353.npy,1,1,"[0.26919254660606384, 0.5111998915672302]","[0.4397917687892914, 0.560208261013031]",0.560208261013031
00026354.npy,0,1,"[-0.10006529092788696, 0.06417166441679001]","[0.45903280377388, 0.5409671664237976]",0.5409671664237976
00026355.npy,0,1,"[-0.10410550236701965, 0.06930571049451828]","[0.45675551891326904, 0.5432445406913757]",0.5432445406913757
00026356.npy,0,1,"[-0.06984341144561768, -0.02975071594119072]","[0.489978164434433, 0.5100218057632446]",0.5100218057632446
00026357.npy,1,1,"[0.06585073471069336, 0.4321397542953491]","[0.40943801403045654, 0.5905619859695435]",0.5905619859695435
00026358.npy,0,1,"[0.06313665956258774, 0.31002840399742126]","[0.4385887086391449, 0.5614113211631775]",0.5614113211631775
00026359.npy,0,1,"[-0.2614189088344574, -0.037716127932071686]","[0.4443063735961914, 0.5556936264038086]",0.5556936264038086
00026360.npy,1,1,"[-0.2333669662475586, 0.24089965224266052]","[0.383606880903244, 0.6163930892944336]",0.6163930892944336
00026361.npy,0,1,"[0.3016956150531769, 0.6718313694000244]","[0.40850821137428284, 0.5914917588233948]",0.5914917588233948
00026362.npy,0,1,"[-0.1742187738418579, 0.17595529556274414]","[0.4133402109146118, 0.5866597294807434]",0.5866597294807434
00026363.npy,0,1,"[-0.05971090868115425, 0.22410503029823303]","[0.42951852083206177, 0.5704814791679382]",0.5704814791679382
00026364.npy,0,1,"[0.5165293216705322, 0.7334257364273071]","[0.4459874629974365, 0.5540124773979187]",0.5540124773979187
00026365.npy,0,1,"[-0.09397067874670029, 0.0017247162759304047]","[0.47609442472457886, 0.5239056348800659]",0.5239056348800659
00026366.npy,0,1,"[0.004783693701028824, 0.09961152821779251]","[0.4763107895851135, 0.5236892104148865]",0.5236892104148865
00026367.npy,0,1,"[-0.26123031973838806, -0.07600167393684387]","[0.4538247883319855, 0.5461752414703369]",0.5461752414703369
00026368.npy,0,1,"[-0.5923551917076111, -0.14192482829093933]","[0.3892584443092346, 0.6107414960861206]",0.6107414960861206
00026369.npy,0,1,"[0.10784371942281723, 0.15985557436943054]","[0.4869999587535858, 0.5130000114440918]",0.5130000114440918
00026370.npy,0,1,"[-0.24718239903450012, 0.20377624034881592]","[0.38913285732269287, 0.6108670830726624]",0.6108670830726624
00026371.npy,1,1,"[-0.22037625312805176, 0.10800173133611679]","[0.41863536834716797, 0.581364631652832]",0.581364631652832
00026372.npy,0,1,"[-0.008617568761110306, 0.30066609382629395]","[0.42328959703445435, 0.5767104029655457]",0.5767104029655457
00026373.npy,0,1,"[-0.14164002239704132, 0.11677723377943039]","[0.43575283885002136, 0.564247190952301]",0.564247190952301
00026374.npy,0,1,"[-0.2512364387512207, 0.02970346063375473]","[0.43022334575653076, 0.5697765946388245]",0.5697765946388245
00026375.npy,1,1,"[-0.14101208746433258, 0.09452403336763382]","[0.44138669967651367, 0.5586133003234863]",0.5586133003234863
00026376.npy,0,1,"[-0.2115693986415863, -0.0547732412815094]","[0.4608810842037201, 0.5391189455986023]",0.5391189455986023
00026377.npy,0,1,"[-0.05128863453865051, 0.09762782603502274]","[0.4628395140171051, 0.5371604561805725]",0.5371604561805725
00026378.npy,0,1,"[0.12896817922592163, 0.1957542598247528]","[0.48330971598625183, 0.5166903138160706]",0.5166903138160706
00026379.npy,0,1,"[-0.33415257930755615, -0.07518152892589569]","[0.43561670184135437, 0.564383327960968]",0.564383327960968
00026380.npy,0,1,"[0.4986257553100586, 0.7565677762031555]","[0.4358696937561035, 0.5641303658485413]",0.5641303658485413
00026381.npy,0,1,"[-0.11137363314628601, 0.14018464088439941]","[0.4374399781227112, 0.5625600218772888]",0.5625600218772888
00026382.npy,0,1,"[-0.019326265901327133, 0.12805935740470886]","[0.46322014927864075, 0.5367798209190369]",0.5367798209190369
00026383.npy,0,1,"[0.07018320262432098, 0.32170069217681885]","[0.4374500513076782, 0.5625499486923218]",0.5625499486923218
00026384.npy,0,1,"[-0.25894492864608765, 0.07417144626379013]","[0.4174825847148895, 0.5825174450874329]",0.5825174450874329
00026385.npy,0,1,"[-0.24864301085472107, 0.09490535408258438]","[0.4149477779865265, 0.5850521922111511]",0.5850521922111511
00026386.npy,0,1,"[0.04424426704645157, 0.16693222522735596]","[0.4693664312362671, 0.5306335687637329]",0.5306335687637329
00026387.npy,0,1,"[-0.06444624066352844, 0.42670851945877075]","[0.37962159514427185, 0.6203784346580505]",0.6203784346580505
00026388.npy,0,1,"[-0.10124144703149796, 0.2538798153400421]","[0.4121410846710205, 0.5878589153289795]",0.5878589153289795
00026389.npy,0,1,"[-0.0739830955862999, 0.3851344883441925]","[0.3871951699256897, 0.6128048300743103]",0.6128048300743103
00026390.npy,0,1,"[-0.15737482905387878, -0.10783009231090546]","[0.48761633038520813, 0.5123836398124695]",0.5123836398124695
00026391.npy,0,1,"[0.01846892386674881, 0.470723420381546]","[0.3888248801231384, 0.6111751198768616]",0.6111751198768616
00026392.npy,0,1,"[-0.20211094617843628, -0.09403906762599945]","[0.47300830483436584, 0.5269917249679565]",0.5269917249679565
00026393.npy,0,1,"[-0.10108348727226257, 0.11184000223875046]","[0.44696930050849915, 0.5530306696891785]",0.5530306696891785
00026394.npy,0,1,"[0.03550738841295242, 0.2459324300289154]","[0.4475869834423065, 0.5524129867553711]",0.5524129867553711
00026395.npy,0,1,"[-0.02093854732811451, 0.13571587204933167]","[0.46091628074645996, 0.53908371925354]",0.53908371925354
00026396.npy,0,1,"[0.18965432047843933, 0.4482567012310028]","[0.4357072710990906, 0.5642926692962646]",0.5642926692962646
00026397.npy,0,1,"[-0.3419729471206665, 0.08404573053121567]","[0.3950774371623993, 0.6049225926399231]",0.6049225926399231
00026398.npy,0,1,"[0.14289748668670654, 0.4209395945072174]","[0.4309338629245758, 0.5690661668777466]",0.5690661668777466
00026399.npy,0,1,"[-0.05482492968440056, 0.27575749158859253]","[0.41809892654418945, 0.5819010734558105]",0.5819010734558105
00026400.npy,0,1,"[-0.015319809317588806, -0.001672159880399704]","[0.4965881407260895, 0.5034118294715881]",0.5034118294715881
00026401.npy,0,1,"[-0.019925124943256378, 0.1801415979862213]","[0.4501494765281677, 0.5498504638671875]",0.5498504638671875
00026402.npy,0,1,"[-0.005004603415727615, 0.22330212593078613]","[0.4431699514389038, 0.5568300485610962]",0.5568300485610962
00026403.npy,0,1,"[-0.24040299654006958, 0.19219914078712463]","[0.39350515604019165, 0.6064948439598083]",0.6064948439598083
00026404.npy,0,1,"[-0.2639614939689636, -0.01889938861131668]","[0.4390392303466797, 0.5609607100486755]",0.5609607100486755
00026405.npy,0,1,"[0.06372342258691788, 0.19363364577293396]","[0.467568039894104, 0.532431960105896]",0.532431960105896
00026406.npy,0,1,"[-0.20003321766853333, 0.09920305758714676]","[0.4257442057132721, 0.5742557644844055]",0.5742557644844055
00026407.npy,0,1,"[-0.06162705272436142, 0.3080918788909912]","[0.40860897302627563, 0.5913910865783691]",0.5913910865783691
00026408.npy,0,1,"[-0.43715277314186096, 0.007917039096355438]","[0.3905336260795593, 0.6094664335250854]",0.6094664335250854
00026409.npy,0,1,"[-0.0653894916176796, 0.03209293633699417]","[0.4756486713886261, 0.5243512988090515]",0.5243512988090515
00026410.npy,0,1,"[0.0030742399394512177, 0.11980325728654861]","[0.4708508253097534, 0.5291491746902466]",0.5291491746902466
00026411.npy,0,1,"[-0.13525119423866272, 0.12963762879371643]","[0.43416228890419006, 0.5658376812934875]",0.5658376812934875
00026412.npy,0,1,"[0.12274118512868881, 0.2665843963623047]","[0.46410107612609863, 0.5358989238739014]",0.5358989238739014
00026413.npy,1,1,"[-0.21167081594467163, 0.36869439482688904]","[0.35884857177734375, 0.6411514282226562]",0.6411514282226562
00026414.npy,0,1,"[0.18861690163612366, 0.3402588367462158]","[0.4621620178222656, 0.5378380417823792]",0.5378380417823792
00026415.npy,0,0,"[-0.10880997031927109, -0.13797292113304138]","[0.507290244102478, 0.49270978569984436]",0.49270978569984436
00026416.npy,0,1,"[0.24525603652000427, 0.3612246513366699]","[0.4710403084754944, 0.5289596915245056]",0.5289596915245056
00026417.npy,0,1,"[-0.05778367817401886, 0.09606770426034927]","[0.46161285042762756, 0.53838711977005]",0.53838711977005
00026418.npy,0,1,"[0.13748687505722046, 0.4351913034915924]","[0.42611873149871826, 0.573881208896637]",0.573881208896637
00026419.npy,0,1,"[0.35254085063934326, 0.6638612151145935]","[0.4227924942970276, 0.5772075057029724]",0.5772075057029724
00026420.npy,0,0,"[0.08084645122289658, 0.03332602232694626]","[0.5118778944015503, 0.4881221354007721]",0.4881221354007721
00026421.npy,0,1,"[-0.06224433332681656, 0.19823992252349854]","[0.43524467945098877, 0.5647553205490112]",0.5647553205490112
00026422.npy,0,1,"[-0.19991546869277954, -0.010231167078018188]","[0.45272061228752136, 0.547279417514801]",0.547279417514801
00026423.npy,0,1,"[-0.12212631106376648, 0.05597104877233505]","[0.4555929899215698, 0.5444070100784302]",0.5444070100784302
00026424.npy,0,1,"[0.008178610354661942, 0.18033796548843384]","[0.4570661187171936, 0.5429338216781616]",0.5429338216781616
00026425.npy,0,1,"[-0.15586477518081665, 0.12295372039079666]","[0.4307434856891632, 0.5692565441131592]",0.5692565441131592
00026426.npy,0,1,"[-0.13775303959846497, 0.15297895669937134]","[0.4278246760368347, 0.5721753835678101]",0.5721753835678101
00026427.npy,0,1,"[0.08534155040979385, 0.5670648217201233]","[0.38184529542922974, 0.6181547045707703]",0.6181547045707703
00026428.npy,1,1,"[-0.335763543844223, 0.04069824516773224]","[0.4069805443286896, 0.5930194854736328]",0.5930194854736328
00026429.npy,0,1,"[0.2781071662902832, 0.42928269505500793]","[0.46227791905403137, 0.5377220511436462]",0.5377220511436462
00026430.npy,0,1,"[0.23362216353416443, 0.35935503244400024]","[0.4686081111431122, 0.5313918590545654]",0.5313918590545654
00026431.npy,0,1,"[-0.12956029176712036, 0.40056851506233215]","[0.370486855506897, 0.629513144493103]",0.629513144493103
00026432.npy,0,0,"[0.04261253774166107, 0.018220975995063782]","[0.5060976147651672, 0.49390241503715515]",0.49390241503715515
00026433.npy,0,1,"[-0.11972622573375702, 0.17916437983512878]","[0.4258287250995636, 0.5741713047027588]",0.5741713047027588
00026434.npy,1,1,"[0.02556915581226349, 0.2857304811477661]","[0.4353240430355072, 0.5646759271621704]",0.5646759271621704
00026435.npy,0,1,"[-0.02388003095984459, 0.22989624738693237]","[0.4368942677974701, 0.5631057620048523]",0.5631057620048523
00026436.npy,0,1,"[-0.02799626998603344, 0.1588694155216217]","[0.4534190595149994, 0.546580970287323]",0.546580970287323
00026437.npy,0,1,"[-0.5398388504981995, -0.238765686750412]","[0.4252951443195343, 0.5747048258781433]",0.5747048258781433
00026438.npy,0,1,"[-0.2975411117076874, 0.14118549227714539]","[0.39204442501068115, 0.6079555749893188]",0.6079555749893188
00026439.npy,0,1,"[-0.29924774169921875, 0.015214435756206512]","[0.42202597856521606, 0.5779740810394287]",0.5779740810394287
00026440.npy,0,1,"[-0.10481473803520203, 0.04417732357978821]","[0.46282073855400085, 0.5371792316436768]",0.5371792316436768
00026441.npy,0,1,"[0.057311199605464935, 0.33589068055152893]","[0.4308020770549774, 0.569197952747345]",0.569197952747345
00026442.npy,0,1,"[-0.29308760166168213, 0.20156040787696838]","[0.3787992000579834, 0.6212007403373718]",0.6212007403373718
00026443.npy,0,1,"[-0.04938048496842384, 0.2915702164173126]","[0.41557857394218445, 0.5844214558601379]",0.5844214558601379
00026444.npy,1,1,"[0.017375923693180084, 0.12546199560165405]","[0.4730047583580017, 0.5269952416419983]",0.5269952416419983
00026445.npy,0,1,"[-0.20715519785881042, 0.20287659764289856]","[0.3989045023918152, 0.6010954976081848]",0.6010954976081848
00026446.npy,0,1,"[0.11634121090173721, 0.1945289671421051]","[0.4804629981517792, 0.5195369720458984]",0.5195369720458984
00026447.npy,0,1,"[0.062300942838191986, 0.26310455799102783]","[0.4499671161174774, 0.550032913684845]",0.550032913684845
00026448.npy,0,1,"[-0.04042123630642891, 0.34021931886672974]","[0.405972421169281, 0.594027578830719]",0.594027578830719
00026449.npy,0,1,"[-0.19293582439422607, -0.05589218810200691]","[0.46579259634017944, 0.5342073440551758]",0.5342073440551758
00026450.npy,0,1,"[-0.17722570896148682, 0.1410239040851593]","[0.421102374792099, 0.5788975954055786]",0.5788975954055786
00026451.npy,0,1,"[-0.5012815594673157, -0.13132289052009583]","[0.40855100750923157, 0.591448962688446]",0.591448962688446
00026452.npy,0,1,"[-0.28917351365089417, -0.05170933157205582]","[0.44091135263442993, 0.5590885877609253]",0.5590885877609253
00026453.npy,0,1,"[-0.04178877919912338, 0.025508128106594086]","[0.4831821322441101, 0.5168178677558899]",0.5168178677558899
00026454.npy,0,1,"[-0.16035044193267822, 0.11663129180669785]","[0.43119388818740845, 0.5688061118125916]",0.5688061118125916
00026455.npy,0,1,"[-0.26657962799072266, 0.10477197915315628]","[0.4082144498825073, 0.5917854905128479]",0.5917854905128479
00026456.npy,0,1,"[-0.28013262152671814, 0.32625728845596313]","[0.35288316011428833, 0.6471168398857117]",0.6471168398857117
00026457.npy,0,1,"[-0.07265819609165192, 0.02963116019964218]","[0.47444993257522583, 0.5255500674247742]",0.5255500674247742
00026458.npy,1,1,"[0.1594013273715973, 0.6526200771331787]","[0.3791356086730957, 0.6208643913269043]",0.6208643913269043
00026459.npy,0,1,"[0.12150441855192184, 0.2876996099948883]","[0.45854657888412476, 0.5414534211158752]",0.5414534211158752
00026460.npy,1,1,"[0.04738837480545044, 0.23309406638145447]","[0.4537065625190735, 0.5462934374809265]",0.5462934374809265
00026461.npy,0,1,"[-0.056282997131347656, 0.1562502086162567]","[0.4470658302307129, 0.5529342293739319]",0.5529342293739319
00026462.npy,0,1,"[0.01737537980079651, 0.395872563123703]","[0.40648940205574036, 0.5935105681419373]",0.5935105681419373
00026463.npy,0,1,"[-0.35993751883506775, 0.04923965781927109]","[0.399109423160553, 0.600890576839447]",0.600890576839447
00026464.npy,0,1,"[0.014180228114128113, 0.24622738361358643]","[0.4422471523284912, 0.5577529072761536]",0.5577529072761536
00026465.npy,0,1,"[-0.3192143142223358, 0.11087552458047867]","[0.39410486817359924, 0.6058951020240784]",0.6058951020240784
00026466.npy,0,1,"[-0.08242756873369217, 0.20167335867881775]","[0.429448664188385, 0.5705512762069702]",0.5705512762069702
00026467.npy,0,1,"[0.03692462295293808, 0.18105441331863403]","[0.46402981877326965, 0.5359702110290527]",0.5359702110290527
00026468.npy,0,1,"[-0.018128305673599243, 0.950279712677002]","[0.27519795298576355, 0.7248020172119141]",0.7248020172119141
00026469.npy,0,1,"[0.4379766583442688, 0.9953039884567261]","[0.36416611075401306, 0.6358339190483093]",0.6358339190483093
00026470.npy,0,1,"[0.0025697536766529083, 0.42009952664375305]","[0.3971080183982849, 0.6028919816017151]",0.6028919816017151
00026471.npy,0,1,"[-0.07644772529602051, 0.5371469855308533]","[0.3512396514415741, 0.6487603783607483]",0.6487603783607483
00026472.npy,0,1,"[-0.19265100359916687, 0.05920282006263733]","[0.4373672902584076, 0.5626327395439148]",0.5626327395439148
00026473.npy,0,1,"[-0.04890098795294762, 0.11661579459905624]","[0.45871502161026, 0.54128497838974]",0.54128497838974
00026474.npy,0,1,"[-0.350795179605484, -0.06957549601793289]","[0.4301547706127167, 0.5698451995849609]",0.5698451995849609
00026475.npy,1,1,"[-0.25961390137672424, 0.07881534844636917]","[0.41619110107421875, 0.5838088989257812]",0.5838088989257812
00026476.npy,0,1,"[-0.027036171406507492, 0.16385039687156677]","[0.45242273807525635, 0.5475772619247437]",0.5475772619247437
00026477.npy,0,1,"[-0.05474419146776199, 0.05666017532348633]","[0.472177654504776, 0.5278223156929016]",0.5278223156929016
00026478.npy,0,1,"[-0.036859601736068726, 0.2600063383579254]","[0.4263238310813904, 0.5736761689186096]",0.5736761689186096
00026479.npy,0,1,"[0.1310012936592102, 0.35607561469078064]","[0.4439677596092224, 0.5560322403907776]",0.5560322403907776
00026480.npy,0,1,"[-0.24954277276992798, -0.02475820854306221]","[0.4440392851829529, 0.5559607148170471]",0.5559607148170471
00026481.npy,0,1,"[-0.08894205093383789, 0.18718665838241577]","[0.43140313029289246, 0.5685968995094299]",0.5685968995094299
00026482.npy,0,1,"[-0.16691482067108154, 0.24109020829200745]","[0.3993905782699585, 0.6006094217300415]",0.6006094217300415
00026483.npy,1,1,"[0.04221353679895401, 0.35575634241104126]","[0.4222502112388611, 0.5777497887611389]",0.5777497887611389
00026484.npy,0,1,"[-0.019331999123096466, 0.58231520652771]","[0.35396695137023926, 0.6460331082344055]",0.6460331082344055
00026485.npy,0,1,"[-0.41139867901802063, 0.0466943085193634]","[0.3874382972717285, 0.6125616431236267]",0.6125616431236267
00026486.npy,0,1,"[-0.09716616570949554, 0.22741985321044922]","[0.4195585250854492, 0.5804415345191956]",0.5804415345191956
00026487.npy,0,1,"[0.010076425969600677, 0.46398046612739563]","[0.38843294978141785, 0.6115670204162598]",0.6115670204162598
00026488.npy,0,1,"[-0.24179407954216003, 0.1034548208117485]","[0.4145350158214569, 0.5854650139808655]",0.5854650139808655
00026489.npy,0,1,"[0.05030370503664017, 0.24446594715118408]","[0.45161136984825134, 0.548388659954071]",0.548388659954071
00026490.npy,0,1,"[-0.16993877291679382, -0.12534712255001068]","[0.48885396122932434, 0.511146068572998]",0.511146068572998
00026491.npy,0,1,"[-0.10671830177307129, 0.09655322879552841]","[0.4493563771247864, 0.5506436228752136]",0.5506436228752136
00026492.npy,0,1,"[0.09085554629564285, 0.513325572013855]","[0.3959258496761322, 0.6040741801261902]",0.6040741801261902
00026493.npy,0,1,"[-0.2335035502910614, 0.11036292463541031]","[0.41487056016921997, 0.58512943983078]",0.58512943983078
00026494.npy,1,1,"[-0.14278164505958557, 0.07739090174436569]","[0.44517818093299866, 0.5548218488693237]",0.5548218488693237
00026495.npy,0,1,"[-0.04164140671491623, 0.5542275905609131]","[0.35528936982154846, 0.6447106599807739]",0.6447106599807739
00026496.npy,0,1,"[-0.03844445198774338, 0.31769365072250366]","[0.4118947386741638, 0.5881052613258362]",0.5881052613258362
00026497.npy,0,1,"[-0.1981496512889862, -0.021435514092445374]","[0.455936074256897, 0.544063925743103]",0.544063925743103
00026498.npy,0,1,"[0.20712950825691223, 0.6054591536521912]","[0.4017137289047241, 0.5982862710952759]",0.5982862710952759
00026499.npy,0,1,"[-0.13594558835029602, 0.3723818361759186]","[0.3755857050418854, 0.624414324760437]",0.624414324760437
00026500.npy,1,1,"[0.22937574982643127, 0.8528550863265991]","[0.3489905297756195, 0.6510094404220581]",0.6510094404220581
00026501.npy,0,1,"[0.00537731871008873, 0.09184583276510239]","[0.47839632630348206, 0.5216036438941956]",0.5216036438941956
00026502.npy,0,1,"[-0.15854661166667938, 0.15829315781593323]","[0.42144614458084106, 0.5785539150238037]",0.5785539150238037
00026503.npy,1,1,"[0.043851278722286224, 0.40797874331474304]","[0.4099607765674591, 0.5900392532348633]",0.5900392532348633
00026504.npy,0,1,"[-0.08011485636234283, 0.09943900257349014]","[0.45523175597190857, 0.5447682738304138]",0.5447682738304138
00026505.npy,0,1,"[-0.004128929227590561, 0.2839016616344452]","[0.42848604917526245, 0.5715138912200928]",0.5715138912200928
00026506.npy,1,1,"[-0.2856695353984833, 0.18009784817695618]","[0.38561853766441345, 0.6143814325332642]",0.6143814325332642
00026507.npy,0,1,"[-0.16013753414154053, 0.0013645850121974945]","[0.4597119987010956, 0.5402880311012268]",0.5402880311012268
00026508.npy,0,1,"[-0.11127710342407227, 0.012050636112689972]","[0.4692070782184601, 0.5307929515838623]",0.5307929515838623
00026509.npy,0,1,"[-0.23892948031425476, -0.005648910999298096]","[0.4419429302215576, 0.5580570697784424]",0.5580570697784424
00026510.npy,1,1,"[-0.22034037113189697, 0.014626838266849518]","[0.44152697920799255, 0.5584730505943298]",0.5584730505943298
00026511.npy,0,1,"[-0.054969582706689835, 0.09281177073717117]","[0.46312177181243896, 0.536878228187561]",0.536878228187561
00026512.npy,0,1,"[-0.3140535354614258, -0.05202656611800194]","[0.4348655343055725, 0.5651345252990723]",0.5651345252990723
00026513.npy,0,1,"[0.029458634555339813, 0.06006286293268204]","[0.4923495054244995, 0.5076504349708557]",0.5076504349708557
00026514.npy,0,0,"[0.15152478218078613, 0.07480999082326889]","[0.519169270992279, 0.48083072900772095]",0.48083072900772095
00026515.npy,1,1,"[-0.30271753668785095, 0.15787392854690552]","[0.38684552907943726, 0.6131544709205627]",0.6131544709205627
00026516.npy,0,1,"[-0.07819422334432602, 0.6188461780548096]","[0.33246874809265137, 0.6675312519073486]",0.6675312519073486
00026517.npy,0,1,"[0.030039995908737183, 0.37199172377586365]","[0.415335476398468, 0.5846645832061768]",0.5846645832061768
00026518.npy,0,1,"[0.07449301332235336, 0.22221291065216064]","[0.46313703060150146, 0.5368629693984985]",0.5368629693984985
00026519.npy,0,1,"[0.14733615517616272, 0.4289444088935852]","[0.4300595223903656, 0.5699405074119568]",0.5699405074119568
00026520.npy,0,1,"[0.042818911373615265, 0.10941251367330551]","[0.4833577573299408, 0.5166422724723816]",0.5166422724723816
00026521.npy,0,1,"[-0.11862245202064514, 0.20882540941238403]","[0.4188617467880249, 0.5811383128166199]",0.5811383128166199
00026522.npy,0,1,"[-0.18920409679412842, -0.1393347978591919]","[0.4875352382659912, 0.5124647617340088]",0.5124647617340088
00026523.npy,0,1,"[-0.39978840947151184, -0.00979294627904892]","[0.40371841192245483, 0.5962816476821899]",0.5962816476821899
00026524.npy,0,1,"[0.04060693085193634, 0.35733330249786377]","[0.42147377133369446, 0.5785261988639832]",0.5785261988639832
00026525.npy,0,1,"[0.06385401636362076, 0.31216996908187866]","[0.4382380545139313, 0.5617619752883911]",0.5617619752883911
00026526.npy,0,1,"[0.03689216822385788, 0.4163353741168976]","[0.4062612056732178, 0.5937387943267822]",0.5937387943267822
00026527.npy,0,1,"[-0.11051902174949646, 0.16711249947547913]","[0.43103453516960144, 0.5689654350280762]",0.5689654350280762
00026528.npy,0,1,"[-0.11700364202260971, 0.20339897274971008]","[0.42057761549949646, 0.5794223546981812]",0.5794223546981812
00026529.npy,0,1,"[0.04942227900028229, 0.263968288898468]","[0.4465682804584503, 0.5534316897392273]",0.5534316897392273
00026530.npy,0,1,"[-0.23437756299972534, 0.030102916061878204]","[0.43426263332366943, 0.5657373666763306]",0.5657373666763306
00026531.npy,0,1,"[-0.08511887490749359, 0.28677886724472046]","[0.408082515001297, 0.5919174551963806]",0.5919174551963806
00026532.npy,0,1,"[-0.10500062257051468, 0.03519757091999054]","[0.4650077819824219, 0.5349922776222229]",0.5349922776222229
00026533.npy,0,1,"[0.0795007273554802, 0.3149409592151642]","[0.4414103329181671, 0.5585896372795105]",0.5585896372795105
00026534.npy,0,1,"[0.019922979176044464, 0.17703235149383545]","[0.46080324053764343, 0.5391967296600342]",0.5391967296600342
00026535.npy,0,1,"[0.07925625890493393, 0.14541375637054443]","[0.48346665501594543, 0.516533374786377]",0.516533374786377
00026536.npy,0,1,"[-0.170759916305542, 0.16790762543678284]","[0.41613316535949707, 0.5838667750358582]",0.5838667750358582
00026537.npy,0,1,"[0.0934365913271904, 0.3417867124080658]","[0.43822962045669556, 0.5617703795433044]",0.5617703795433044
00026538.npy,0,1,"[0.07427715510129929, 0.30276060104370117]","[0.4431263506412506, 0.5568736791610718]",0.5568736791610718
00026539.npy,0,1,"[-0.06608600169420242, 0.18050312995910645]","[0.43866321444511414, 0.5613368153572083]",0.5613368153572083
00026540.npy,1,1,"[-0.4360577166080475, -0.02884892374277115]","[0.3995816111564636, 0.6004184484481812]",0.6004184484481812
00026541.npy,0,1,"[-0.1835079789161682, 0.039766743779182434]","[0.44441208243370056, 0.5555879473686218]",0.5555879473686218
00026542.npy,0,1,"[-0.043706655502319336, 0.3264104723930359]","[0.4085127115249634, 0.5914872884750366]",0.5914872884750366
00026543.npy,0,1,"[-0.16025418043136597, 0.20476976037025452]","[0.4097439646720886, 0.5902560353279114]",0.5902560353279114
00026544.npy,0,1,"[-0.3513011336326599, 0.0307009294629097]","[0.40564408898353577, 0.5943558812141418]",0.5943558812141418
00026545.npy,0,1,"[-0.07881233841180801, 0.1381222903728485]","[0.4459780156612396, 0.554021954536438]",0.554021954536438
00026546.npy,0,1,"[0.07572705298662186, 0.4053970277309418]","[0.4183209538459778, 0.5816790461540222]",0.5816790461540222
00026547.npy,1,1,"[-0.44527673721313477, 0.2148313820362091]","[0.34071534872055054, 0.6592847108840942]",0.6592847108840942
00026548.npy,0,1,"[0.0202348455786705, 0.25465360283851624]","[0.4416622221469879, 0.5583378076553345]",0.5583378076553345
00026549.npy,0,1,"[-0.11350008100271225, 0.06307163834571838]","[0.4559714198112488, 0.5440285801887512]",0.5440285801887512
00026550.npy,1,1,"[0.13768479228019714, 0.6993843913078308]","[0.3631542921066284, 0.6368457078933716]",0.6368457078933716
00026551.npy,0,1,"[-0.2609289884567261, 0.10600846260786057]","[0.40928125381469727, 0.5907187461853027]",0.5907187461853027
00026552.npy,0,1,"[-0.05623217299580574, 0.05814393609762192]","[0.47143712639808655, 0.5285629034042358]",0.5285629034042358
00026553.npy,0,1,"[0.16848811507225037, 0.3471442759037018]","[0.45545437932014465, 0.544545590877533]",0.544545590877533
00026554.npy,0,0,"[0.10622241348028183, 0.05910945683717728]","[0.5117760896682739, 0.48822394013404846]",0.48822394013404846
00026555.npy,0,1,"[-0.005095541477203369, 0.07788974791765213]","[0.47926560044288635, 0.520734429359436]",0.520734429359436
00026556.npy,0,1,"[0.10891305655241013, 0.43842944502830505]","[0.41835832595825195, 0.581641674041748]",0.581641674041748
00026557.npy,0,1,"[0.11960985511541367, 0.30638235807418823]","[0.45344212651252747, 0.5465578436851501]",0.5465578436851501
00026558.npy,0,1,"[-0.42138996720314026, 0.004920244216918945]","[0.39500778913497925, 0.6049922108650208]",0.6049922108650208
00026559.npy,0,0,"[0.14190232753753662, 0.04408051818609238]","[0.5244359374046326, 0.47556400299072266]",0.47556400299072266
00026560.npy,0,1,"[-0.029001552611589432, 0.5187039375305176]","[0.3663969337940216, 0.633603036403656]",0.633603036403656
00026561.npy,0,1,"[-0.10239921510219574, 0.1266886293888092]","[0.4429771900177002, 0.557022750377655]",0.557022750377655
00026562.npy,0,1,"[0.39258748292922974, 0.6976833343505859]","[0.4243122637271881, 0.5756877660751343]",0.5756877660751343
00026563.npy,0,1,"[-0.17338958382606506, 0.32469478249549866]","[0.3779909610748291, 0.6220090389251709]",0.6220090389251709
00026564.npy,0,1,"[-0.19015687704086304, 0.10425915569067001]","[0.42692309617996216, 0.5730769038200378]",0.5730769038200378
00026565.npy,0,1,"[-0.31022900342941284, 0.14017093181610107]","[0.38926568627357483, 0.6107342839241028]",0.6107342839241028
00026566.npy,0,1,"[-0.13829921185970306, -0.05355588346719742]","[0.4788268208503723, 0.5211731195449829]",0.5211731195449829
00026567.npy,0,1,"[-0.1275802105665207, 0.22583749890327454]","[0.4125538766384125, 0.5874460935592651]",0.5874460935592651
00026568.npy,0,1,"[-0.278545618057251, 0.07946137338876724]","[0.4114421010017395, 0.5885579586029053]",0.5885579586029053
00026569.npy,0,1,"[0.1323148012161255, 0.4627358615398407]","[0.41813820600509644, 0.5818617939949036]",0.5818617939949036
00026570.npy,0,1,"[0.007474157959222794, 0.013930238783359528]","[0.4983859956264496, 0.5016140341758728]",0.5016140341758728
00026571.npy,0,1,"[0.14492490887641907, 0.37311655282974243]","[0.4431983530521393, 0.5568016767501831]",0.5568016767501831
00026572.npy,0,1,"[-0.1689470410346985, 0.017709553241729736]","[0.4534708857536316, 0.5465291142463684]",0.5465291142463684
00026573.npy,0,1,"[-0.009550072252750397, 0.23805785179138184]","[0.4384123682975769, 0.5615876913070679]",0.5615876913070679
00026574.npy,0,1,"[-0.006964132189750671, 0.22906991839408875]","[0.44126394391059875, 0.5587360858917236]",0.5587360858917236
00026575.npy,0,1,"[0.16492658853530884, 0.381855845451355]","[0.44597938656806946, 0.5540206432342529]",0.5540206432342529
00026576.npy,0,1,"[-0.18560341000556946, 0.048617422580718994]","[0.44171103835105896, 0.5582889914512634]",0.5582889914512634
00026577.npy,0,1,"[-0.3298833966255188, -0.1878143548965454]","[0.46454235911369324, 0.5354576706886292]",0.5354576706886292
00026578.npy,0,0,"[0.1717890202999115, 0.11636064201593399]","[0.5138535499572754, 0.4861464500427246]",0.4861464500427246
00026579.npy,0,1,"[-0.1324867606163025, 0.15621861815452576]","[0.42832082509994507, 0.5716791152954102]",0.5716791152954102
00026580.npy,0,1,"[-0.2814643979072571, 0.06558897346258163]","[0.4140971601009369, 0.5859028697013855]",0.5859028697013855
00026581.npy,0,1,"[-0.0742642730474472, 0.07245749980211258]","[0.4633852243423462, 0.5366147756576538]",0.5366147756576538
00026582.npy,1,1,"[-0.1872933804988861, 0.1872020661830902]","[0.4074552059173584, 0.5925447940826416]",0.5925447940826416
00026583.npy,0,0,"[-0.05466153845191002, -0.0749647319316864]","[0.5050756335258484, 0.4949243664741516]",0.4949243664741516
00026584.npy,0,1,"[0.04136174917221069, 0.37237977981567383]","[0.4179929494857788, 0.5820070505142212]",0.5820070505142212
00026585.npy,0,1,"[-0.1763257086277008, 0.2137642502784729]","[0.40369564294815063, 0.5963043570518494]",0.5963043570518494
00026586.npy,0,1,"[-0.18538260459899902, 0.05597306787967682]","[0.4399522840976715, 0.5600476861000061]",0.5600476861000061
00026587.npy,0,0,"[0.048703938722610474, 0.028403088450431824]","[0.5050750374794006, 0.49492496252059937]",0.49492496252059937
00026588.npy,0,1,"[-0.0023181773722171783, 0.12612497806549072]","[0.4679332971572876, 0.5320667028427124]",0.5320667028427124
00026589.npy,0,1,"[0.13193514943122864, 0.34778809547424316]","[0.44624534249305725, 0.5537546873092651]",0.5537546873092651
00026590.npy,0,1,"[-0.21076196432113647, 0.09435347467660904]","[0.4243074357509613, 0.5756925344467163]",0.5756925344467163
00026591.npy,0,1,"[-0.027763303369283676, 0.11512557417154312]","[0.4643384516239166, 0.5356615781784058]",0.5356615781784058
00026592.npy,0,1,"[-0.009000852704048157, 0.20004892349243164]","[0.4479270577430725, 0.5520729422569275]",0.5520729422569275
00026593.npy,0,1,"[-0.2915254533290863, 0.1843966543674469]","[0.3832155466079712, 0.6167844533920288]",0.6167844533920288
00026594.npy,1,1,"[-0.12767420709133148, 0.20144122838974]","[0.41845589876174927, 0.5815441608428955]",0.5815441608428955
00026595.npy,0,1,"[-0.12252304702997208, 0.19022247195243835]","[0.42244473099708557, 0.5775552988052368]",0.5775552988052368
00026596.npy,1,1,"[0.07566065341234207, 0.3748168647289276]","[0.4257637560367584, 0.5742362141609192]",0.5742362141609192
00026597.npy,1,1,"[-0.16528566181659698, 0.328117311000824]","[0.379092276096344, 0.6209077835083008]",0.6209077835083008
00026598.npy,0,1,"[-0.28782933950424194, -0.04458097368478775]","[0.439486026763916, 0.5605140328407288]",0.5605140328407288
00026599.npy,0,1,"[-0.23161211609840393, 0.0676366463303566]","[0.42574113607406616, 0.5742588639259338]",0.5742588639259338
00026600.npy,0,1,"[-0.7461664080619812, -0.12347923219203949]","[0.3491705358028412, 0.6508294939994812]",0.6508294939994812
00026601.npy,1,1,"[-0.09669703245162964, 0.3170393705368042]","[0.3980165421962738, 0.6019834280014038]",0.6019834280014038
00026602.npy,0,1,"[-0.16060228645801544, 0.07801245898008347]","[0.440627783536911, 0.5593722462654114]",0.5593722462654114
00026603.npy,0,1,"[-0.16580632328987122, 0.0677996352314949]","[0.44186267256736755, 0.5581373572349548]",0.5581373572349548
00026604.npy,1,1,"[0.014785245060920715, 0.47835496068000793]","[0.3861393332481384, 0.6138606667518616]",0.6138606667518616
00026605.npy,0,1,"[0.25698477029800415, 0.73548424243927]","[0.38260650634765625, 0.6173934936523438]",0.6173934936523438
00026606.npy,0,1,"[-0.11018452048301697, 0.1008334830403328]","[0.44744038581848145, 0.5525596141815186]",0.5525596141815186
00026607.npy,1,1,"[-0.19920271635055542, 0.19172486662864685]","[0.4034940302371979, 0.5965059995651245]",0.5965059995651245
00026608.npy,0,1,"[-0.15720418095588684, 0.043440356850624084]","[0.45000648498535156, 0.5499935150146484]",0.5499935150146484
00026609.npy,0,1,"[0.07069139182567596, 0.3698735535144806]","[0.42575740814208984, 0.5742425918579102]",0.5742425918579102
00026610.npy,0,1,"[0.1131979450583458, 0.31794628500938416]","[0.44899100065231323, 0.5510089993476868]",0.5510089993476868
00026611.npy,0,1,"[0.09329733997583389, 0.3816777467727661]","[0.4284003973007202, 0.5715996026992798]",0.5715996026992798
00026612.npy,0,1,"[0.2130768597126007, 0.4069211184978485]","[0.45169010758399963, 0.548309862613678]",0.548309862613678
00026613.npy,0,1,"[0.15496283769607544, 0.2751234471797943]","[0.4699959456920624, 0.53000408411026]",0.53000408411026
00026614.npy,0,1,"[0.03830323368310928, 0.21380040049552917]","[0.45623794198036194, 0.5437620282173157]",0.5437620282173157
00026615.npy,0,1,"[0.06630335003137589, 0.1943100392818451]","[0.46804195642471313, 0.5319580435752869]",0.5319580435752869
00026616.npy,1,1,"[0.13341379165649414, 0.4786786735057831]","[0.4145311415195465, 0.5854688286781311]",0.5854688286781311
00026617.npy,1,1,"[-0.1429247111082077, 0.07654256373643875]","[0.44535234570503235, 0.5546476244926453]",0.5546476244926453
00026618.npy,0,1,"[0.2338632345199585, 0.47420480847358704]","[0.44020217657089233, 0.5597978234291077]",0.5597978234291077
00026619.npy,0,1,"[-0.49106737971305847, -0.12728404998779297]","[0.4100440442562103, 0.5899559855461121]",0.5899559855461121
00026620.npy,0,1,"[0.047192297875881195, 0.4668547213077545]","[0.3965975344181061, 0.6034024357795715]",0.6034024357795715
00026621.npy,0,1,"[0.09765695780515671, 0.48170891404151917]","[0.40514999628067017, 0.5948500037193298]",0.5948500037193298
00026622.npy,0,1,"[-0.023996591567993164, 0.39177364110946655]","[0.39752933382987976, 0.6024706363677979]",0.6024706363677979
00026623.npy,0,1,"[0.029914043843746185, 0.5511544942855835]","[0.3725621998310089, 0.6274377703666687]",0.6274377703666687
00026624.npy,0,1,"[0.143795907497406, 0.4860774576663971]","[0.4152553677558899, 0.5847445726394653]",0.5847445726394653
00026625.npy,0,0,"[0.301274836063385, 0.28106486797332764]","[0.5050523281097412, 0.4949477016925812]",0.4949477016925812
00026626.npy,1,1,"[-0.0011029243469238281, 0.09789494425058365]","[0.47527074813842773, 0.524729311466217]",0.524729311466217
00026627.npy,0,1,"[-0.15714925527572632, 0.08409301191568375]","[0.43998023867607117, 0.5600197911262512]",0.5600197911262512
00026628.npy,0,1,"[-0.1922224462032318, 0.1020629033446312]","[0.42695507407188416, 0.5730448961257935]",0.5730448961257935
00026629.npy,0,1,"[-0.11986450850963593, -0.050646744668483734]","[0.48270246386528015, 0.5172975659370422]",0.5172975659370422
00026630.npy,0,1,"[0.0488094687461853, 0.38377901911735535]","[0.4170319437980652, 0.5829680562019348]",0.5829680562019348
00026631.npy,1,1,"[-0.19473883509635925, -0.01375902071595192]","[0.45487815141677856, 0.5451218485832214]",0.5451218485832214
00026632.npy,0,1,"[0.12481335550546646, 0.5261223316192627]","[0.40099790692329407, 0.5990021228790283]",0.5990021228790283
00026633.npy,0,1,"[-0.034282319247722626, 0.31006595492362976]","[0.41475361585617065, 0.5852463841438293]",0.5852463841438293
00026634.npy,0,1,"[-0.18383482098579407, 0.053014643490314484]","[0.44106289744377136, 0.5589370727539062]",0.5589370727539062
00026635.npy,1,1,"[-0.024562161415815353, 0.08147416263818741]","[0.47351574897766113, 0.5264842510223389]",0.5264842510223389
00026636.npy,0,1,"[-0.16766631603240967, 0.038947559893131256]","[0.44852951169013977, 0.5514704585075378]",0.5514704585075378
00026637.npy,0,1,"[-0.06957653164863586, 0.07004181295633316]","[0.46515199542045593, 0.5348479747772217]",0.5348479747772217
00026638.npy,1,1,"[-0.23933392763137817, 0.2736028730869293]","[0.37450531125068665, 0.625494658946991]",0.625494658946991
00026639.npy,0,1,"[-0.10486336797475815, 0.17142686247825623]","[0.4313634932041168, 0.5686364769935608]",0.5686364769935608
00026640.npy,0,1,"[0.04006145894527435, 0.25219854712486267]","[0.44716373085975647, 0.5528362393379211]",0.5528362393379211
00026641.npy,0,1,"[-0.12779098749160767, 0.3146936893463135]","[0.3911490738391876, 0.60885089635849]",0.60885089635849
00026642.npy,0,1,"[-0.08260266482830048, 0.062367796897888184]","[0.4638207256793976, 0.53617924451828]",0.53617924451828
00026643.npy,0,1,"[-0.015482883900403976, 0.20796772837638855]","[0.4443686306476593, 0.5556313991546631]",0.5556313991546631
00026644.npy,0,1,"[0.07984264940023422, 0.10836925357580185]","[0.4928688406944275, 0.5071311593055725]",0.5071311593055725
00026645.npy,0,1,"[-0.008600976318120956, 0.23655760288238525]","[0.4390155076980591, 0.5609844923019409]",0.5609844923019409
00026646.npy,0,1,"[-0.11421319097280502, 0.14394089579582214]","[0.43581750988960266, 0.564182460308075]",0.564182460308075
00026647.npy,0,1,"[0.02417534589767456, 0.2614465057849884]","[0.44095897674560547, 0.5590410828590393]",0.5590410828590393
00026648.npy,0,1,"[0.014768548309803009, 0.43265500664711]","[0.39702263474464417, 0.6029773950576782]",0.6029773950576782
00026649.npy,0,1,"[0.13719579577445984, 0.36097294092178345]","[0.4442879855632782, 0.5557119846343994]",0.5557119846343994
00026650.npy,0,1,"[-0.08254464715719223, 0.14134937524795532]","[0.4442591667175293, 0.5557408332824707]",0.5557408332824707
00026651.npy,0,1,"[0.20929771661758423, 0.6515364050865173]","[0.39120766520500183, 0.6087923049926758]",0.6087923049926758
00026652.npy,0,1,"[-0.04003632813692093, 0.340813547372818]","[0.40592193603515625, 0.5940780639648438]",0.5940780639648438
00026653.npy,0,1,"[0.08381044119596481, 0.25306862592697144]","[0.4577861726284027, 0.5422137975692749]",0.5422137975692749
00026654.npy,0,1,"[-0.03950635343790054, 0.1552894413471222]","[0.4514544606208801, 0.5485454797744751]",0.5485454797744751
00026655.npy,0,1,"[-0.17394757270812988, 0.1128932312130928]","[0.42877745628356934, 0.5712225437164307]",0.5712225437164307
00026656.npy,0,1,"[0.15526261925697327, 0.4162648916244507]","[0.43511733412742615, 0.5648826360702515]",0.5648826360702515
00026657.npy,0,1,"[-0.2666254937648773, 0.05952053517103195]","[0.41917866468429565, 0.5808213949203491]",0.5808213949203491
00026658.npy,0,1,"[-0.30522462725639343, 0.2836468815803528]","[0.3568938374519348, 0.6431061625480652]",0.6431061625480652
00026659.npy,0,1,"[0.19138222932815552, 0.6168737411499023]","[0.3952034115791321, 0.6047965288162231]",0.6047965288162231
00026660.npy,0,1,"[0.1088004782795906, 0.43266794085502625]","[0.41973352432250977, 0.5802664756774902]",0.5802664756774902
00026661.npy,0,1,"[-0.17415520548820496, 0.21550530195236206]","[0.40379902720451355, 0.5962010025978088]",0.5962010025978088
00026662.npy,0,1,"[0.11927951127290726, 0.6331396102905273]","[0.37428906559944153, 0.6257109045982361]",0.6257109045982361
00026663.npy,0,1,"[0.0068108998239040375, 0.12641918659210205]","[0.47013354301452637, 0.5298664569854736]",0.5298664569854736
00026664.npy,0,1,"[-0.29923227429389954, 0.4472239911556244]","[0.3215939402580261, 0.6784060597419739]",0.6784060597419739
00026665.npy,0,0,"[0.0725412368774414, 0.06686268001794815]","[0.5014196038246155, 0.49858036637306213]",0.49858036637306213
00026666.npy,1,1,"[-0.07625257968902588, 0.11255624145269394]","[0.4529375433921814, 0.5470624566078186]",0.5470624566078186
00026667.npy,0,1,"[-0.06182244420051575, 0.23713311553001404]","[0.42581281065940857, 0.574187159538269]",0.574187159538269
00026668.npy,0,1,"[0.14153748750686646, 0.19591614603996277]","[0.48640865087509155, 0.5135912895202637]",0.5135912895202637
00026669.npy,0,1,"[-0.22829130291938782, 0.2118992805480957]","[0.3916955292224884, 0.6083044409751892]",0.6083044409751892
00026670.npy,0,1,"[0.0018975324928760529, 0.29261162877082825]","[0.4278290569782257, 0.5721709728240967]",0.5721709728240967
00026671.npy,0,1,"[-0.07393085211515427, 0.043590910732746124]","[0.47065332531929016, 0.5293466448783875]",0.5293466448783875
00026672.npy,0,1,"[0.17577201128005981, 0.30990973114967346]","[0.46651577949523926, 0.5334842205047607]",0.5334842205047607
00026673.npy,0,1,"[-0.08810053765773773, 0.10663842409849167]","[0.4514685273170471, 0.5485314726829529]",0.5485314726829529
00026674.npy,0,1,"[0.014016009867191315, 0.6348310708999634]","[0.3495961129665375, 0.6504039168357849]",0.6504039168357849
00026675.npy,0,1,"[-0.033086128532886505, 0.28323620557785034]","[0.4215722978115082, 0.5784277319908142]",0.5784277319908142
00026676.npy,1,1,"[-0.07892908900976181, 0.5508716702461243]","[0.3475557565689087, 0.6524443030357361]",0.6524443030357361
00026677.npy,0,1,"[-0.05873953551054001, 0.07840081304311752]","[0.4657685458660126, 0.534231424331665]",0.534231424331665
00026678.npy,1,1,"[0.04074402153491974, 0.3136143684387207]","[0.4322025775909424, 0.5677974224090576]",0.5677974224090576
00026679.npy,0,1,"[-0.196661114692688, -0.04717373847961426]","[0.4626975953578949, 0.5373023748397827]",0.5373023748397827
00026680.npy,0,1,"[-0.03790075331926346, 0.4153875410556793]","[0.38857921957969666, 0.611420750617981]",0.611420750617981
00026681.npy,1,1,"[-0.20182734727859497, 0.11287549883127213]","[0.4219672381877899, 0.5780327916145325]",0.5780327916145325
00026682.npy,0,1,"[-0.1554391086101532, 0.23732632398605347]","[0.40305179357528687, 0.5969482660293579]",0.5969482660293579
00026683.npy,0,1,"[0.41794466972351074, 0.7790666222572327]","[0.41068801283836365, 0.5893120169639587]",0.5893120169639587
00026684.npy,0,1,"[-0.2142713963985443, 0.044323764741420746]","[0.4357090890407562, 0.5642909407615662]",0.5642909407615662
00026685.npy,0,1,"[-0.1174473837018013, 0.40346813201904297]","[0.37263816595077515, 0.6273618340492249]",0.6273618340492249
00026686.npy,0,1,"[0.11122580617666245, 0.3551160395145416]","[0.4393278956413269, 0.5606721043586731]",0.5606721043586731
00026687.npy,0,1,"[-0.22044283151626587, -0.0616234727203846]","[0.46037840843200684, 0.5396215915679932]",0.5396215915679932
00026688.npy,0,1,"[0.0847286805510521, 0.4308457672595978]","[0.4143243730068207, 0.5856756567955017]",0.5856756567955017
00026689.npy,0,1,"[0.02048400789499283, 0.19585976004600525]","[0.4562681019306183, 0.5437319278717041]",0.5437319278717041
00026690.npy,0,1,"[-0.053654760122299194, 0.004528522491455078]","[0.48545828461647034, 0.5145416855812073]",0.5145416855812073
00026691.npy,0,1,"[0.20929747819900513, 0.572786808013916]","[0.41011515259742737, 0.5898848176002502]",0.5898848176002502
00026692.npy,0,1,"[-0.09285548329353333, 0.11668052524328232]","[0.44780680537223816, 0.5521931648254395]",0.5521931648254395
00026693.npy,0,1,"[-0.02130075916647911, 0.24467960000038147]","[0.43389415740966797, 0.5661057829856873]",0.5661057829856873
00026694.npy,0,1,"[0.2761032283306122, 0.3872399628162384]","[0.47224438190460205, 0.527755618095398]",0.527755618095398
00026695.npy,1,1,"[0.24594807624816895, 0.620136559009552]","[0.4075293242931366, 0.592470645904541]",0.592470645904541
00026696.npy,0,1,"[0.051987551152706146, 0.4155673682689667]","[0.4100932478904724, 0.5899066925048828]",0.5899066925048828
00026697.npy,1,1,"[-0.2216658592224121, 0.23764973878860474]","[0.3871482014656067, 0.6128518581390381]",0.6128518581390381
00026698.npy,0,1,"[0.13677766919136047, 0.31818515062332153]","[0.45477208495140076, 0.5452278852462769]",0.5452278852462769
00026699.npy,0,1,"[-0.01934647560119629, 0.38537952303886414]","[0.40017738938331604, 0.5998226404190063]",0.5998226404190063
00026700.npy,0,1,"[-0.0844566598534584, 0.09594204276800156]","[0.4550222158432007, 0.5449777245521545]",0.5449777245521545
00026701.npy,0,1,"[-0.3179665505886078, 0.13387799263000488]","[0.3889222741127014, 0.6110776662826538]",0.6110776662826538
00026702.npy,1,1,"[-0.030532993376255035, 0.2646249532699585]","[0.4267415702342987, 0.5732583999633789]",0.5732583999633789
00026703.npy,0,1,"[-0.31202638149261475, -0.005806539207696915]","[0.4240376949310303, 0.5759623050689697]",0.5759623050689697
00026704.npy,0,1,"[-0.19662553071975708, 0.2231469452381134]","[0.39657121896743774, 0.603428840637207]",0.603428840637207
00026705.npy,0,1,"[-0.1295386403799057, 0.05848997086286545]","[0.453130841255188, 0.546869158744812]",0.546869158744812
00026706.npy,0,1,"[-0.2178346812725067, 0.16092449426651]","[0.40642616152763367, 0.593573808670044]",0.593573808670044
00026707.npy,0,1,"[-0.051189836114645004, 0.09832743555307388]","[0.46269017457962036, 0.5373098254203796]",0.5373098254203796
00026708.npy,1,1,"[-0.019559457898139954, 0.2754373550415039]","[0.42678102850914, 0.5732190012931824]",0.5732190012931824
00026709.npy,0,1,"[-0.0716140866279602, 0.035304032266139984]","[0.4732958972454071, 0.5267040729522705]",0.5267040729522705
00026710.npy,1,1,"[-0.208469420671463, 0.17017605900764465]","[0.4064536392688751, 0.5935463905334473]",0.5935463905334473
00026711.npy,0,1,"[-0.3534803092479706, -0.0861622542142868]","[0.4335656464099884, 0.566434383392334]",0.566434383392334
00026712.npy,0,1,"[-0.04469285532832146, 0.17491677403450012]","[0.44531717896461487, 0.5546827912330627]",0.5546827912330627
00026713.npy,0,1,"[-0.24023586511611938, -0.10120217502117157]","[0.4652974605560303, 0.5347025394439697]",0.5347025394439697
00026714.npy,1,1,"[-0.418097585439682, -0.029649600386619568]","[0.4040909707546234, 0.595909059047699]",0.595909059047699
00026715.npy,0,1,"[-0.08397036790847778, 0.1862001121044159]","[0.4328652620315552, 0.5671347379684448]",0.5671347379684448
00026716.npy,0,1,"[-0.14972329139709473, 0.09273415058851242]","[0.4396808445453644, 0.560319185256958]",0.560319185256958
00026717.npy,0,1,"[0.03786391019821167, 0.12070827931165695]","[0.47930076718330383, 0.5206992626190186]",0.5206992626190186
00026718.npy,0,1,"[-0.20440763235092163, -0.021885298192501068]","[0.4544956684112549, 0.5455042719841003]",0.5455042719841003
00026719.npy,0,1,"[0.00869067758321762, 0.534932553768158]","[0.3713938295841217, 0.6286062002182007]",0.6286062002182007
00026720.npy,0,1,"[-0.05168844386935234, 0.1850651204586029]","[0.4410865306854248, 0.5589134693145752]",0.5589134693145752
00026721.npy,0,1,"[-0.10275367647409439, 0.2827683091163635]","[0.40479576587677, 0.5952042937278748]",0.5952042937278748
00026722.npy,0,1,"[-0.2685970664024353, -0.15850065648555756]","[0.472503662109375, 0.5274962782859802]",0.5274962782859802
00026723.npy,0,1,"[0.15749695897102356, 0.3635227084159851]","[0.4486749768257141, 0.5513250231742859]",0.5513250231742859
00026724.npy,0,1,"[-0.07971879839897156, 0.03921457380056381]","[0.47030165791511536, 0.5296983122825623]",0.5296983122825623
00026725.npy,0,1,"[0.05512823164463043, 0.3600752055644989]","[0.4243486225605011, 0.5756513476371765]",0.5756513476371765
00026726.npy,0,1,"[-0.04467032104730606, 0.25302910804748535]","[0.42611998319625854, 0.5738800168037415]",0.5738800168037415
00026727.npy,0,1,"[0.03576073795557022, 0.11145628243684769]","[0.4810851514339447, 0.5189148187637329]",0.5189148187637329
00026728.npy,0,1,"[0.3847271502017975, 0.7732948660850525]","[0.4040621221065521, 0.5959378480911255]",0.5959378480911255
00026729.npy,0,1,"[-0.08827123045921326, 0.06596899777650833]","[0.46151620149612427, 0.5384837985038757]",0.5384837985038757
00026730.npy,0,1,"[-0.21640431880950928, 0.16795006394386292]","[0.40507709980010986, 0.5949229001998901]",0.5949229001998901
00026731.npy,0,1,"[0.02769247442483902, 0.3539999723434448]","[0.4191393256187439, 0.5808606147766113]",0.5808606147766113
00026732.npy,0,1,"[-0.2535431385040283, -0.12222570180892944]","[0.46721774339675903, 0.532782256603241]",0.532782256603241
00026733.npy,1,1,"[0.049839019775390625, 0.38193246722221375]","[0.41773131489753723, 0.5822686553001404]",0.5822686553001404
00026734.npy,0,1,"[-0.20112508535385132, 0.12701046466827393]","[0.4186943769454956, 0.5813056826591492]",0.5813056826591492
00026735.npy,0,1,"[-0.17151695489883423, 0.12015344947576523]","[0.42759495973587036, 0.5724049806594849]",0.5724049806594849
00026736.npy,0,1,"[0.2710587978363037, 0.3199135959148407]","[0.48778873682022095, 0.512211263179779]",0.512211263179779
00026737.npy,0,1,"[0.2197631299495697, 0.30122464895248413]","[0.47964587807655334, 0.520354151725769]",0.520354151725769
00026738.npy,0,1,"[-0.1569027304649353, 0.08580305427312851]","[0.43961966037750244, 0.5603803396224976]",0.5603803396224976
00026739.npy,1,1,"[0.020440973341464996, 0.4042382836341858]","[0.40521135926246643, 0.5947886109352112]",0.5947886109352112
00026740.npy,0,1,"[-0.029847105965018272, 0.17483139038085938]","[0.4490082859992981, 0.5509917736053467]",0.5509917736053467
00026741.npy,0,1,"[-0.2871580719947815, -0.0220392644405365]","[0.4341058135032654, 0.5658941864967346]",0.5658941864967346
00026742.npy,1,1,"[0.0030049532651901245, 0.2024414837360382]","[0.4503054618835449, 0.5496945381164551]",0.5496945381164551
00026743.npy,0,1,"[-0.11924479901790619, 0.010471373796463013]","[0.46761634945869446, 0.5323836207389832]",0.5323836207389832
00026744.npy,0,1,"[-0.2983245849609375, -0.08056797832250595]","[0.44577494263648987, 0.5542250275611877]",0.5542250275611877
00026745.npy,0,1,"[-0.04859115928411484, 0.15575820207595825]","[0.4490897059440613, 0.5509103536605835]",0.5509103536605835
00026746.npy,0,1,"[-0.10881388187408447, 0.28266212344169617]","[0.4033620357513428, 0.5966379642486572]",0.5966379642486572
00026747.npy,0,1,"[0.2086244523525238, 0.3535820245742798]","[0.46382394433021545, 0.5361760854721069]",0.5361760854721069
00026748.npy,0,1,"[-0.015466254204511642, 0.09409729391336441]","[0.47263649106025696, 0.5273635387420654]",0.5273635387420654
00026749.npy,0,1,"[-0.11700069159269333, -0.004971634596586227]","[0.47202199697494507, 0.5279780030250549]",0.5279780030250549
00026750.npy,0,1,"[-0.13744574785232544, 0.003937326371669769]","[0.4647129774093628, 0.5352870225906372]",0.5352870225906372
00026751.npy,0,1,"[0.04794881492853165, 0.1652480661869049]","[0.47070878744125366, 0.5292912721633911]",0.5292912721633911
00026752.npy,0,1,"[0.16795393824577332, 0.2944277226924896]","[0.46842363476753235, 0.53157639503479]",0.53157639503479
00026753.npy,0,1,"[0.1674569845199585, 0.599370002746582]","[0.39366963505744934, 0.606330394744873]",0.606330394744873
00026754.npy,0,1,"[-0.09832946211099625, 0.051343634724617004]","[0.46265140175819397, 0.5373485684394836]",0.5373485684394836
00026755.npy,0,1,"[-0.05306963995099068, 0.43615028262138367]","[0.3800773620605469, 0.6199226379394531]",0.6199226379394531
00026756.npy,0,1,"[-0.10139457881450653, 0.0255277156829834]","[0.46831193566322327, 0.5316880345344543]",0.5316880345344543
00026757.npy,0,1,"[-0.17180036008358002, 0.023075230419635773]","[0.4514347314834595, 0.5485653281211853]",0.5485653281211853
00026758.npy,0,1,"[-0.03485449403524399, 0.08270720392465591]","[0.47064337134361267, 0.5293565988540649]",0.5293565988540649
00026759.npy,0,1,"[-0.2396237552165985, 0.22444626688957214]","[0.3860207200050354, 0.6139792203903198]",0.6139792203903198
00026760.npy,0,1,"[-0.21655058860778809, -0.1034138947725296]","[0.47174596786499023, 0.5282540321350098]",0.5282540321350098
00026761.npy,0,1,"[-0.06060176342725754, 0.16157600283622742]","[0.44468292593955994, 0.5553170442581177]",0.5553170442581177
00026762.npy,1,1,"[0.10188446193933487, 0.4782758057117462]","[0.40699753165245056, 0.593002438545227]",0.593002438545227
00026763.npy,0,1,"[-0.050916146486997604, 0.3283271789550781]","[0.40630942583084106, 0.5936905741691589]",0.5936905741691589
00026764.npy,0,1,"[-0.061710190027952194, 0.048300012946128845]","[0.47252514958381653, 0.5274748206138611]",0.5274748206138611
00026765.npy,0,1,"[-0.1650829315185547, 0.14891713857650757]","[0.42213866114616394, 0.5778613090515137]",0.5778613090515137
00026766.npy,0,1,"[-0.3850175738334656, -0.170175701379776]","[0.4464951753616333, 0.5535048246383667]",0.5535048246383667
00026767.npy,0,1,"[-0.01108364388346672, 0.3345697224140167]","[0.41443687677383423, 0.5855631232261658]",0.5855631232261658
00026768.npy,0,1,"[-0.28743329644203186, -0.05441911518573761]","[0.4420086145401001, 0.5579913854598999]",0.5579913854598999
00026769.npy,0,1,"[-0.12562866508960724, 0.06640543788671494]","[0.4521384537220001, 0.5478615164756775]",0.5478615164756775
00026770.npy,0,1,"[-0.22617316246032715, -0.044034820050001144]","[0.45459088683128357, 0.545409083366394]",0.545409083366394
00026771.npy,0,1,"[-0.09834880381822586, 0.18317437171936035]","[0.430080384016037, 0.5699195861816406]",0.5699195861816406
00026772.npy,0,1,"[-0.3745153546333313, 0.11102782934904099]","[0.38094401359558105, 0.6190559267997742]",0.6190559267997742
00026773.npy,0,1,"[-0.1724892556667328, 0.01166532188653946]","[0.45409104228019714, 0.5459089875221252]",0.5459089875221252
00026774.npy,0,1,"[-0.4712849259376526, -0.0027088820934295654]","[0.3849533200263977, 0.6150466799736023]",0.6150466799736023
00026775.npy,0,1,"[-0.14579170942306519, 0.16440638899803162]","[0.4230663776397705, 0.5769336223602295]",0.5769336223602295
00026776.npy,0,1,"[-0.0016347803175449371, 0.33942753076553345]","[0.41555145382881165, 0.5844485759735107]",0.5844485759735107
00026777.npy,0,1,"[0.07215546071529388, 0.3270646333694458]","[0.43661555647850037, 0.563384473323822]",0.563384473323822
00026778.npy,1,1,"[-0.12369224429130554, 0.23856055736541748]","[0.41041433811187744, 0.5895856618881226]",0.5895856618881226
00026779.npy,0,1,"[0.03893222659826279, 0.48747941851615906]","[0.38970625400543213, 0.6102937459945679]",0.6102937459945679
00026780.npy,0,1,"[-0.04401726648211479, 0.2664167582988739]","[0.4230087995529175, 0.5769911408424377]",0.5769911408424377
00026781.npy,0,1,"[0.12457338720560074, 0.34752488136291504]","[0.4444918632507324, 0.5555081367492676]",0.5555081367492676
00026782.npy,0,1,"[-0.2731912136077881, 0.006208047270774841]","[0.4306010603904724, 0.5693989396095276]",0.5693989396095276
00026783.npy,0,1,"[0.03739561885595322, 0.1672247052192688]","[0.4675882160663605, 0.5324117541313171]",0.5324117541313171
00026784.npy,0,1,"[0.15324059128761292, 0.5663298964500427]","[0.398171603679657, 0.601828396320343]",0.601828396320343
00026785.npy,0,1,"[-0.04660915583372116, 0.2678208649158478]","[0.42203378677368164, 0.5779661536216736]",0.5779661536216736
00026786.npy,0,1,"[-0.053082987666130066, 0.12190414220094681]","[0.4563645124435425, 0.5436354875564575]",0.5436354875564575
00026787.npy,0,1,"[-0.21752935647964478, -0.06007689610123634]","[0.4607180058956146, 0.5392820239067078]",0.5392820239067078
00026788.npy,0,1,"[-0.18556004762649536, 0.1752089560031891]","[0.4107733964920044, 0.5892266035079956]",0.5892266035079956
00026789.npy,0,1,"[0.011783190071582794, 0.3563769459724426]","[0.41469404101371765, 0.5853059887886047]",0.5853059887886047
00026790.npy,0,1,"[0.018323011696338654, 0.23323622345924377]","[0.4464775323867798, 0.5535224676132202]",0.5535224676132202
00026791.npy,0,1,"[0.20968785881996155, 0.49329736828804016]","[0.4295690953731537, 0.5704308748245239]",0.5704308748245239
00026792.npy,0,1,"[-0.22302132844924927, 0.31861644983291626]","[0.36780667304992676, 0.6321933269500732]",0.6321933269500732
00026793.npy,0,1,"[-0.01475076749920845, 0.12030404061079025]","[0.4662875533103943, 0.5337124466896057]",0.5337124466896057
00026794.npy,0,1,"[-0.32889604568481445, -0.1798247992992401]","[0.462801069021225, 0.5371989607810974]",0.5371989607810974
00026795.npy,0,1,"[0.09998295456171036, 0.39133721590042114]","[0.4276723563671112, 0.5723276734352112]",0.5723276734352112
00026796.npy,0,1,"[-0.09286587685346603, 0.2194211781024933]","[0.4225565791130066, 0.5774434208869934]",0.5774434208869934
00026797.npy,0,1,"[-0.025598619133234024, 0.01607847958803177]","[0.48958224058151245, 0.5104177594184875]",0.5104177594184875
00026798.npy,0,1,"[-0.1809747815132141, 0.23487058281898499]","[0.39751136302948, 0.60248863697052]",0.60248863697052
00026799.npy,0,1,"[-0.03808652237057686, 0.29402267932891846]","[0.417727530002594, 0.582272469997406]",0.582272469997406
00026800.npy,0,1,"[0.32433509826660156, 0.5621054768562317]","[0.4408358931541443, 0.5591641068458557]",0.5591641068458557
00026801.npy,0,1,"[-0.4277101755142212, 0.107825867831707]","[0.3692266047000885, 0.6307733654975891]",0.6307733654975891
00026802.npy,0,1,"[0.009018640965223312, 0.15489241480827332]","[0.46359607577323914, 0.5364038944244385]",0.5364038944244385
00026803.npy,0,1,"[-0.026152871549129486, 0.24189728498458862]","[0.43338581919670105, 0.5666141510009766]",0.5666141510009766
00026804.npy,0,1,"[-0.08694395422935486, 0.18077775835990906]","[0.43346649408340454, 0.5665335059165955]",0.5665335059165955
00026805.npy,0,1,"[0.18869009613990784, 0.35605376958847046]","[0.45825648307800293, 0.5417435169219971]",0.5417435169219971
00026806.npy,0,1,"[0.10314982384443283, 0.2970709502696991]","[0.4516710937023163, 0.5483289361000061]",0.5483289361000061
00026807.npy,0,1,"[-0.20017996430397034, -0.040177036076784134]","[0.46008437871932983, 0.5399155616760254]",0.5399155616760254
00026808.npy,1,1,"[-0.06300228089094162, 0.14484041929244995]","[0.44822558760643005, 0.5517744421958923]",0.5517744421958923
00026809.npy,0,0,"[0.19364210963249207, 0.1790519654750824]","[0.5036474466323853, 0.49635252356529236]",0.49635252356529236
00026810.npy,1,1,"[-0.04435049369931221, 0.22718361020088196]","[0.4325305223464966, 0.5674694776535034]",0.5674694776535034
00026811.npy,0,1,"[0.10423169285058975, 0.34385213255882263]","[0.4403798580169678, 0.5596200823783875]",0.5596200823783875
00026812.npy,0,1,"[-0.3555929362773895, 0.18968439102172852]","[0.3669607937335968, 0.6330392360687256]",0.6330392360687256
00026813.npy,0,1,"[-0.15103253722190857, 0.042925745248794556]","[0.4516618549823761, 0.5483381152153015]",0.5483381152153015
00026814.npy,0,1,"[-0.099046990275383, 0.35014206171035767]","[0.38955360651016235, 0.6104463934898376]",0.6104463934898376
00026815.npy,0,1,"[-0.3345593214035034, 0.05345693975687027]","[0.4041949510574341, 0.5958051085472107]",0.5958051085472107
00026816.npy,0,1,"[-0.09758263826370239, 0.19499415159225464]","[0.42737317085266113, 0.5726268887519836]",0.5726268887519836
00026817.npy,0,1,"[0.20560580492019653, 0.5199428200721741]","[0.4220564663410187, 0.5779435634613037]",0.5779435634613037
00026818.npy,0,1,"[0.016710832715034485, 0.3670686185359955]","[0.4132956862449646, 0.5867043137550354]",0.5867043137550354
00026819.npy,0,1,"[-0.12425073236227036, 0.2109827995300293]","[0.4169677495956421, 0.5830321907997131]",0.5830321907997131
00026820.npy,0,1,"[-0.10339300334453583, 0.0893377885222435]","[0.45196592807769775, 0.548034131526947]",0.548034131526947
00026821.npy,0,1,"[-0.26041609048843384, 0.037331052124500275]","[0.4261082708835602, 0.5738916993141174]",0.5738916993141174
00026822.npy,0,1,"[-0.14038853347301483, 0.09935449808835983]","[0.4403496980667114, 0.5596503019332886]",0.5596503019332886
00026823.npy,1,1,"[-0.34356212615966797, 0.2933032214641571]","[0.345955491065979, 0.6540445685386658]",0.6540445685386658
00026824.npy,1,1,"[-0.11461575329303741, 0.21297496557235718]","[0.41882696747779846, 0.5811730027198792]",0.5811730027198792
00026825.npy,0,1,"[0.05070572346448898, 0.1601993441581726]","[0.47265392541885376, 0.5273460745811462]",0.5273460745811462
00026826.npy,0,1,"[0.0955255851149559, 0.39067816734313965]","[0.42674291133880615, 0.5732571482658386]",0.5732571482658386
00026827.npy,0,1,"[-0.08238627016544342, 0.08654957264661789]","[0.45786619186401367, 0.5421338081359863]",0.5421338081359863
00026828.npy,0,1,"[-0.2961992025375366, -0.19639042019844055]","[0.4750685393810272, 0.5249314904212952]",0.5249314904212952
00026829.npy,0,1,"[0.004366002976894379, 0.3333149254322052]","[0.41849640011787415, 0.5815035700798035]",0.5815035700798035
00026830.npy,0,1,"[0.17691966891288757, 0.5582235455513]","[0.40581247210502625, 0.5941875576972961]",0.5941875576972961
00026831.npy,0,1,"[-0.05137968808412552, 0.5429399013519287]","[0.3556443452835083, 0.6443555951118469]",0.6443555951118469
00026832.npy,0,1,"[-0.1379191279411316, 0.4062669575214386]","[0.3672143220901489, 0.6327856779098511]",0.6327856779098511
00026833.npy,0,1,"[-0.11493106186389923, 0.33451053500175476]","[0.38949355483055115, 0.6105064749717712]",0.6105064749717712
00026834.npy,0,1,"[-0.13888993859291077, 0.41393840312957764]","[0.3652084767818451, 0.6347914934158325]",0.6347914934158325
00026835.npy,0,1,"[-0.26948800683021545, 0.05677543580532074]","[0.41915011405944824, 0.5808499455451965]",0.5808499455451965
00026836.npy,0,1,"[-0.32045480608940125, 0.16158190369606018]","[0.3817713260650635, 0.6182286739349365]",0.6182286739349365
00026837.npy,0,1,"[-0.17751586437225342, 0.09738264232873917]","[0.43170490860939026, 0.5682950615882874]",0.5682950615882874
00026838.npy,1,1,"[-0.2390502393245697, 0.10655700415372849]","[0.414448082447052, 0.5855519771575928]",0.5855519771575928
00026839.npy,1,1,"[0.12896806001663208, 0.5582629442214966]","[0.39429473876953125, 0.6057052612304688]",0.6057052612304688
00026840.npy,0,1,"[-0.10851109027862549, 0.30854225158691406]","[0.3972220718860626, 0.6027779579162598]",0.6027779579162598
00026841.npy,0,1,"[-0.09467561542987823, 0.37341976165771484]","[0.3850671648979187, 0.6149328947067261]",0.6149328947067261
00026842.npy,0,1,"[0.017679713666439056, 0.22337621450424194]","[0.4487564265727997, 0.5512435436248779]",0.5512435436248779
00026843.npy,0,1,"[0.014341957867145538, 0.5069326758384705]","[0.37928345799446106, 0.6207165718078613]",0.6207165718078613
00026844.npy,0,1,"[-0.0868968665599823, 0.28853461146354675]","[0.4072292447090149, 0.5927707552909851]",0.5927707552909851
00026845.npy,0,1,"[-0.21304142475128174, 0.10298428684473038]","[0.4216446280479431, 0.5783553719520569]",0.5783553719520569
00026846.npy,0,1,"[-0.10642898082733154, 0.2346135675907135]","[0.41555625200271606, 0.5844437479972839]",0.5844437479972839
00026847.npy,0,1,"[0.0019086115062236786, 0.7286123037338257]","[0.3259184956550598, 0.6740815043449402]",0.6740815043449402
00026848.npy,1,1,"[0.03324928134679794, 0.5786791443824768]","[0.36692535877227783, 0.6330746412277222]",0.6330746412277222
00026849.npy,0,1,"[-0.12137419730424881, 0.12714940309524536]","[0.438186913728714, 0.5618130564689636]",0.5618130564689636
00026850.npy,0,1,"[-0.1632155030965805, -0.010445494204759598]","[0.4618815779685974, 0.5381183624267578]",0.5381183624267578
00026851.npy,0,0,"[0.03046947717666626, -0.05901753902435303]","[0.5223568677902222, 0.4776431918144226]",0.4776431918144226
00026852.npy,0,0,"[-0.027212176471948624, -0.03879132121801376]","[0.5028947591781616, 0.4971052408218384]",0.4971052408218384
00026853.npy,0,1,"[-0.033753104507923126, 0.4105384349822998]","[0.39071884751319885, 0.6092811226844788]",0.6092811226844788
00026854.npy,0,1,"[0.14362400770187378, 0.5687066912651062]","[0.3953011631965637, 0.6046988368034363]",0.6046988368034363
00026855.npy,0,1,"[-0.10303886234760284, 0.12723571062088013]","[0.4426844120025635, 0.5573155879974365]",0.5573155879974365
00026856.npy,0,1,"[-0.09907608479261398, 0.14920425415039062]","[0.43824681639671326, 0.5617531538009644]",0.5617531538009644
00026857.npy,0,1,"[-0.15709984302520752, 0.19329440593719482]","[0.41328680515289307, 0.5867131948471069]",0.5867131948471069
00026858.npy,0,1,"[-0.1637379378080368, 0.10574813932180405]","[0.4330332577228546, 0.566966712474823]",0.566966712474823
00026859.npy,0,1,"[-0.46631142497062683, 0.23620861768722534]","[0.3312537670135498, 0.6687462329864502]",0.6687462329864502
00026860.npy,0,1,"[-0.22632327675819397, 0.20781534910202026]","[0.39313849806785583, 0.6068615317344666]",0.6068615317344666
00026861.npy,0,1,"[-0.08094485849142075, 0.3332768380641937]","[0.3979002833366394, 0.6020997762680054]",0.6020997762680054
00026862.npy,0,1,"[0.12803179025650024, 0.25076937675476074]","[0.4693540632724762, 0.5306459069252014]",0.5306459069252014
00026863.npy,0,1,"[0.014792844653129578, 0.12536945939064026]","[0.472383975982666, 0.527616024017334]",0.527616024017334
00026864.npy,0,1,"[-0.21930399537086487, 0.16397625207901]","[0.4053359925746918, 0.5946640372276306]",0.5946640372276306
00026865.npy,0,1,"[-0.33129099011421204, 0.07303538173437119]","[0.40027332305908203, 0.5997266173362732]",0.5997266173362732
00026866.npy,0,1,"[-0.10716496407985687, 0.33638817071914673]","[0.39089465141296387, 0.6091053485870361]",0.6091053485870361
00026867.npy,1,1,"[-0.24012494087219238, -0.14724814891815186]","[0.476797491312027, 0.5232025384902954]",0.5232025384902954
00026868.npy,1,1,"[0.20354923605918884, 0.5315632224082947]","[0.4187239408493042, 0.5812760591506958]",0.5812760591506958
00026869.npy,0,1,"[0.18524780869483948, 0.6042383313179016]","[0.3967583477497101, 0.6032416820526123]",0.6032416820526123
00026870.npy,1,1,"[-0.02258075401186943, 0.37465018033981323]","[0.4019778370857239, 0.5980222225189209]",0.5980222225189209
00026871.npy,0,1,"[-0.11412785202264786, 0.12451111525297165]","[0.44062182307243347, 0.5593782067298889]",0.5593782067298889
00026872.npy,0,1,"[-0.008961040526628494, 0.41676467657089233]","[0.3951474130153656, 0.604852557182312]",0.604852557182312
00026873.npy,0,1,"[-0.13510790467262268, -0.05943332239985466]","[0.48109039664268494, 0.5189096331596375]",0.5189096331596375
00026874.npy,0,1,"[-0.16131579875946045, -0.0006792359054088593]","[0.4599269926548004, 0.5400729775428772]",0.5400729775428772
00026875.npy,0,1,"[0.008597809821367264, 0.450374573469162]","[0.3913176953792572, 0.6086823344230652]",0.6086823344230652
00026876.npy,0,1,"[0.06561949104070663, 0.7636328339576721]","[0.3322528302669525, 0.6677471995353699]",0.6677471995353699
00026877.npy,0,1,"[-0.3545656204223633, -0.002449583262205124]","[0.412869393825531, 0.587130606174469]",0.587130606174469
00026878.npy,0,1,"[0.10793713480234146, 0.5573925375938416]","[0.3894902765750885, 0.6105097532272339]",0.6105097532272339
00026879.npy,0,1,"[-0.13413295149803162, 0.2959131598472595]","[0.39411529898643494, 0.6058846712112427]",0.6058846712112427
00026880.npy,0,1,"[-0.12033246457576752, 0.3641420006752014]","[0.3811960816383362, 0.618803858757019]",0.618803858757019
00026881.npy,0,1,"[-0.2386002242565155, 0.27523836493492126]","[0.37429410219192505, 0.625705897808075]",0.625705897808075
00026882.npy,0,1,"[0.04225848615169525, 0.16344895958900452]","[0.4697394073009491, 0.5302605628967285]",0.5302605628967285
00026883.npy,0,1,"[-0.09263148903846741, 0.20490890741348267]","[0.4261588454246521, 0.5738410949707031]",0.5738410949707031
00026884.npy,0,1,"[0.19156414270401, 0.4293609857559204]","[0.4408293664455414, 0.559170663356781]",0.559170663356781
00026885.npy,0,1,"[-0.21393129229545593, 0.028999917209148407]","[0.43956413865089417, 0.5604358911514282]",0.5604358911514282
00026886.npy,0,1,"[0.3168681263923645, 0.9693392515182495]","[0.3424328863620758, 0.6575671434402466]",0.6575671434402466
00026887.npy,0,1,"[0.10838263481855392, 0.18439039587974548]","[0.4810071885585785, 0.5189927816390991]",0.5189927816390991
00026888.npy,0,1,"[-0.056033629924058914, 0.1827351152896881]","[0.4405898153781891, 0.5594102144241333]",0.5594102144241333
00026889.npy,0,1,"[0.0018587186932563782, 0.43490609526634216]","[0.39339888095855713, 0.6066011190414429]",0.6066011190414429
00026890.npy,0,1,"[0.053259193897247314, 0.1431470513343811]","[0.4775431752204895, 0.5224568247795105]",0.5224568247795105
00026891.npy,0,1,"[0.07900334149599075, 0.5017818808555603]","[0.39585205912590027, 0.6041479110717773]",0.6041479110717773
00026892.npy,0,1,"[-0.14460493624210358, 0.0704878494143486]","[0.4464331567287445, 0.5535668134689331]",0.5535668134689331
00026893.npy,0,1,"[0.017583951354026794, 0.3502885699272156]","[0.4175827205181122, 0.5824173092842102]",0.5824173092842102
00026894.npy,0,1,"[-0.17693525552749634, 0.13144436478614807]","[0.4235103130340576, 0.5764896869659424]",0.5764896869659424
00026895.npy,0,1,"[-0.17292392253875732, -0.036561958491802216]","[0.4659622311592102, 0.534037709236145]",0.534037709236145
00026896.npy,0,1,"[-0.0690084770321846, 0.291124165058136]","[0.4109274446964264, 0.589072585105896]",0.589072585105896
00026897.npy,0,1,"[-0.17092639207839966, 0.3020997643470764]","[0.3839002251625061, 0.6160997748374939]",0.6160997748374939
00026898.npy,0,1,"[-0.013872768729925156, 0.3036426603794098]","[0.4212813675403595, 0.5787186026573181]",0.5787186026573181
00026899.npy,0,1,"[-0.09391632676124573, 0.19392064213752747]","[0.4285334646701813, 0.5714665055274963]",0.5714665055274963
00026900.npy,0,1,"[-0.10679084062576294, 0.1705804467201233]","[0.4310983419418335, 0.5689015984535217]",0.5689015984535217
00026901.npy,0,1,"[-0.04278995841741562, 0.4226412773132324]","[0.3856981694698334, 0.6143018007278442]",0.6143018007278442
00026902.npy,0,1,"[0.007352318614721298, 0.2159840166568756]","[0.4480304718017578, 0.5519695281982422]",0.5519695281982422
00026903.npy,0,1,"[-0.3098362982273102, 0.1658249795436859]","[0.38327714800834656, 0.616722822189331]",0.616722822189331
00026904.npy,0,1,"[-0.03060588613152504, 0.2500244081020355]","[0.4302992820739746, 0.5697007179260254]",0.5697007179260254
00026905.npy,0,1,"[-0.02445073053240776, 0.30696070194244385]","[0.41789722442626953, 0.5821027159690857]",0.5821027159690857
00026906.npy,0,1,"[-0.4192887544631958, 0.016703367233276367]","[0.3926963806152344, 0.6073036193847656]",0.6073036193847656
00026907.npy,0,1,"[-0.023187661543488503, 0.13986971974372864]","[0.45932576060295105, 0.5406742691993713]",0.5406742691993713
00026908.npy,0,1,"[-0.2641334533691406, 0.3187723457813263]","[0.3582642078399658, 0.6417357325553894]",0.6417357325553894
00026909.npy,1,1,"[0.08406921476125717, 0.1511293351650238]","[0.4832412600517273, 0.5167587399482727]",0.5167587399482727
00026910.npy,0,1,"[-0.30230003595352173, -0.00499337911605835]","[0.4262160360813141, 0.5737839937210083]",0.5737839937210083
00026911.npy,0,1,"[-0.2713208496570587, -0.05523095279932022]","[0.44618675112724304, 0.5538132190704346]",0.5538132190704346
00026912.npy,0,1,"[-0.18958601355552673, 0.14053362607955933]","[0.41821154952049255, 0.5817884802818298]",0.5817884802818298
00026913.npy,0,1,"[0.11561273783445358, 0.36935368180274963]","[0.4369029700756073, 0.5630970597267151]",0.5630970597267151
00026914.npy,0,1,"[-0.012237299233675003, 0.30323898792266846]","[0.4217786192893982, 0.5782213807106018]",0.5782213807106018
00026915.npy,1,1,"[-0.3209001421928406, -0.021738842129707336]","[0.4257625341415405, 0.5742374658584595]",0.5742374658584595
00026916.npy,0,0,"[-0.03288800269365311, -0.06733939051628113]","[0.5086119771003723, 0.4913880228996277]",0.4913880228996277
00026917.npy,0,1,"[-0.4539267122745514, -0.0404244139790535]","[0.39807265996932983, 0.6019273996353149]",0.6019273996353149
00026918.npy,0,1,"[-0.05515529587864876, 0.0412396639585495]","[0.4759199023246765, 0.5240800976753235]",0.5240800976753235
00026919.npy,0,1,"[0.18060335516929626, 0.33840060234069824]","[0.46063232421875, 0.53936767578125]",0.53936767578125
00026920.npy,0,1,"[-0.18502521514892578, 0.13036996126174927]","[0.42179837822914124, 0.5782015919685364]",0.5782015919685364
00026921.npy,0,1,"[-0.1004667729139328, 0.018336132168769836]","[0.47033417224884033, 0.5296658277511597]",0.5296658277511597
00026922.npy,0,1,"[-0.23728924989700317, 0.12260615080595016]","[0.4109848737716675, 0.5890151262283325]",0.5890151262283325
00026923.npy,0,1,"[0.1364317536354065, 0.5196844935417175]","[0.40534263849258423, 0.5946573615074158]",0.5946573615074158
00026924.npy,0,1,"[0.23740637302398682, 0.4095197319984436]","[0.4570775628089905, 0.5429224371910095]",0.5429224371910095
00026925.npy,0,1,"[-0.24183788895606995, -0.10251625627279282]","[0.46522584557533264, 0.5347741842269897]",0.5347741842269897
00026926.npy,0,1,"[-0.025305496528744698, 0.2571527659893036]","[0.4298512041568756, 0.5701488256454468]",0.5701488256454468
00026927.npy,0,1,"[0.11438708752393723, 0.4536328613758087]","[0.41599270701408386, 0.5840072631835938]",0.5840072631835938
00026928.npy,0,1,"[-0.05741802975535393, 0.12145546823740005]","[0.4554004669189453, 0.5445995330810547]",0.5445995330810547
00026929.npy,0,1,"[-0.13799135386943817, 0.12024246901273727]","[0.43579792976379395, 0.564202070236206]",0.564202070236206
00026930.npy,0,1,"[0.055969417095184326, 0.3605385422706604]","[0.4244409203529358, 0.5755590796470642]",0.5755590796470642
00026931.npy,0,1,"[-0.4236212968826294, 0.1412629783153534]","[0.3624180853366852, 0.6375819444656372]",0.6375819444656372
00026932.npy,0,1,"[0.10808954387903214, 0.38495126366615295]","[0.4312233328819275, 0.5687766671180725]",0.5687766671180725
00026933.npy,0,1,"[0.01790802925825119, 0.23640930652618408]","[0.445591002702713, 0.5544090270996094]",0.5544090270996094
00026934.npy,0,1,"[-0.21320432424545288, -0.2107487916946411]","[0.49938613176345825, 0.5006139278411865]",0.5006139278411865
00026935.npy,0,1,"[0.05086163431406021, 0.2525797486305237]","[0.44974076747894287, 0.5502592325210571]",0.5502592325210571
00026936.npy,0,0,"[0.1756560504436493, 0.16198939085006714]","[0.5034165978431702, 0.49658337235450745]",0.49658337235450745
00026937.npy,0,0,"[0.00816269963979721, -0.03360919654369354]","[0.5104414224624634, 0.48955854773521423]",0.48955854773521423
00026938.npy,0,1,"[-0.056313157081604004, 0.4763997495174408]","[0.36988434195518494, 0.6301156282424927]",0.6301156282424927
00026939.npy,0,1,"[-0.05834658071398735, 0.0935516282916069]","[0.46209827065467834, 0.5379016995429993]",0.5379016995429993
00026940.npy,0,1,"[-0.07409949600696564, 0.3667032718658447]","[0.3915497064590454, 0.6084502935409546]",0.6084502935409546
00026941.npy,0,1,"[-0.015314668416976929, 0.12351035326719284]","[0.46534937620162964, 0.5346506237983704]",0.5346506237983704
00026942.npy,0,1,"[0.07673601061105728, 0.5655908584594727]","[0.38016337156295776, 0.6198366284370422]",0.6198366284370422
00026943.npy,0,1,"[-0.10763273388147354, -0.09591589868068695]","[0.4970708191394806, 0.502929151058197]",0.502929151058197
00026944.npy,0,1,"[0.275016725063324, 0.6631625294685364]","[0.4041637182235718, 0.5958362221717834]",0.5958362221717834
00026945.npy,0,1,"[0.013050369918346405, 0.5793777108192444]","[0.36208468675613403, 0.637915313243866]",0.637915313243866
00026946.npy,0,1,"[0.05603693425655365, 0.6896277070045471]","[0.34669679403305054, 0.6533032059669495]",0.6533032059669495
00026947.npy,0,1,"[0.06117188185453415, 0.4656185805797577]","[0.40024447441101074, 0.5997555255889893]",0.5997555255889893
00026948.npy,0,1,"[0.21588999032974243, 0.6062168478965759]","[0.403638631105423, 0.5963613986968994]",0.5963613986968994
00026949.npy,0,1,"[-0.22850719094276428, 0.1548488736152649]","[0.4053177237510681, 0.5946822762489319]",0.5946822762489319
00026950.npy,0,1,"[-0.17934370040893555, 0.09049617499113083]","[0.43294641375541687, 0.5670536160469055]",0.5670536160469055
00026951.npy,0,1,"[-0.14588119089603424, 0.12896978855133057]","[0.43171659111976624, 0.5682834386825562]",0.5682834386825562
00026952.npy,0,1,"[-0.19995352625846863, 0.18354320526123047]","[0.4052838087081909, 0.5947162508964539]",0.5947162508964539
00026953.npy,0,1,"[0.029779337346553802, 0.2497159242630005]","[0.4452364444732666, 0.5547635555267334]",0.5547635555267334
00026954.npy,0,1,"[0.09107572585344315, 0.2035652995109558]","[0.47190722823143005, 0.5280928015708923]",0.5280928015708923
00026955.npy,0,1,"[-0.09559570252895355, 0.2144419252872467]","[0.4231055676937103, 0.5768944025039673]",0.5768944025039673
00026956.npy,0,1,"[-0.22900334000587463, 0.017034374177455902]","[0.4387989640235901, 0.5612009763717651]",0.5612009763717651
00026957.npy,0,1,"[-0.09945106506347656, 0.024434953927993774]","[0.4690680503845215, 0.5309319496154785]",0.5309319496154785
00026958.npy,0,1,"[-0.26352760195732117, -0.15375950932502747]","[0.472585529088974, 0.5274145007133484]",0.5274145007133484
00026959.npy,0,1,"[-0.03151564300060272, 0.4838283956050873]","[0.3739416301250458, 0.6260583996772766]",0.6260583996772766
00026960.npy,0,1,"[-0.2574925124645233, -0.029861807823181152]","[0.4433367848396301, 0.5566632151603699]",0.5566632151603699
00026961.npy,0,1,"[0.10722742229700089, 0.34920796751976013]","[0.43979835510253906, 0.5602017045021057]",0.5602017045021057
00026962.npy,0,1,"[0.18066444993019104, 0.41096094250679016]","[0.4426789879798889, 0.5573209524154663]",0.5573209524154663
00026963.npy,0,1,"[-0.028135225176811218, 0.4397255480289459]","[0.38512271642684937, 0.6148772835731506]",0.6148772835731506
00026964.npy,0,1,"[0.02280348539352417, 0.284341037273407]","[0.43498578667640686, 0.5650142431259155]",0.5650142431259155
00026965.npy,0,0,"[0.1567743718624115, 0.08309897035360336]","[0.5184105038642883, 0.4815894663333893]",0.4815894663333893
00026966.npy,1,1,"[0.0777488574385643, 0.561704158782959]","[0.3813185691833496, 0.6186814308166504]",0.6186814308166504
00026967.npy,0,1,"[-0.2584518790245056, 0.017426788806915283]","[0.43146446347236633, 0.568535566329956]",0.568535566329956
00026968.npy,0,1,"[0.31328967213630676, 0.48648545145988464]","[0.45680898427963257, 0.5431910753250122]",0.5431910753250122
00026969.npy,0,1,"[0.06832952797412872, 0.11010671406984329]","[0.4895572066307068, 0.5104427337646484]",0.5104427337646484
00026970.npy,0,1,"[-0.042105674743652344, 0.28077244758605957]","[0.4199744760990143, 0.5800254940986633]",0.5800254940986633
00026971.npy,0,1,"[-0.17892515659332275, 0.13971677422523499]","[0.4210067391395569, 0.5789932608604431]",0.5789932608604431
00026972.npy,0,1,"[0.11047793179750443, 0.40396276116371155]","[0.4271509349346161, 0.5728490352630615]",0.5728490352630615
00026973.npy,0,1,"[-0.205397367477417, 0.07044234126806259]","[0.4314740300178528, 0.5685259699821472]",0.5685259699821472
00026974.npy,0,1,"[-0.17353194952011108, 0.23442232608795166]","[0.3994027376174927, 0.6005972623825073]",0.6005972623825073
00026975.npy,0,1,"[-0.10644315183162689, 0.15199926495552063]","[0.4357466399669647, 0.5642533898353577]",0.5642533898353577
00026976.npy,0,1,"[0.1769721508026123, 0.3765539824962616]","[0.45026952028274536, 0.5497304797172546]",0.5497304797172546
00026977.npy,0,1,"[-0.12166601419448853, 0.059762537479400635]","[0.4547668695449829, 0.5452331304550171]",0.5452331304550171
00026978.npy,0,1,"[0.1397976279258728, 0.3946198523044586]","[0.43663695454597473, 0.5633630752563477]",0.5633630752563477
00026979.npy,0,1,"[-0.23490309715270996, -0.0425393246114254]","[0.45205679535865784, 0.5479431748390198]",0.5479431748390198
00026980.npy,0,1,"[0.06020163744688034, 0.24190843105316162]","[0.4546978771686554, 0.5453020930290222]",0.5453020930290222
00026981.npy,0,1,"[-0.01347188651561737, 0.4309934973716736]","[0.39067748188972473, 0.6093225479125977]",0.6093225479125977
00026982.npy,0,1,"[0.10338936001062393, 0.34720250964164734]","[0.43934687972068787, 0.5606531500816345]",0.5606531500816345
00026983.npy,0,1,"[-0.17008358240127563, 0.10129272192716599]","[0.432569295167923, 0.5674307346343994]",0.5674307346343994
00026984.npy,0,1,"[-0.08899649977684021, 0.16125419735908508]","[0.4377618134021759, 0.5622382164001465]",0.5622382164001465
00026985.npy,0,1,"[-0.2463895082473755, 0.09301156550645828]","[0.41595497727394104, 0.5840449929237366]",0.5840449929237366
00026986.npy,0,1,"[-0.19385528564453125, 0.2701196074485779]","[0.3860432803630829, 0.6139566898345947]",0.6139566898345947
00026987.npy,0,1,"[-0.12074748426675797, 0.1636607050895691]","[0.4293733835220337, 0.5706266164779663]",0.5706266164779663
00026988.npy,0,1,"[0.0786266103386879, 0.3316989839076996]","[0.4370674192905426, 0.5629326105117798]",0.5629326105117798
00026989.npy,0,1,"[0.002135965973138809, 0.03044608235359192]","[0.49292293190956116, 0.5070770382881165]",0.5070770382881165
00026990.npy,0,1,"[0.002140302211046219, 0.48695817589759827]","[0.3811151087284088, 0.6188849210739136]",0.6188849210739136
00026991.npy,0,1,"[-0.08126010000705719, 0.1648416817188263]","[0.438783198595047, 0.5612167716026306]",0.5612167716026306
00026992.npy,0,1,"[-0.03845565393567085, 0.24568957090377808]","[0.4294377863407135, 0.5705621838569641]",0.5705621838569641
00026993.npy,0,1,"[0.009022396057844162, 0.25512197613716125]","[0.43878376483917236, 0.5612162351608276]",0.5612162351608276
00026994.npy,0,1,"[-0.12955856323242188, 0.01289050281047821]","[0.46444782614707947, 0.5355521440505981]",0.5355521440505981
00026995.npy,0,1,"[0.027872376143932343, 0.39081740379333496]","[0.4102468490600586, 0.5897532105445862]",0.5897532105445862
00026996.npy,0,1,"[-0.012646596878767014, 0.13402819633483887]","[0.46339693665504456, 0.5366030931472778]",0.5366030931472778
00026997.npy,0,1,"[0.07108383625745773, 0.46840396523475647]","[0.40195637941360474, 0.5980436205863953]",0.5980436205863953
00026998.npy,0,1,"[-0.0852162167429924, 0.21817508339881897]","[0.4247286915779114, 0.5752713680267334]",0.5752713680267334
00026999.npy,0,1,"[-0.18775725364685059, 0.12365501374006271]","[0.42277005314826965, 0.577229917049408]",0.577229917049408
00027000.npy,0,1,"[0.018237337470054626, 0.3030921220779419]","[0.42926397919654846, 0.5707359910011292]",0.5707359910011292
00027001.npy,0,1,"[0.20662599802017212, 0.27216511964797974]","[0.48362109065055847, 0.5163789391517639]",0.5163789391517639
00027002.npy,0,1,"[0.18084532022476196, 0.7273274660110474]","[0.36668097972869873, 0.6333190202713013]",0.6333190202713013
00027003.npy,0,1,"[-0.1570812165737152, 0.1440654993057251]","[0.4252771735191345, 0.5747228264808655]",0.5747228264808655
00027004.npy,0,1,"[-0.046452976763248444, 0.15693190693855286]","[0.44932833313941956, 0.5506716370582581]",0.5506716370582581
00027005.npy,0,1,"[-0.31373223662376404, 0.08672884851694107]","[0.4012015759944916, 0.5987984538078308]",0.5987984538078308
00027006.npy,0,1,"[-0.03270748257637024, 0.2092927098274231]","[0.43979349732398987, 0.5602065324783325]",0.5602065324783325
00027007.npy,0,1,"[-0.43359631299972534, 0.007764175534248352]","[0.39141687750816345, 0.6085831522941589]",0.6085831522941589
00027008.npy,0,1,"[-0.20070329308509827, 0.005571961402893066]","[0.4486132860183716, 0.5513867139816284]",0.5513867139816284
00027009.npy,0,1,"[0.04101540148258209, 0.5150600075721741]","[0.38365936279296875, 0.6163406372070312]",0.6163406372070312
00027010.npy,0,1,"[-0.14824801683425903, 0.10103363543748856]","[0.43800032138824463, 0.5619996786117554]",0.5619996786117554
00027011.npy,0,1,"[-0.34928077459335327, 0.32366353273391724]","[0.3378378748893738, 0.6621621251106262]",0.6621621251106262
00027012.npy,0,1,"[-0.15818968415260315, -0.06570258736610413]","[0.47689470648765564, 0.5231053233146667]",0.5231053233146667
00027013.npy,0,1,"[0.1023896113038063, 0.42658981680870056]","[0.4196524918079376, 0.5803475379943848]",0.5803475379943848
00027014.npy,0,1,"[0.037479519844055176, 0.33653903007507324]","[0.42578741908073425, 0.5742126107215881]",0.5742126107215881
00027015.npy,0,1,"[-0.10877327620983124, -0.08853096514940262]","[0.4949395954608917, 0.5050604343414307]",0.5050604343414307
00027016.npy,0,1,"[-0.23591071367263794, 0.18881487846374512]","[0.3953864872455597, 0.6046134829521179]",0.6046134829521179
00027017.npy,0,1,"[0.02627197653055191, 0.2555362582206726]","[0.44293367862701416, 0.5570663213729858]",0.5570663213729858
00027018.npy,0,1,"[-0.1690361201763153, 0.0929475650191307]","[0.43487614393234253, 0.5651238560676575]",0.5651238560676575
00027019.npy,0,1,"[0.07169099897146225, 0.1930861473083496]","[0.46968841552734375, 0.5303115844726562]",0.5303115844726562
00027020.npy,0,1,"[-0.04244330897927284, 0.06903136521577835]","[0.4721601605415344, 0.5278398394584656]",0.5278398394584656
00027021.npy,0,1,"[-0.08924133330583572, 0.1141066923737526]","[0.4493374228477478, 0.5506625175476074]",0.5506625175476074
00027022.npy,0,1,"[0.016813524067401886, 0.21271562576293945]","[0.45118051767349243, 0.5488194823265076]",0.5488194823265076
00027023.npy,0,1,"[0.12859299778938293, 0.666643500328064]","[0.368641197681427, 0.631358802318573]",0.631358802318573
00027024.npy,0,1,"[-0.35475197434425354, -0.06346463412046432]","[0.42768874764442444, 0.572311282157898]",0.572311282157898
00027025.npy,0,1,"[-0.07249366492033005, 0.3129081726074219]","[0.4048246741294861, 0.5951753258705139]",0.5951753258705139
00027026.npy,0,1,"[-0.05118285119533539, 0.32690340280532837]","[0.4065885543823242, 0.5934114456176758]",0.5934114456176758
00027027.npy,0,1,"[-0.04625583812594414, 0.20942392945289612]","[0.4364260137081146, 0.563573956489563]",0.563573956489563
00027028.npy,0,1,"[-0.11514026671648026, 0.1661655604839325]","[0.4301337003707886, 0.5698663592338562]",0.5698663592338562
00027029.npy,0,1,"[0.10850932449102402, 0.2928968369960785]","[0.4540332555770874, 0.5459666848182678]",0.5459666848182678
00027030.npy,0,1,"[-0.342876672744751, -0.12411694973707199]","[0.44552716612815857, 0.5544728636741638]",0.5544728636741638
00027031.npy,0,1,"[-0.17560429871082306, 0.16094151139259338]","[0.4166487753391266, 0.583351194858551]",0.583351194858551
00027032.npy,0,1,"[-0.1999203860759735, -0.01883700117468834]","[0.454852432012558, 0.5451475381851196]",0.5451475381851196
00027033.npy,0,1,"[0.19277483224868774, 0.4295378029346466]","[0.44108420610427856, 0.5589157938957214]",0.5589157938957214
00027034.npy,0,1,"[-0.1352955400943756, 0.1100393757224083]","[0.4389720559120178, 0.5610279440879822]",0.5610279440879822
00027035.npy,0,1,"[0.0028413012623786926, 0.25018253922462463]","[0.4384779930114746, 0.5615219473838806]",0.5615219473838806
00027036.npy,0,1,"[-0.074708491563797, 0.008983291685581207]","[0.47908926010131836, 0.5209107398986816]",0.5209107398986816
00027037.npy,0,1,"[-0.14750835299491882, 0.1555292010307312]","[0.4248151183128357, 0.5751848816871643]",0.5751848816871643
00027038.npy,0,1,"[0.12347418814897537, 0.4451538622379303]","[0.42026644945144653, 0.5797335505485535]",0.5797335505485535
00027039.npy,0,0,"[-0.048887625336647034, -0.09948833286762238]","[0.5126474499702454, 0.48735252022743225]",0.48735252022743225
00027040.npy,0,1,"[0.424918532371521, 0.7399836182594299]","[0.4218789041042328, 0.5781211256980896]",0.5781211256980896
00027041.npy,0,1,"[-0.2424098551273346, 0.2362750768661499]","[0.38256269693374634, 0.6174373030662537]",0.6174373030662537
00027042.npy,0,1,"[-0.07095693051815033, 0.16769853234291077]","[0.44061771035194397, 0.5593822598457336]",0.5593822598457336
00027043.npy,0,1,"[0.052840620279312134, 0.19777745008468628]","[0.46382907032966614, 0.5361708998680115]",0.5361708998680115
00027044.npy,0,1,"[0.17413529753684998, 0.6238064765930176]","[0.3894389569759369, 0.6105610132217407]",0.6105610132217407
00027045.npy,0,1,"[-0.05459325388073921, 0.1633588969707489]","[0.4457266628742218, 0.5542733669281006]",0.5542733669281006
00027046.npy,0,1,"[-0.3016444444656372, -0.028876861557364464]","[0.4322277903556824, 0.5677722096443176]",0.5677722096443176
00027047.npy,0,1,"[-0.0028234757483005524, 0.47586789727211]","[0.38256120681762695, 0.6174388527870178]",0.6174388527870178
00027048.npy,0,1,"[-0.07159388810396194, 0.07694894820451736]","[0.46293243765830994, 0.5370675921440125]",0.5370675921440125
00027049.npy,0,1,"[-0.06647168099880219, 0.29531192779541016]","[0.41052788496017456, 0.5894721150398254]",0.5894721150398254
00027050.npy,0,1,"[-0.07198584079742432, 0.18800634145736694]","[0.43536561727523804, 0.564634382724762]",0.564634382724762
00027051.npy,0,1,"[0.010711334645748138, 0.5574455261230469]","[0.3666224181652069, 0.6333775520324707]",0.6333775520324707
00027052.npy,0,1,"[0.19012567400932312, 0.33683398365974426]","[0.4633885622024536, 0.5366114377975464]",0.5366114377975464
00027053.npy,0,1,"[-0.13082531094551086, 0.14260834455490112]","[0.43206432461738586, 0.5679356455802917]",0.5679356455802917
00027054.npy,0,1,"[-0.005042873322963715, 0.43114879727363586]","[0.3926487863063812, 0.6073511838912964]",0.6073511838912964
00027055.npy,1,1,"[-0.12779180705547333, 0.40792155265808105]","[0.36918532848358154, 0.6308147311210632]",0.6308147311210632
00027056.npy,0,1,"[0.25407737493515015, 0.426944375038147]","[0.4568905532360077, 0.5431094765663147]",0.5431094765663147
00027057.npy,0,1,"[0.027471087872982025, 0.13326364755630493]","[0.47357651591300964, 0.5264235138893127]",0.5264235138893127
00027058.npy,0,1,"[-0.03485909104347229, 0.10692165046930313]","[0.4646140933036804, 0.5353859066963196]",0.5353859066963196
00027059.npy,0,1,"[-0.2373301088809967, 0.1194869801402092]","[0.4117302894592285, 0.5882697105407715]",0.5882697105407715
00027060.npy,0,1,"[0.11775057762861252, 0.524237334728241]","[0.3997548222541809, 0.6002451777458191]",0.6002451777458191
00027061.npy,0,1,"[-0.2521384656429291, 0.10780472308397293]","[0.41097328066825867, 0.589026689529419]",0.589026689529419
00027062.npy,0,1,"[-0.06873955577611923, 0.15942910313606262]","[0.44320401549339294, 0.5567959547042847]",0.5567959547042847
00027063.npy,0,1,"[-0.42738765478134155, 0.14171096682548523]","[0.3614448308944702, 0.638555109500885]",0.638555109500885
00027064.npy,0,1,"[-0.12730835378170013, 0.26096242666244507]","[0.4041336476802826, 0.5958663821220398]",0.5958663821220398
00027065.npy,0,1,"[-0.08704128861427307, 0.1483369767665863]","[0.441425621509552, 0.558574378490448]",0.558574378490448
00027066.npy,0,1,"[0.013579539954662323, 0.4095355272293091]","[0.4022843539714813, 0.5977156758308411]",0.5977156758308411
00027067.npy,0,1,"[-0.12719768285751343, 0.20297139883041382]","[0.41819947957992554, 0.5818005204200745]",0.5818005204200745
00027068.npy,0,1,"[0.032859548926353455, 0.3731522560119629]","[0.41573840379714966, 0.5842615962028503]",0.5842615962028503
00027069.npy,0,1,"[-0.23456105589866638, -0.04036388173699379]","[0.4516026973724365, 0.5483973026275635]",0.5483973026275635
00027070.npy,0,1,"[-0.10956565290689468, 0.0911891832947731]","[0.44997918605804443, 0.5500208139419556]",0.5500208139419556
00027071.npy,0,1,"[-0.10834354162216187, 0.06576146930456161]","[0.4565833508968353, 0.5434166193008423]",0.5434166193008423
00027072.npy,0,1,"[-0.3026944398880005, 0.2739306092262268]","[0.3597095310688019, 0.6402904391288757]",0.6402904391288757
00027073.npy,0,1,"[-0.14288441836833954, 0.4677487313747406]","[0.35191479325294495, 0.6480852365493774]",0.6480852365493774
00027074.npy,0,1,"[-0.002942439168691635, 0.3356778621673584]","[0.4161446690559387, 0.5838553309440613]",0.5838553309440613
00027075.npy,0,1,"[0.004620246589183807, 0.1250927448272705]","[0.46991825103759766, 0.5300817489624023]",0.5300817489624023
00027076.npy,0,1,"[-0.19564062356948853, 0.2534688711166382]","[0.38957253098487854, 0.6104274988174438]",0.6104274988174438
00027077.npy,0,1,"[-0.08706716448068619, 0.23328256607055664]","[0.42059049010276794, 0.5794094800949097]",0.5794094800949097
00027078.npy,0,1,"[0.053815387189388275, 0.4793003499507904]","[0.39520499110221863, 0.604794979095459]",0.604794979095459
00027079.npy,0,1,"[-0.13082119822502136, 0.2705049514770508]","[0.4009937644004822, 0.5990062355995178]",0.5990062355995178
00027080.npy,0,1,"[-0.2517327070236206, -0.05338647589087486]","[0.4505753815174103, 0.5494246482849121]",0.5494246482849121
00027081.npy,0,1,"[0.04294818639755249, 0.18977105617523193]","[0.46336010098457336, 0.536639928817749]",0.536639928817749
00027082.npy,0,1,"[-0.0333617627620697, 0.08887531608343124]","[0.4694787263870239, 0.5305212736129761]",0.5305212736129761
00027083.npy,0,1,"[0.4047240614891052, 0.8065185546875]","[0.400881290435791, 0.5991187691688538]",0.5991187691688538
00027084.npy,0,1,"[-0.12645813822746277, -0.06457212567329407]","[0.484533429145813, 0.515466570854187]",0.515466570854187
00027085.npy,0,1,"[0.00056423619389534, 0.36524254083633423]","[0.4098275303840637, 0.5901724696159363]",0.5901724696159363
00027086.npy,0,1,"[-0.16736936569213867, 0.2209686040878296]","[0.40411749482154846, 0.5958825349807739]",0.5958825349807739
00027087.npy,0,1,"[-0.015117567032575607, 0.15669813752174377]","[0.4571514427661896, 0.5428485870361328]",0.5428485870361328
00027088.npy,0,1,"[-0.24042615294456482, 0.23019450902938843]","[0.3844693601131439, 0.6155306696891785]",0.6155306696891785
00027089.npy,0,1,"[-0.16428568959236145, 0.20192816853523254]","[0.40945619344711304, 0.590543806552887]",0.590543806552887
00027090.npy,0,1,"[-0.33200255036354065, 0.07312790304422379]","[0.4000803232192993, 0.5999196171760559]",0.5999196171760559
00027091.npy,0,1,"[-0.4586707651615143, 0.07431834191083908]","[0.3698199987411499, 0.6301800012588501]",0.6301800012588501
00027092.npy,0,1,"[-0.012265164405107498, 0.313221275806427]","[0.41933923959732056, 0.5806607007980347]",0.5806607007980347
00027093.npy,0,1,"[0.05603250116109848, 0.3000779151916504]","[0.4392896592617035, 0.5607103705406189]",0.5607103705406189
00027094.npy,0,1,"[-0.17490753531455994, 0.04571807384490967]","[0.4450662434101105, 0.5549337267875671]",0.5549337267875671
00027095.npy,0,1,"[0.18562516570091248, 0.2519126236438751]","[0.48343417048454285, 0.5165657997131348]",0.5165657997131348
00027096.npy,0,1,"[-0.39954081177711487, 0.3362077474594116]","[0.32393452525138855, 0.6760654449462891]",0.6760654449462891
00027097.npy,0,1,"[-0.2123713493347168, 0.2956851124763489]","[0.37564924359321594, 0.6243507266044617]",0.6243507266044617
00027098.npy,0,1,"[-0.1274905800819397, 0.02586822211742401]","[0.46173524856567383, 0.5382646918296814]",0.5382646918296814
00027099.npy,0,1,"[-0.20008328557014465, -0.07606445997953415]","[0.46903496980667114, 0.5309650301933289]",0.5309650301933289
00027100.npy,0,1,"[-0.3271961510181427, -0.030689682811498642]","[0.4264117181301117, 0.5735882520675659]",0.5735882520675659
00027101.npy,0,1,"[-0.11475193500518799, 0.07067003101110458]","[0.45377686619758606, 0.5462231636047363]",0.5462231636047363
00027102.npy,0,1,"[-0.04372779279947281, 0.1959342062473297]","[0.4403696656227112, 0.5596303343772888]",0.5596303343772888
00027103.npy,0,1,"[-0.04686403274536133, 0.23771458864212036]","[0.42933163046836853, 0.5706683397293091]",0.5706683397293091
00027104.npy,0,1,"[-0.1347092092037201, 0.11195582896471024]","[0.43864449858665466, 0.561355471611023]",0.561355471611023
00027105.npy,0,1,"[0.006759509444236755, 0.7049593925476074]","[0.3322114646434784, 0.667788565158844]",0.667788565158844
00027106.npy,0,1,"[-0.05220385268330574, 0.33316245675086975]","[0.40483325719833374, 0.5951667428016663]",0.5951667428016663
00027107.npy,1,1,"[-0.2109518051147461, 0.18932878971099854]","[0.4012449383735657, 0.5987550616264343]",0.5987550616264343
00027108.npy,0,1,"[0.02305665612220764, 0.36291268467903137]","[0.4158444404602051, 0.5841555595397949]",0.5841555595397949
00027109.npy,0,1,"[-0.46006307005882263, -0.08704928308725357]","[0.4078129827976227, 0.5921869874000549]",0.5921869874000549
00027110.npy,0,1,"[-0.23427915573120117, 0.06500536948442459]","[0.4257323741912842, 0.574267566204071]",0.574267566204071
00027111.npy,1,1,"[-0.3215760588645935, 0.21491149067878723]","[0.369005024433136, 0.630994975566864]",0.630994975566864
00027112.npy,0,1,"[-0.0023562684655189514, 0.32010990381240845]","[0.42007485032081604, 0.5799251198768616]",0.5799251198768616
00027113.npy,0,1,"[0.19977959990501404, 0.6611637473106384]","[0.3866575062274933, 0.6133424639701843]",0.6133424639701843
00027114.npy,0,1,"[-0.05697851628065109, 0.08772283047437668]","[0.46388766169548035, 0.5361123085021973]",0.5361123085021973
00027115.npy,0,1,"[-0.29766735434532166, -0.27787721157073975]","[0.49505260586738586, 0.5049473643302917]",0.5049473643302917
00027116.npy,0,1,"[-0.04903285205364227, 0.192111074924469]","[0.44000446796417236, 0.5599955320358276]",0.5599955320358276
00027117.npy,0,1,"[-0.03827138617634773, 0.3532581329345703]","[0.4033491611480713, 0.5966508388519287]",0.5966508388519287
00027118.npy,0,1,"[0.06330803781747818, 0.4853493273258209]","[0.39602839946746826, 0.6039716601371765]",0.6039716601371765
00027119.npy,0,0,"[-0.1953791081905365, -0.2774069011211395]","[0.5204954743385315, 0.4795045554637909]",0.4795045554637909
00027120.npy,0,1,"[-0.0743267610669136, 0.19900161027908325]","[0.432090163230896, 0.567909836769104]",0.567909836769104
00027121.npy,0,1,"[-0.10156190395355225, 0.04622699320316315]","[0.4631199240684509, 0.5368801355361938]",0.5368801355361938
00027122.npy,0,1,"[0.013891488313674927, 0.2646973729133606]","[0.4376251697540283, 0.5623748302459717]",0.5623748302459717
00027123.npy,0,1,"[0.04046553373336792, 0.2501453757286072]","[0.44777125120162964, 0.5522287487983704]",0.5522287487983704
00027124.npy,0,1,"[-0.007317531853914261, 0.18406972289085388]","[0.45229870080947876, 0.5477012991905212]",0.5477012991905212
00027125.npy,1,1,"[0.04142563045024872, 0.4094874858856201]","[0.4090094566345215, 0.5909905433654785]",0.5909905433654785
00027126.npy,0,1,"[-0.004736781120300293, 0.013241223990917206]","[0.4955056309700012, 0.5044943690299988]",0.5044943690299988
00027127.npy,0,1,"[0.080356664955616, 0.30870959162712097]","[0.4431585371494293, 0.5568414330482483]",0.5568414330482483
00027128.npy,0,1,"[-0.10122746229171753, 0.12330453842878342]","[0.44410163164138794, 0.5558983087539673]",0.5558983087539673
00027129.npy,0,1,"[-0.09559968113899231, -0.001920461654663086]","[0.47659730911254883, 0.5234026908874512]",0.5234026908874512
00027130.npy,0,1,"[-0.03999337926506996, 0.1659715175628662]","[0.4486900568008423, 0.5513100028038025]",0.5513100028038025
00027131.npy,0,1,"[-0.06579210609197617, 0.23638346791267395]","[0.4250257611274719, 0.5749742984771729]",0.5749742984771729
00027132.npy,0,1,"[0.1600237488746643, 0.3382025957107544]","[0.45557278394699097, 0.5444272756576538]",0.5444272756576538
00027133.npy,0,1,"[-0.24469631910324097, -0.0017649084329605103]","[0.439564049243927, 0.5604358911514282]",0.5604358911514282
00027134.npy,0,1,"[-0.20457467436790466, 0.07873786240816116]","[0.42964184284210205, 0.570358157157898]",0.570358157157898
00027135.npy,0,1,"[0.057189516723155975, 0.26798778772354126]","[0.4474946856498718, 0.5525052547454834]",0.5525052547454834
00027136.npy,0,1,"[-0.21734702587127686, -0.02189953625202179]","[0.45129308104515076, 0.5487068891525269]",0.5487068891525269
00027137.npy,0,1,"[-0.2209966480731964, 0.05662505328655243]","[0.43103694915771484, 0.5689630508422852]",0.5689630508422852
00027138.npy,0,1,"[0.12412836402654648, 0.5719613432884216]","[0.3898761570453644, 0.610123872756958]",0.610123872756958
00027139.npy,0,1,"[-0.21392762660980225, 0.1657658815383911]","[0.4062008261680603, 0.5937991738319397]",0.5937991738319397
00027140.npy,0,1,"[-0.13340485095977783, 0.2987348437309265]","[0.3936154842376709, 0.6063845157623291]",0.6063845157623291
00027141.npy,0,1,"[-0.04126233607530594, 0.09751639515161514]","[0.4653608798980713, 0.5346391201019287]",0.5346391201019287
00027142.npy,0,1,"[-0.08441506326198578, 0.22322717308998108]","[0.4236903786659241, 0.5763096213340759]",0.5763096213340759
00027143.npy,0,1,"[0.18830376863479614, 0.42652571201324463]","[0.44072458148002625, 0.5592754483222961]",0.5592754483222961
00027144.npy,0,1,"[-0.2960842549800873, -0.16819238662719727]","[0.46807053685188293, 0.5319294929504395]",0.5319294929504395
00027145.npy,0,1,"[-0.077397421002388, 0.6249048709869385]","[0.3313019871711731, 0.6686980128288269]",0.6686980128288269
00027146.npy,0,1,"[-0.017918989062309265, 0.05259624123573303]","[0.4823784828186035, 0.5176215171813965]",0.5176215171813965
00027147.npy,0,1,"[-0.22324523329734802, 0.06221500039100647]","[0.4291156232357025, 0.5708843469619751]",0.5708843469619751
00027148.npy,0,1,"[-0.23814716935157776, 0.27257251739501953]","[0.37502485513687134, 0.6249751448631287]",0.6249751448631287
00027149.npy,0,1,"[-0.11678899824619293, 0.09483485668897629]","[0.4472905993461609, 0.5527094006538391]",0.5527094006538391
00027150.npy,0,1,"[0.013249553740024567, 0.3077591061592102]","[0.4269002079963684, 0.5730997920036316]",0.5730997920036316
00027151.npy,0,1,"[0.04302908480167389, 0.30519768595695496]","[0.4348306953907013, 0.5651693344116211]",0.5651693344116211
00027152.npy,0,1,"[-0.10853743553161621, 0.2442004382610321]","[0.41271862387657166, 0.587281346321106]",0.587281346321106
00027153.npy,0,1,"[-0.0728941485285759, 0.10214323550462723]","[0.4563520550727844, 0.5436479449272156]",0.5436479449272156
00027154.npy,0,1,"[0.03417979180812836, 0.517930805683136]","[0.3813667595386505, 0.6186332106590271]",0.6186332106590271
00027155.npy,0,1,"[0.16172856092453003, 0.25558826327323914]","[0.4765523076057434, 0.5234476923942566]",0.5234476923942566
00027156.npy,0,1,"[0.10708201676607132, 0.3477530777454376]","[0.44012102484703064, 0.5598790049552917]",0.5598790049552917
00027157.npy,0,1,"[0.061290569603443146, 0.3816229999065399]","[0.4205947518348694, 0.5794052481651306]",0.5794052481651306
00027158.npy,0,1,"[-0.28638941049575806, 0.20307976007461548]","[0.3800186216831207, 0.6199813485145569]",0.6199813485145569
00027159.npy,0,1,"[-0.059705063700675964, 0.24826061725616455]","[0.4236113727092743, 0.5763886570930481]",0.5763886570930481
00027160.npy,0,1,"[-0.09120963513851166, 0.06449658423662186]","[0.4611518979072571, 0.5388481020927429]",0.5388481020927429
00027161.npy,0,1,"[0.2316747009754181, 0.5189245939254761]","[0.4286772608757019, 0.5713227391242981]",0.5713227391242981
00027162.npy,0,1,"[-0.004944853484630585, 0.26482149958610535]","[0.4329644441604614, 0.5670355558395386]",0.5670355558395386
00027163.npy,0,1,"[-0.1887625753879547, 0.10745397955179214]","[0.4264826774597168, 0.573517382144928]",0.573517382144928
00027164.npy,0,1,"[-0.29016706347465515, 0.011039040982723236]","[0.4252626597881317, 0.5747373104095459]",0.5747373104095459
00027165.npy,0,1,"[-0.10506061464548111, 0.31563934683799744]","[0.3963492512702942, 0.603650689125061]",0.603650689125061
00027166.npy,0,1,"[-0.1281122863292694, 0.09527864307165146]","[0.4443833827972412, 0.5556166768074036]",0.5556166768074036
00027167.npy,0,1,"[-0.25554385781288147, 0.2040456235408783]","[0.3870832026004791, 0.6129167675971985]",0.6129167675971985
00027168.npy,0,1,"[-0.3170076608657837, -0.08295749872922897]","[0.4417531192302704, 0.558246910572052]",0.558246910572052
00027169.npy,0,1,"[0.029596276581287384, 0.19718429446220398]","[0.4582007825374603, 0.5417992472648621]",0.5417992472648621
00027170.npy,0,1,"[0.01881297677755356, 0.22704842686653137]","[0.44812846183776855, 0.5518715977668762]",0.5518715977668762
00027171.npy,0,1,"[-0.09675905108451843, 0.19636404514312744]","[0.42723944783210754, 0.5727605223655701]",0.5727605223655701
00027172.npy,0,1,"[-0.2089339792728424, 0.19056972861289978]","[0.4014315605163574, 0.5985683798789978]",0.5985683798789978
00027173.npy,0,1,"[-0.14783906936645508, 0.23093733191490173]","[0.40642204880714417, 0.5935779213905334]",0.5935779213905334
00027174.npy,0,1,"[-0.024894455447793007, 0.1380382478237152]","[0.4593566954135895, 0.5406433343887329]",0.5406433343887329
00027175.npy,0,1,"[-0.07275396585464478, 0.19392675161361694]","[0.4337221682071686, 0.5662778615951538]",0.5662778615951538
00027176.npy,0,1,"[-0.19572454690933228, -0.014758434146642685]","[0.4548815190792084, 0.5451184511184692]",0.5451184511184692
00027177.npy,0,1,"[0.0895664319396019, 0.13901802897453308]","[0.48763957619667053, 0.5123603940010071]",0.5123603940010071
00027178.npy,0,1,"[-0.027502819895744324, 0.12941700220108032]","[0.460850328207016, 0.5391496419906616]",0.5391496419906616
00027179.npy,0,1,"[-0.10819782316684723, 0.12639379501342773]","[0.4416195750236511, 0.5583804249763489]",0.5583804249763489
00027180.npy,0,1,"[-0.09366877377033234, 0.2502318322658539]","[0.4148622751235962, 0.5851377248764038]",0.5851377248764038
00027181.npy,0,1,"[-0.2506316602230072, 0.42798900604248047]","[0.336569219827652, 0.6634308099746704]",0.6634308099746704
00027182.npy,0,1,"[0.10463149100542068, 0.5137775540351868]","[0.3991169035434723, 0.6008830666542053]",0.6008830666542053
00027183.npy,0,1,"[-0.37813350558280945, 0.024264484643936157]","[0.40073633193969727, 0.5992636680603027]",0.5992636680603027
00027184.npy,1,1,"[-0.15382996201515198, 0.04175776243209839]","[0.4512583613395691, 0.5487416386604309]",0.5487416386604309
00027185.npy,0,1,"[0.03099142014980316, 0.2731563448905945]","[0.4397529363632202, 0.5602471232414246]",0.5602471232414246
00027186.npy,0,1,"[-0.13630127906799316, 0.20302066206932068]","[0.4159742295742035, 0.5840258002281189]",0.5840258002281189
00027187.npy,0,1,"[-0.010010931640863419, 0.1428147852420807]","[0.4618677794933319, 0.5381322503089905]",0.5381322503089905
00027188.npy,0,1,"[-0.032554060220718384, 0.11053203791379929]","[0.4642893970012665, 0.5357106328010559]",0.5357106328010559
00027189.npy,0,1,"[-0.04727031663060188, 0.167339026927948]","[0.4465526342391968, 0.5534473657608032]",0.5534473657608032
00027190.npy,0,1,"[0.06823999434709549, 0.4732811152935028]","[0.40010175108909607, 0.5998982191085815]",0.5998982191085815
00027191.npy,0,1,"[-0.3682892322540283, -0.09093449264764786]","[0.4311024248600006, 0.5688976049423218]",0.5688976049423218
00027192.npy,1,1,"[-0.21225741505622864, 0.43931645154953003]","[0.34263497591018677, 0.657365083694458]",0.657365083694458
00027193.npy,0,1,"[0.04779116064310074, 0.5795177221298218]","[0.3701142966747284, 0.629885733127594]",0.629885733127594
00027194.npy,0,1,"[-0.19831696152687073, 0.20512986183166504]","[0.40048447251319885, 0.5995154976844788]",0.5995154976844788
00027195.npy,0,1,"[0.05233270674943924, 0.198500394821167]","[0.4635230004787445, 0.5364769697189331]",0.5364769697189331
00027196.npy,0,1,"[0.1570567488670349, 0.7137433886528015]","[0.364314466714859, 0.6356855034828186]",0.6356855034828186
00027197.npy,0,1,"[-0.19191759824752808, 0.10318856686353683]","[0.42675426602363586, 0.5732457637786865]",0.5732457637786865
00027198.npy,0,1,"[-0.14640715718269348, 0.04464060068130493]","[0.45238280296325684, 0.5476171970367432]",0.5476171970367432
00027199.npy,0,1,"[0.01672179251909256, 0.39663124084472656]","[0.4061487317085266, 0.5938512682914734]",0.5938512682914734
00027200.npy,1,1,"[-0.08814117312431335, 0.1659318506717682]","[0.43682122230529785, 0.5631787776947021]",0.5631787776947021
00027201.npy,1,1,"[-0.2439386546611786, 0.2022886574268341]","[0.39025816321372986, 0.6097418665885925]",0.6097418665885925
00027202.npy,0,1,"[-0.14855998754501343, 0.19108045101165771]","[0.41589680314064026, 0.5841031670570374]",0.5841031670570374
00027203.npy,0,1,"[0.04218590259552002, 0.11859162896871567]","[0.4809078574180603, 0.5190921425819397]",0.5190921425819397
00027204.npy,0,1,"[-0.26719021797180176, 0.035269029438495636]","[0.42495641112327576, 0.5750435590744019]",0.5750435590744019
00027205.npy,0,1,"[-0.2728005349636078, 0.4137730002403259]","[0.334795743227005, 0.6652042269706726]",0.6652042269706726
00027206.npy,0,1,"[-0.1800856590270996, 0.23763957619667053]","[0.39706122875213623, 0.6029388308525085]",0.6029388308525085
00027207.npy,0,1,"[-0.04698827490210533, 0.24119940400123596]","[0.4284476041793823, 0.5715523958206177]",0.5715523958206177
00027208.npy,0,1,"[-0.10506570339202881, 0.18837037682533264]","[0.42716288566589355, 0.5728371143341064]",0.5728371143341064
00027209.npy,0,1,"[-0.18469375371932983, 0.08776431530714035]","[0.4323037564754486, 0.5676962733268738]",0.5676962733268738
00027210.npy,0,1,"[-0.0946032926440239, -0.04868822172284126]","[0.4885232448577881, 0.5114767551422119]",0.5114767551422119
00027211.npy,0,1,"[-0.32894816994667053, 0.07282953709363937]","[0.40088531374931335, 0.599114716053009]",0.599114716053009
00027212.npy,0,1,"[-0.07276327908039093, 0.32439905405044556]","[0.4019943177700043, 0.5980056524276733]",0.5980056524276733
00027213.npy,0,1,"[0.2726203501224518, 0.5224601030349731]","[0.43786293268203735, 0.5621370673179626]",0.5621370673179626
00027214.npy,0,1,"[-0.050291284918785095, 0.5836712121963501]","[0.3466125726699829, 0.6533873677253723]",0.6533873677253723
00027215.npy,0,1,"[-0.06499234586954117, 0.4237267076969147]","[0.38019537925720215, 0.6198046207427979]",0.6198046207427979
00027216.npy,1,1,"[0.17216521501541138, 0.5472210049629211]","[0.40731993317604065, 0.5926800966262817]",0.5926800966262817
00027217.npy,0,1,"[-0.12655502557754517, 0.13694769144058228]","[0.43450284004211426, 0.565497100353241]",0.565497100353241
00027218.npy,0,1,"[-0.17361170053482056, 0.11025684326887131]","[0.4295056164264679, 0.5704944133758545]",0.5704944133758545
00027219.npy,0,1,"[-0.1097671166062355, 0.22685930132865906]","[0.41662919521331787, 0.5833707451820374]",0.5833707451820374
00027220.npy,0,1,"[-0.0387343093752861, 0.17297163605690002]","[0.44727030396461487, 0.5527296662330627]",0.5527296662330627
00027221.npy,0,1,"[-0.15179720520973206, 0.019384056329727173]","[0.4573088586330414, 0.5426911115646362]",0.5426911115646362
00027222.npy,0,1,"[-0.05188495293259621, 0.3202863335609436]","[0.40801647305488586, 0.5919835567474365]",0.5919835567474365
00027223.npy,0,1,"[-0.049714334309101105, 0.2517462372779846]","[0.425200492143631, 0.5747995376586914]",0.5747995376586914
00027224.npy,0,1,"[0.15983200073242188, 0.6094880104064941]","[0.3894425630569458, 0.6105574369430542]",0.6105574369430542
00027225.npy,0,1,"[-0.563178539276123, -0.14129379391670227]","[0.3960658311843872, 0.6039341688156128]",0.6039341688156128
00027226.npy,0,1,"[-0.3541504740715027, 0.23808398842811584]","[0.35612231492996216, 0.6438776850700378]",0.6438776850700378
00027227.npy,0,1,"[-0.08436940610408783, 0.25532159209251404]","[0.4158845543861389, 0.5841154456138611]",0.5841154456138611
00027228.npy,0,1,"[0.1486397385597229, 0.2913401126861572]","[0.46438533067703247, 0.5356146693229675]",0.5356146693229675
00027229.npy,0,1,"[-0.09912171959877014, 0.25899362564086914]","[0.41141584515571594, 0.5885841250419617]",0.5885841250419617
00027230.npy,0,1,"[-0.039705730974674225, 0.21414121985435486]","[0.43687689304351807, 0.5631231069564819]",0.5631231069564819
00027231.npy,0,1,"[-0.043287500739097595, 0.12329251319169998]","[0.4584510326385498, 0.5415489673614502]",0.5415489673614502
00027232.npy,0,1,"[-0.05732102319598198, 0.10755757242441177]","[0.4588735103607178, 0.5411264896392822]",0.5411264896392822
00027233.npy,0,1,"[0.02775808423757553, 0.29980966448783875]","[0.4324035048484802, 0.5675964951515198]",0.5675964951515198
00027234.npy,0,1,"[-0.15690651535987854, -0.0246003195643425]","[0.46697163581848145, 0.5330284237861633]",0.5330284237861633
00027235.npy,1,1,"[-0.10431744158267975, 0.018892064690589905]","[0.4692365229129791, 0.5307635068893433]",0.5307635068893433
00027236.npy,0,1,"[0.016716867685317993, 0.24639907479286194]","[0.44283053278923035, 0.5571694374084473]",0.5571694374084473
00027237.npy,0,1,"[-0.1670592725276947, 0.09427153319120407]","[0.4350365698337555, 0.5649634003639221]",0.5649634003639221
00027238.npy,0,1,"[0.18532997369766235, 0.4770694673061371]","[0.42757806181907654, 0.5724219679832458]",0.5724219679832458
00027239.npy,0,1,"[-0.10319335758686066, 0.1253279149532318]","[0.44311702251434326, 0.5568829774856567]",0.5568829774856567
00027240.npy,0,1,"[0.06974445283412933, 0.3726450204849243]","[0.4248485863208771, 0.5751514434814453]",0.5751514434814453
00027241.npy,0,1,"[0.17940345406532288, 0.7030843496322632]","[0.371991902589798, 0.6280080676078796]",0.6280080676078796
00027242.npy,0,1,"[0.03795238584280014, 0.4587850868701935]","[0.3963175117969513, 0.6036825180053711]",0.6036825180053711
00027243.npy,0,0,"[-0.01758231595158577, -0.02760300785303116]","[0.5025051832199097, 0.4974948465824127]",0.4974948465824127
00027244.npy,0,1,"[-0.2663453221321106, 0.0342574268579483]","[0.4254101514816284, 0.5745898485183716]",0.5745898485183716
00027245.npy,0,1,"[-0.12693077325820923, 0.2813623547554016]","[0.39932146668434143, 0.600678563117981]",0.600678563117981
00027246.npy,0,1,"[-0.27290084958076477, 0.15757858753204346]","[0.39401185512542725, 0.6059881448745728]",0.6059881448745728
00027247.npy,0,1,"[0.0189737007021904, 0.5209336280822754]","[0.37708020210266113, 0.6229197978973389]",0.6229197978973389
00027248.npy,0,1,"[0.0701586976647377, 0.37362971901893616]","[0.4247092008590698, 0.575290858745575]",0.575290858745575
00027249.npy,0,1,"[-0.13519009947776794, 0.16624873876571655]","[0.425205796957016, 0.5747942328453064]",0.5747942328453064
00027250.npy,0,1,"[0.063802070915699, 0.41719040274620056]","[0.4125610291957855, 0.5874390006065369]",0.5874390006065369
00027251.npy,0,1,"[-0.09790816903114319, 0.10137826949357986]","[0.4503426253795624, 0.5496573448181152]",0.5496573448181152
00027252.npy,0,1,"[-0.10541385412216187, 0.38809633255004883]","[0.37906700372695923, 0.6209329962730408]",0.6209329962730408
00027253.npy,0,1,"[-0.17661717534065247, 0.12382789701223373]","[0.4254486560821533, 0.5745513439178467]",0.5745513439178467
00027254.npy,0,1,"[-0.08132743835449219, 0.138234943151474]","[0.44532889127731323, 0.5546711683273315]",0.5546711683273315
00027255.npy,0,1,"[-0.00984082743525505, 0.2177543342113495]","[0.4433455765247345, 0.5566544532775879]",0.5566544532775879
00027256.npy,0,1,"[0.11042547971010208, 0.4806007444858551]","[0.4084986746311188, 0.5915013551712036]",0.5915013551712036
00027257.npy,0,1,"[-0.08952389657497406, 0.09358144551515579]","[0.45435115694999695, 0.5456488728523254]",0.5456488728523254
00027258.npy,0,1,"[-0.04236119985580444, 0.1157955750823021]","[0.4605430066585541, 0.5394569635391235]",0.5394569635391235
00027259.npy,0,1,"[0.07809705287218094, 0.11635971814393997]","[0.49043551087379456, 0.5095645189285278]",0.5095645189285278
00027260.npy,0,1,"[-0.0983024537563324, 0.14755195379257202]","[0.43884414434432983, 0.5611558556556702]",0.5611558556556702
00027261.npy,0,1,"[-0.09254230558872223, 0.3231572210788727]","[0.39754626154899597, 0.6024537086486816]",0.6024537086486816
00027262.npy,0,1,"[-0.09530407190322876, 0.027304425835609436]","[0.4693862199783325, 0.5306137800216675]",0.5306137800216675
00027263.npy,0,1,"[-0.11902507394552231, 0.3464046120643616]","[0.385698527097702, 0.6143014430999756]",0.6143014430999756
00027264.npy,0,1,"[-0.24818608164787292, 0.19850456714630127]","[0.3901478946208954, 0.6098520755767822]",0.6098520755767822
00027265.npy,0,1,"[-0.037945810705423355, 0.0971880629658699]","[0.466267853975296, 0.5337321162223816]",0.5337321162223816
00027266.npy,1,1,"[-0.2691580653190613, 0.11159203201532364]","[0.4059459865093231, 0.5940539836883545]",0.5940539836883545
00027267.npy,0,1,"[-0.15635785460472107, 0.1572032868862152]","[0.42224571108818054, 0.5777542591094971]",0.5777542591094971
00027268.npy,0,1,"[-0.08438201248645782, 0.2589225471019745]","[0.41500699520111084, 0.5849930047988892]",0.5849930047988892
00027269.npy,0,1,"[-0.2437700629234314, 0.013247035443782806]","[0.436097115278244, 0.5639028549194336]",0.5639028549194336
00027270.npy,0,1,"[0.012501448392868042, 0.23721757531166077]","[0.4440561830997467, 0.5559437870979309]",0.5559437870979309
00027271.npy,0,1,"[-0.2730140686035156, 0.42185482382774353]","[0.3329508304595947, 0.6670491695404053]",0.6670491695404053
00027272.npy,0,1,"[-0.016946010291576385, 0.23647844791412354]","[0.43698081374168396, 0.5630192160606384]",0.5630192160606384
00027273.npy,0,1,"[-0.3164953887462616, 0.1624937355518341]","[0.382490873336792, 0.617509126663208]",0.617509126663208
00027274.npy,0,1,"[0.11625725775957108, 0.21419647336006165]","[0.47553473711013794, 0.5244652628898621]",0.5244652628898621
00027275.npy,0,1,"[-0.15774723887443542, 0.09568261355161667]","[0.4369794726371765, 0.5630205273628235]",0.5630205273628235
00027276.npy,0,1,"[-0.47420549392700195, -0.20575612783432007]","[0.4332878291606903, 0.5667122006416321]",0.5667122006416321
00027277.npy,0,1,"[-0.04507282003760338, 0.03271707147359848]","[0.48056235909461975, 0.5194376707077026]",0.5194376707077026
00027278.npy,0,1,"[-0.08217306435108185, 0.038394734263420105]","[0.46989452838897705, 0.530105471611023]",0.530105471611023
00027279.npy,0,1,"[0.0026945583522319794, 0.45873746275901794]","[0.38792499899864197, 0.6120750308036804]",0.6120750308036804
00027280.npy,0,1,"[0.00563395768404007, 0.05970883369445801]","[0.4864845871925354, 0.5135154128074646]",0.5135154128074646
00027281.npy,0,1,"[-0.056319862604141235, 0.30209803581237793]","[0.4113425612449646, 0.5886573791503906]",0.5886573791503906
00027282.npy,0,1,"[-0.027486959472298622, 0.3677312433719635]","[0.4024617671966553, 0.5975382328033447]",0.5975382328033447
00027283.npy,0,1,"[-0.03177933022379875, 0.08591374009847641]","[0.470610648393631, 0.5293893218040466]",0.5293893218040466
00027284.npy,1,1,"[-0.121382936835289, 0.4270813763141632]","[0.36622077226638794, 0.6337792277336121]",0.6337792277336121
00027285.npy,0,1,"[-0.05261426419019699, 0.362598180770874]","[0.3976629376411438, 0.6023370623588562]",0.6023370623588562
00027286.npy,1,1,"[-0.0486849807202816, 0.24885666370391846]","[0.4261585474014282, 0.5738414525985718]",0.5738414525985718
00027287.npy,0,1,"[-0.09861678630113602, 0.15937751531600952]","[0.43585678935050964, 0.564143180847168]",0.564143180847168
00027288.npy,0,1,"[-0.15027400851249695, 0.01955331116914749]","[0.45764490962028503, 0.5423550605773926]",0.5423550605773926
00027289.npy,0,1,"[-0.20126068592071533, 0.09451008588075638]","[0.426591694355011, 0.573408305644989]",0.573408305644989
00027290.npy,0,1,"[-0.13120807707309723, 0.026723913848400116]","[0.460598886013031, 0.539401113986969]",0.539401113986969
00027291.npy,0,1,"[-0.09312187880277634, 0.6016039848327637]","[0.33298259973526, 0.66701740026474]",0.66701740026474
00027292.npy,0,1,"[-0.09047316014766693, 0.026359915733337402]","[0.4708248972892761, 0.5291750431060791]",0.5291750431060791
00027293.npy,1,1,"[0.01667008548974991, 0.3431957960128784]","[0.419086217880249, 0.580913782119751]",0.580913782119751
00027294.npy,0,1,"[0.05242595821619034, 0.44483479857444763]","[0.40313756465911865, 0.5968624353408813]",0.5968624353408813
00027295.npy,0,1,"[-0.21058523654937744, 0.18093469738960266]","[0.40335148572921753, 0.5966485142707825]",0.5966485142707825
00027296.npy,0,1,"[0.012828730046749115, 0.26398029923439026]","[0.43754008412361145, 0.5624598860740662]",0.5624598860740662
00027297.npy,0,1,"[0.035514384508132935, 0.43974241614341736]","[0.4002969563007355, 0.5997030735015869]",0.5997030735015869
00027298.npy,0,1,"[-0.13804957270622253, 0.16967791318893433]","[0.4236695468425751, 0.5763304829597473]",0.5763304829597473
00027299.npy,0,1,"[0.17587757110595703, 0.5396289229393005]","[0.41005176305770874, 0.5899481773376465]",0.5899481773376465
00027300.npy,0,1,"[-0.1591690480709076, 0.30882900953292847]","[0.385090172290802, 0.6149097681045532]",0.6149097681045532
00027301.npy,0,1,"[0.03803484886884689, 0.20956003665924072]","[0.457223504781723, 0.5427764654159546]",0.5427764654159546
00027302.npy,0,1,"[-0.000765625387430191, 0.6926237940788269]","[0.33327949047088623, 0.6667205095291138]",0.6667205095291138
00027303.npy,0,1,"[-0.1969895362854004, 0.21073314547538757]","[0.3994583189487457, 0.6005417108535767]",0.6005417108535767
00027304.npy,0,1,"[0.0013266019523143768, 0.46807947754859924]","[0.38538506627082825, 0.6146149039268494]",0.6146149039268494
00027305.npy,0,1,"[0.187264084815979, 0.3428768813610077]","[0.4611751139163971, 0.5388249158859253]",0.5388249158859253
00027306.npy,1,1,"[-0.16719603538513184, 0.2242295742034912]","[0.4033741354942322, 0.596625804901123]",0.596625804901123
00027307.npy,1,1,"[-0.02980877086520195, 0.4334062337875366]","[0.3862234055995941, 0.6137765645980835]",0.6137765645980835
00027308.npy,0,1,"[-0.20112133026123047, 0.27424025535583496]","[0.3833480179309845, 0.6166520118713379]",0.6166520118713379
00027309.npy,0,1,"[-0.04335576668381691, 0.05677343159914017]","[0.4749886095523834, 0.525011420249939]",0.525011420249939
00027310.npy,0,1,"[-0.22931566834449768, 0.1167152002453804]","[0.41434523463249207, 0.5856547355651855]",0.5856547355651855
00027311.npy,0,1,"[-0.012384623289108276, 0.23828643560409546]","[0.4376583695411682, 0.5623416304588318]",0.5623416304588318
00027312.npy,0,1,"[0.0792078748345375, 0.5454126000404358]","[0.38551491498947144, 0.6144850850105286]",0.6144850850105286
00027313.npy,0,1,"[-0.04078162834048271, 0.2186242640018463]","[0.43550974130630493, 0.5644901990890503]",0.5644901990890503
00027314.npy,0,1,"[0.05801783502101898, 0.2678816318511963]","[0.44772574305534363, 0.552274227142334]",0.552274227142334
00027315.npy,0,1,"[-0.19271385669708252, -0.02022324874997139]","[0.4569839537143707, 0.5430160760879517]",0.5430160760879517
00027316.npy,0,1,"[-0.0772324725985527, 0.2324693500995636]","[0.4231875240802765, 0.5768124461174011]",0.5768124461174011
00027317.npy,0,1,"[-0.13638415932655334, 0.3420567214488983]","[0.38262036442756653, 0.6173796057701111]",0.6173796057701111
00027318.npy,0,1,"[-0.12490123510360718, 0.16382235288619995]","[0.4283163845539093, 0.5716836452484131]",0.5716836452484131
00027319.npy,0,1,"[0.023268207907676697, 0.5279315710067749]","[0.37644538283348083, 0.6235546469688416]",0.6235546469688416
00027320.npy,0,1,"[-0.1124269962310791, 0.1023760661482811]","[0.44650477170944214, 0.5534952282905579]",0.5534952282905579
00027321.npy,0,1,"[0.06193402409553528, 0.2950637936592102]","[0.4419800937175751, 0.5580198764801025]",0.5580198764801025
00027322.npy,0,1,"[-0.058241210877895355, 0.13604635000228882]","[0.45158034563064575, 0.548419713973999]",0.548419713973999
00027323.npy,0,1,"[-0.1303606629371643, 0.06016692519187927]","[0.45251166820526123, 0.5474883317947388]",0.5474883317947388
00027324.npy,0,1,"[-0.02107260562479496, 0.06743801385164261]","[0.47788676619529724, 0.5221132040023804]",0.5221132040023804
00027325.npy,0,1,"[-0.0981556624174118, 0.43312108516693115]","[0.3702191412448883, 0.6297808885574341]",0.6297808885574341
00027326.npy,0,1,"[0.07774583250284195, 0.22142836451530457]","[0.46414104104042053, 0.5358589887619019]",0.5358589887619019
00027327.npy,0,1,"[-0.060770183801651, 0.29057908058166504]","[0.41305527091026306, 0.5869446992874146]",0.5869446992874146
00027328.npy,0,1,"[0.0934363380074501, 0.19715160131454468]","[0.474094420671463, 0.5259056091308594]",0.5259056091308594
00027329.npy,0,1,"[0.09667990356683731, 0.4817087948322296]","[0.40491458773612976, 0.5950854420661926]",0.5950854420661926
00027330.npy,0,0,"[0.02350744605064392, 0.006776824593544006]","[0.5041825771331787, 0.4958174526691437]",0.4958174526691437
00027331.npy,0,1,"[-0.31001725792884827, 0.1445126235485077]","[0.388284295797348, 0.6117157340049744]",0.6117157340049744
00027332.npy,0,1,"[-0.17141836881637573, 0.12268871814012527]","[0.42699867486953735, 0.5730013251304626]",0.5730013251304626
00027333.npy,0,1,"[-0.09679331630468369, 0.15599417686462402]","[0.43713751435279846, 0.5628624558448792]",0.5628624558448792
00027334.npy,0,1,"[-0.2064245641231537, 0.19363129138946533]","[0.4012989103794098, 0.5987010598182678]",0.5987010598182678
00027335.npy,0,0,"[0.02723407745361328, -0.028826698660850525]","[0.5140115022659302, 0.48598846793174744]",0.48598846793174744
00027336.npy,0,1,"[0.033892519772052765, 0.2731286287307739]","[0.44047459959983826, 0.5595253705978394]",0.5595253705978394
00027337.npy,0,1,"[0.10825323313474655, 0.25449317693710327]","[0.4635050296783447, 0.5364949703216553]",0.5364949703216553
00027338.npy,0,1,"[-0.09399128705263138, 0.07582763582468033]","[0.4576469957828522, 0.5423529744148254]",0.5423529744148254
00027339.npy,0,1,"[-0.074210025370121, 0.3562958836555481]","[0.39400553703308105, 0.605994462966919]",0.605994462966919
00027340.npy,0,1,"[-0.021162433549761772, 0.25027239322662354]","[0.4325549006462097, 0.5674450993537903]",0.5674450993537903
00027341.npy,1,1,"[-0.19517037272453308, 0.30289000272750854]","[0.37799662351608276, 0.622003436088562]",0.622003436088562
00027342.npy,0,1,"[0.08189106732606888, 0.5274317860603333]","[0.3904215097427368, 0.6095784902572632]",0.6095784902572632
00027343.npy,0,1,"[-0.2419385015964508, -0.01489441841840744]","[0.44348156452178955, 0.5565184354782104]",0.5565184354782104
00027344.npy,0,1,"[-0.050597719848155975, 0.3050088882446289]","[0.41202348470687866, 0.5879765152931213]",0.5879765152931213
00027345.npy,0,1,"[-0.14765319228172302, 0.029616087675094604]","[0.45579835772514343, 0.5442016124725342]",0.5442016124725342
00027346.npy,0,1,"[-0.1817476749420166, 0.05579967051744461]","[0.4408908486366272, 0.559109091758728]",0.559109091758728
00027347.npy,0,1,"[-0.13840314745903015, 0.3095329701900482]","[0.38985157012939453, 0.6101483702659607]",0.6101483702659607
00027348.npy,1,1,"[-0.2570403218269348, 0.27737194299697876]","[0.369488388299942, 0.6305116415023804]",0.6305116415023804
00027349.npy,0,1,"[0.06384555250406265, 0.34726789593696594]","[0.42961493134498596, 0.5703850388526917]",0.5703850388526917
00027350.npy,0,1,"[-0.4189165532588959, 0.057759955525398254]","[0.3830372095108032, 0.616962730884552]",0.616962730884552
00027351.npy,0,1,"[-0.10436081886291504, 0.253144234418869]","[0.4115636348724365, 0.5884363651275635]",0.5884363651275635
00027352.npy,0,1,"[-0.04688354954123497, 0.6420613527297974]","[0.33426785469055176, 0.6657321453094482]",0.6657321453094482
00027353.npy,0,1,"[0.019167974591255188, 0.340408056974411]","[0.4203735888004303, 0.5796264410018921]",0.5796264410018921
00027354.npy,0,1,"[-0.18792033195495605, 0.11075463145971298]","[0.42588141560554504, 0.5741185545921326]",0.5741185545921326
00027355.npy,0,1,"[-0.12905624508857727, 0.25047844648361206]","[0.4062391221523285, 0.5937608480453491]",0.5937608480453491
00027356.npy,0,1,"[0.16368573904037476, 0.21837949752807617]","[0.48632997274398804, 0.513670027256012]",0.513670027256012
00027357.npy,0,1,"[0.02880702167749405, 0.13723963499069214]","[0.4729183614253998, 0.5270816087722778]",0.5270816087722778
00027358.npy,0,1,"[-0.2658718526363373, -0.0830710306763649]","[0.4544266164302826, 0.545573353767395]",0.545573353767395
00027359.npy,0,1,"[-0.04207238927483559, 0.1497885286808014]","[0.4521813690662384, 0.5478186011314392]",0.5478186011314392
00027360.npy,0,1,"[-0.06713730096817017, 0.04941217601299286]","[0.47089555859565735, 0.5291044116020203]",0.5291044116020203
00027361.npy,0,1,"[0.07459176331758499, 0.23745518922805786]","[0.4593738913536072, 0.5406261086463928]",0.5406261086463928
00027362.npy,1,1,"[-0.12630119919776917, 0.1851867139339447]","[0.42275160551071167, 0.5772483944892883]",0.5772483944892883
00027363.npy,0,1,"[0.18981677293777466, 0.3732735812664032]","[0.45426398515701294, 0.5457360148429871]",0.5457360148429871
00027364.npy,0,1,"[0.023268021643161774, 0.20441460609436035]","[0.45483678579330444, 0.5451632142066956]",0.5451632142066956
00027365.npy,0,1,"[-0.0745144933462143, 0.10721223801374435]","[0.45469292998313904, 0.5453070402145386]",0.5453070402145386
00027366.npy,0,1,"[0.08664407581090927, 0.20299482345581055]","[0.4709450900554657, 0.5290549397468567]",0.5290549397468567
00027367.npy,0,1,"[-0.023474575951695442, 0.10735834389925003]","[0.46733832359313965, 0.5326616168022156]",0.5326616168022156
00027368.npy,0,1,"[-0.1990026831626892, 0.27435240149497986]","[0.3838224411010742, 0.6161775588989258]",0.6161775588989258
00027369.npy,0,1,"[0.17291104793548584, 0.3163685202598572]","[0.4641970098018646, 0.5358030200004578]",0.5358030200004578
00027370.npy,0,1,"[-0.021225927397608757, 0.24199178814888]","[0.43457290530204773, 0.5654271245002747]",0.5654271245002747
00027371.npy,0,1,"[-0.025382494553923607, 0.18497443199157715]","[0.44760385155677795, 0.5523961186408997]",0.5523961186408997
00027372.npy,0,1,"[-0.2206440269947052, 0.1425950825214386]","[0.4101756811141968, 0.5898243188858032]",0.5898243188858032
00027373.npy,0,1,"[-0.45590367913246155, 0.027720652520656586]","[0.38139668107032776, 0.6186033487319946]",0.6186033487319946
00027374.npy,0,1,"[0.0660172551870346, 0.4330701231956482]","[0.40925332903862, 0.5907466411590576]",0.5907466411590576
00027375.npy,0,1,"[-0.12684506177902222, -0.04509800300002098]","[0.479574590921402, 0.5204253792762756]",0.5204253792762756
00027376.npy,1,1,"[-0.10162017494440079, 0.1773049235343933]","[0.4307173490524292, 0.5692826509475708]",0.5692826509475708
00027377.npy,0,1,"[-0.1774677038192749, 0.2991255223751068]","[0.3830569088459015, 0.6169430613517761]",0.6169430613517761
00027378.npy,0,1,"[-0.08274219930171967, 0.2532019019126892]","[0.4167950749397278, 0.583204984664917]",0.583204984664917
00027379.npy,0,1,"[-0.07058484852313995, 0.20940539240837097]","[0.43045616149902344, 0.5695437788963318]",0.5695437788963318
00027380.npy,0,1,"[-0.2629200518131256, 0.1331738829612732]","[0.4022511839866638, 0.5977488160133362]",0.5977488160133362
00027381.npy,1,1,"[0.09600324183702469, 0.24959781765937805]","[0.4616766571998596, 0.5383233428001404]",0.5383233428001404
00027382.npy,0,1,"[-0.09859612584114075, 0.2776312828063965]","[0.4070371091365814, 0.5929628610610962]",0.5929628610610962
00027383.npy,0,1,"[-0.09322656691074371, 0.21699419617652893]","[0.4230608642101288, 0.5769391655921936]",0.5769391655921936
00027384.npy,0,1,"[0.04674465209245682, 0.3588612377643585]","[0.4225981831550598, 0.5774018168449402]",0.5774018168449402
00027385.npy,0,1,"[-0.08611403405666351, 0.018502630293369293]","[0.473869651556015, 0.5261303186416626]",0.5261303186416626
00027386.npy,0,1,"[0.017505444586277008, 0.25382062792778015]","[0.441194623708725, 0.5588054060935974]",0.5588054060935974
00027387.npy,0,1,"[0.1584695279598236, 0.25678983330726624]","[0.4754396975040436, 0.5245603322982788]",0.5245603322982788
00027388.npy,0,1,"[-0.40518873929977417, 0.029418006539344788]","[0.39302682876586914, 0.6069731712341309]",0.6069731712341309
00027389.npy,0,1,"[-0.08196860551834106, 0.2931872308254242]","[0.4072957932949066, 0.5927042365074158]",0.5927042365074158
00027390.npy,0,1,"[-0.11763931810855865, 0.11477946490049362]","[0.4421554505825043, 0.5578445196151733]",0.5578445196151733
00027391.npy,1,1,"[-0.29836657643318176, 0.03295591473579407]","[0.4179188907146454, 0.5820810794830322]",0.5820810794830322
00027392.npy,0,1,"[-0.03417167812585831, 0.1863587200641632]","[0.44508975744247437, 0.5549102425575256]",0.5549102425575256
00027393.npy,0,1,"[0.06319095194339752, 0.3499702513217926]","[0.4287925660610199, 0.5712074637413025]",0.5712074637413025
00027394.npy,0,1,"[-0.1954410970211029, 0.11001654714345932]","[0.4242238700389862, 0.5757761597633362]",0.5757761597633362
00027395.npy,0,1,"[0.048341989517211914, 0.2048904299736023]","[0.4609426259994507, 0.5390573740005493]",0.5390573740005493
00027396.npy,0,1,"[-0.09858804941177368, 0.45428189635276794]","[0.3651988208293915, 0.6348011493682861]",0.6348011493682861
00027397.npy,0,1,"[-0.2745809853076935, 0.03310701251029968]","[0.4236792027950287, 0.5763208270072937]",0.5763208270072937
00027398.npy,0,1,"[0.35476595163345337, 0.9207464456558228]","[0.36216482520103455, 0.6378352046012878]",0.6378352046012878
00027399.npy,0,1,"[-0.04342184588313103, 0.211698979139328]","[0.43656349182128906, 0.5634365081787109]",0.5634365081787109
00027400.npy,0,1,"[0.05437614023685455, 0.22736069560050964]","[0.45686137676239014, 0.5431386232376099]",0.5431386232376099
00027401.npy,0,1,"[-0.11039261519908905, 0.2530488669872284]","[0.4101267457008362, 0.5898732542991638]",0.5898732542991638
00027402.npy,0,1,"[-0.2805275022983551, 0.04040706157684326]","[0.42044803500175476, 0.5795519948005676]",0.5795519948005676
00027403.npy,1,1,"[0.3075834810733795, 0.6043692231178284]","[0.4263434410095215, 0.5736566185951233]",0.5736566185951233
00027404.npy,0,1,"[0.0687791034579277, 0.47848841547966003]","[0.39898180961608887, 0.6010181903839111]",0.6010181903839111
00027405.npy,0,1,"[-0.05612071976065636, 0.30536288022994995]","[0.410600483417511, 0.589399516582489]",0.589399516582489
00027406.npy,0,1,"[0.0540771409869194, 0.41268256306648254]","[0.4112972021102905, 0.5887028574943542]",0.5887028574943542
00027407.npy,1,1,"[-0.09485149383544922, 0.1505078375339508]","[0.4389660656452179, 0.5610339641571045]",0.5610339641571045
00027408.npy,0,1,"[-0.05840680003166199, 0.2051522433757782]","[0.43448904156684875, 0.5655109882354736]",0.5655109882354736
00027409.npy,0,1,"[0.3151261806488037, 0.4974347651004791]","[0.4545486569404602, 0.5454513430595398]",0.5454513430595398
00027410.npy,0,1,"[0.11490423232316971, 0.2359682321548462]","[0.4697709083557129, 0.5302290916442871]",0.5302290916442871
00027411.npy,0,1,"[-0.403580904006958, -0.091539666056633]","[0.422616571187973, 0.5773833990097046]",0.5773833990097046
00027412.npy,0,1,"[-0.08560160547494888, 0.16595882177352905]","[0.4374394714832306, 0.5625605583190918]",0.5625605583190918
00027413.npy,0,1,"[-0.0025611743330955505, 0.26515844464302063]","[0.43346700072288513, 0.5665330290794373]",0.5665330290794373
00027414.npy,0,1,"[-0.07167394459247589, 0.11228341609239578]","[0.45413991808891296, 0.5458601117134094]",0.5458601117134094
00027415.npy,0,1,"[-0.22023877501487732, 0.17308056354522705]","[0.4029184877872467, 0.5970814824104309]",0.5970814824104309
00027416.npy,0,1,"[-0.057812001556158066, 0.2386648952960968]","[0.4264189898967743, 0.5735810399055481]",0.5735810399055481
00027417.npy,0,1,"[-0.11663331091403961, 0.235122412443161]","[0.41295674443244934, 0.587043285369873]",0.587043285369873
00027418.npy,0,1,"[-0.31160202622413635, 0.40902769565582275]","[0.3272543251514435, 0.6727456450462341]",0.6727456450462341
00027419.npy,0,1,"[-0.07581941038370132, 0.20021584630012512]","[0.4314260482788086, 0.5685739517211914]",0.5685739517211914
00027420.npy,0,1,"[-0.049034714698791504, 0.18310490250587463]","[0.44222429394721985, 0.5577756762504578]",0.5577756762504578
00027421.npy,0,1,"[-0.3609934449195862, 0.19235259294509888]","[0.36508846282958984, 0.6349115967750549]",0.6349115967750549
00027422.npy,0,1,"[-0.21470427513122559, 0.05826694518327713]","[0.4321778118610382, 0.5678221583366394]",0.5678221583366394
00027423.npy,0,1,"[-0.08884121477603912, 0.11925788968801498]","[0.44816216826438904, 0.5518378019332886]",0.5518378019332886
00027424.npy,1,1,"[0.10526023060083389, 0.4014746844768524]","[0.426483154296875, 0.573516845703125]",0.573516845703125
00027425.npy,0,1,"[0.13591012358665466, 0.45476946234703064]","[0.4209537208080292, 0.5790462493896484]",0.5790462493896484
00027426.npy,0,1,"[0.01940908282995224, 0.2334250807762146]","[0.4466992914676666, 0.553300678730011]",0.553300678730011
00027427.npy,0,1,"[-0.10105715692043304, 0.31708356738090515]","[0.3969617784023285, 0.6030382513999939]",0.6030382513999939
00027428.npy,0,1,"[-0.2648608088493347, 0.1621425747871399]","[0.39484214782714844, 0.6051579117774963]",0.6051579117774963
00027429.npy,0,1,"[-0.22008875012397766, 0.10018014162778854]","[0.4206102192401886, 0.579389750957489]",0.579389750957489
00027430.npy,0,1,"[-0.3304971754550934, 0.07857470959424973]","[0.39913469552993774, 0.6008653044700623]",0.6008653044700623
00027431.npy,0,1,"[-0.35924357175827026, -0.017911776900291443]","[0.41548600792884827, 0.5845139622688293]",0.5845139622688293
00027432.npy,0,1,"[-0.1859666407108307, 0.041247643530368805]","[0.4434395432472229, 0.5565604567527771]",0.5565604567527771
00027433.npy,0,0,"[-0.09971741586923599, -0.11413422226905823]","[0.5036041140556335, 0.49639588594436646]",0.49639588594436646
00027434.npy,0,1,"[0.003862399607896805, 0.22146642208099365]","[0.4458126723766327, 0.5541873574256897]",0.5541873574256897
00027435.npy,0,1,"[-0.13932687044143677, 0.25893154740333557]","[0.40173083543777466, 0.5982691645622253]",0.5982691645622253
00027436.npy,0,1,"[-0.14175701141357422, 0.15867534279823303]","[0.42545178532600403, 0.5745482444763184]",0.5745482444763184
00027437.npy,0,1,"[-0.023427177220582962, 0.1121925339102745]","[0.46614691615104675, 0.5338530540466309]",0.5338530540466309
00027438.npy,0,1,"[-0.16363584995269775, 0.13813051581382751]","[0.42512574791908264, 0.5748742818832397]",0.5748742818832397
00027439.npy,0,1,"[-0.3871713876724243, -0.0623355470597744]","[0.4194977283477783, 0.5805023312568665]",0.5805023312568665
00027440.npy,0,1,"[0.009757600724697113, 0.4486410915851593]","[0.392007052898407, 0.607992947101593]",0.607992947101593
00027441.npy,0,1,"[0.1877250075340271, 0.20863506197929382]","[0.49477267265319824, 0.5052273273468018]",0.5052273273468018
00027442.npy,0,1,"[-0.1639339029788971, 0.1323206126689911]","[0.42647334933280945, 0.5735266804695129]",0.5735266804695129
00027443.npy,0,1,"[0.0020538941025733948, 0.2302447259426117]","[0.443198561668396, 0.556801438331604]",0.556801438331604
00027444.npy,0,1,"[0.07462180405855179, 0.31321024894714355]","[0.44063425064086914, 0.5593657493591309]",0.5593657493591309
00027445.npy,0,1,"[0.08379056304693222, 0.2942935824394226]","[0.44756776094436646, 0.5524322986602783]",0.5524322986602783
00027446.npy,0,1,"[0.05974601209163666, 0.06054261326789856]","[0.4998008608818054, 0.5001991391181946]",0.5001991391181946
00027447.npy,0,1,"[0.1549159586429596, 0.15591007471084595]","[0.499751478433609, 0.5002485513687134]",0.5002485513687134
00027448.npy,0,1,"[-0.03692655265331268, 0.24126595258712769]","[0.43089693784713745, 0.5691030621528625]",0.5691030621528625
00027449.npy,1,1,"[0.059412986040115356, 0.4428790509700775]","[0.40529119968414307, 0.5947088003158569]",0.5947088003158569
00027450.npy,0,1,"[-0.18294113874435425, 0.3827669024467468]","[0.36222776770591736, 0.637772262096405]",0.637772262096405
00027451.npy,0,1,"[0.29025647044181824, 0.2939459979534149]","[0.49907761812210083, 0.5009223818778992]",0.5009223818778992
00027452.npy,0,1,"[0.1736947000026703, 0.19930338859558105]","[0.49359816312789917, 0.5064018368721008]",0.5064018368721008
00027453.npy,0,1,"[0.23437857627868652, 0.48122403025627136]","[0.4386000633239746, 0.5613998770713806]",0.5613998770713806
00027454.npy,0,1,"[-0.047117967158555984, 0.12864235043525696]","[0.4561727046966553, 0.5438272953033447]",0.5438272953033447
00027455.npy,0,1,"[-0.09884822368621826, 0.2841974198818207]","[0.40539252758026123, 0.5946074724197388]",0.5946074724197388
00027456.npy,0,1,"[-0.14960768818855286, 0.09730400890111923]","[0.43858376145362854, 0.5614162087440491]",0.5614162087440491
00027457.npy,0,1,"[0.2854855954647064, 0.5447210073471069]","[0.4355516731739044, 0.564448356628418]",0.564448356628418
00027458.npy,0,1,"[-0.22344470024108887, 0.025732435286045074]","[0.4380260705947876, 0.5619739294052124]",0.5619739294052124
00027459.npy,0,1,"[0.1364060342311859, 0.5404654741287231]","[0.4003373980522156, 0.5996626019477844]",0.5996626019477844
00027460.npy,1,1,"[-0.01631256565451622, 0.43381327390670776]","[0.38933083415031433, 0.6106691360473633]",0.6106691360473633
00027461.npy,0,1,"[-0.08749343454837799, 0.22758451104164124]","[0.4218757450580597, 0.5781242251396179]",0.5781242251396179
00027462.npy,0,1,"[0.03795517235994339, 0.21738183498382568]","[0.45526328682899475, 0.5447366833686829]",0.5447366833686829
00027463.npy,0,1,"[-0.37920570373535156, -0.1400877833366394]","[0.4405037462711334, 0.559496283531189]",0.559496283531189
00027464.npy,0,1,"[0.08766710013151169, 0.32222646474838257]","[0.441627562046051, 0.558372437953949]",0.558372437953949
00027465.npy,0,1,"[-0.16099879145622253, -0.11122891306877136]","[0.48756009340286255, 0.5124399065971375]",0.5124399065971375
00027466.npy,0,1,"[0.06167449802160263, 0.36421969532966614]","[0.42493540048599243, 0.5750645995140076]",0.5750645995140076
00027467.npy,0,1,"[-0.1373470425605774, 0.38377878069877625]","[0.3725890517234802, 0.6274110078811646]",0.6274110078811646
00027468.npy,0,1,"[-0.07332680374383926, 0.25194254517555237]","[0.41939210891723633, 0.5806078910827637]",0.5806078910827637
00027469.npy,0,1,"[0.07615423947572708, 0.2161588966846466]","[0.4650558829307556, 0.5349440574645996]",0.5349440574645996
00027470.npy,0,1,"[-0.02069929987192154, 0.3019791841506958]","[0.420023113489151, 0.5799768567085266]",0.5799768567085266
00027471.npy,0,1,"[0.11353538185358047, 0.37739336490631104]","[0.4344155788421631, 0.5655844211578369]",0.5655844211578369
00027472.npy,1,1,"[-0.13615083694458008, 0.2911066710948944]","[0.3947814106941223, 0.6052185893058777]",0.6052185893058777
00027473.npy,0,1,"[-0.330304354429245, 0.47826018929481506]","[0.308196485042572, 0.691803514957428]",0.691803514957428
00027474.npy,0,1,"[-0.0851019024848938, 0.21945372223854065]","[0.42444419860839844, 0.5755558013916016]",0.5755558013916016
00027475.npy,0,1,"[-0.19665071368217468, 0.08770311623811722]","[0.4293867349624634, 0.5706133246421814]",0.5706133246421814
00027476.npy,0,1,"[0.10180028527975082, 0.25880977511405945]","[0.4608280658721924, 0.5391719341278076]",0.5391719341278076
00027477.npy,0,1,"[-0.24486514925956726, -0.025852002203464508]","[0.445464551448822, 0.5545355081558228]",0.5545355081558228
00027478.npy,0,1,"[-0.23346692323684692, 0.5133816599845886]","[0.32150837779045105, 0.6784916520118713]",0.6784916520118713
00027479.npy,0,1,"[0.2032729685306549, 0.4289063811302185]","[0.443829745054245, 0.5561702251434326]",0.5561702251434326
00027480.npy,0,1,"[0.05405709892511368, 0.363478422164917]","[0.4232560098171234, 0.576744019985199]",0.576744019985199
00027481.npy,0,1,"[-0.11014275252819061, 0.5387836694717407]","[0.3432314991950989, 0.6567684412002563]",0.6567684412002563
00027482.npy,0,1,"[-0.36572515964508057, 0.016677208244800568]","[0.4055476188659668, 0.5944523811340332]",0.5944523811340332
00027483.npy,0,1,"[-0.29475921392440796, -0.09928513318300247]","[0.4512864947319031, 0.5487135052680969]",0.5487135052680969
00027484.npy,0,1,"[-0.2645970284938812, -0.11326489597558975]","[0.46223896741867065, 0.5377609729766846]",0.5377609729766846
00027485.npy,0,1,"[-0.04943538457155228, 0.09922265261411667]","[0.462903767824173, 0.5370962023735046]",0.5370962023735046
00027486.npy,0,1,"[0.01654539257287979, 0.3008808195590973]","[0.4293912351131439, 0.5706087946891785]",0.5706087946891785
00027487.npy,0,1,"[-0.11325784027576447, 0.3043104112148285]","[0.3970988094806671, 0.6029012203216553]",0.6029012203216553
00027488.npy,0,1,"[0.17407315969467163, 0.44669434428215027]","[0.43226373195648193, 0.5677362680435181]",0.5677362680435181
00027489.npy,0,1,"[0.21601074934005737, 0.4024791717529297]","[0.45351749658584595, 0.546482503414154]",0.546482503414154
00027490.npy,0,1,"[-0.1695832908153534, 0.06263180822134018]","[0.4422056972980499, 0.5577942728996277]",0.5577942728996277
00027491.npy,0,1,"[-0.20819932222366333, 0.20954075455665588]","[0.3970576524734497, 0.6029423475265503]",0.6029423475265503
00027492.npy,1,1,"[-0.1846921145915985, 0.3737066388130188]","[0.3639180660247803, 0.6360819339752197]",0.6360819339752197
00027493.npy,0,1,"[-0.1249922513961792, 0.3861456513404846]","[0.3749268054962158, 0.6250731348991394]",0.6250731348991394
00027494.npy,0,1,"[0.17053502798080444, 0.49137017130851746]","[0.42047223448753357, 0.579527735710144]",0.579527735710144
00027495.npy,1,1,"[0.04226868599653244, 0.47008904814720154]","[0.39464694261550903, 0.605353057384491]",0.605353057384491
00027496.npy,1,1,"[-0.17698925733566284, 0.4700665771961212]","[0.34365329146385193, 0.6563466787338257]",0.6563466787338257
00027497.npy,1,1,"[-0.008653748780488968, 0.16831496357917786]","[0.45587295293807983, 0.5441271066665649]",0.5441271066665649
00027498.npy,0,1,"[-0.12942816317081451, 0.37554115056991577]","[0.3763735592365265, 0.6236264109611511]",0.6236264109611511
00027499.npy,0,1,"[-0.05505336821079254, 0.2832665741443634]","[0.4162176549434662, 0.5837823748588562]",0.5837823748588562
00027500.npy,0,1,"[-0.017067469656467438, 0.06482046842575073]","[0.4795394241809845, 0.5204605460166931]",0.5204605460166931
00027501.npy,0,1,"[0.07787550240755081, 0.37597793340682983]","[0.42602142691612244, 0.5739785432815552]",0.5739785432815552
00027502.npy,0,1,"[0.05892246961593628, 0.27147337794303894]","[0.4470614492893219, 0.5529385805130005]",0.5529385805130005
00027503.npy,0,1,"[0.06140418350696564, 0.2500535249710083]","[0.4529770314693451, 0.5470229387283325]",0.5470229387283325
00027504.npy,0,1,"[0.32578763365745544, 0.49566182494163513]","[0.45763328671455383, 0.5423666834831238]",0.5423666834831238
00027505.npy,0,1,"[0.038362056016922, 0.331050843000412]","[0.42734572291374207, 0.5726542472839355]",0.5726542472839355
00027506.npy,0,1,"[-0.08810487389564514, 0.19009774923324585]","[0.4308944642543793, 0.5691055059432983]",0.5691055059432983
00027507.npy,1,1,"[0.010357320308685303, 0.22823691368103027]","[0.4457445442676544, 0.5542554259300232]",0.5542554259300232
00027508.npy,0,1,"[-0.32095497846603394, 0.24777767062187195]","[0.36152932047843933, 0.6384706497192383]",0.6384706497192383
00027509.npy,0,1,"[-0.1818341314792633, 0.2769193649291992]","[0.387281596660614, 0.6127184629440308]",0.6127184629440308
00027510.npy,0,1,"[-0.05822321027517319, 0.3087155520915985]","[0.4092809557914734, 0.5907191038131714]",0.5907191038131714
00027511.npy,0,1,"[-0.27017390727996826, 0.3975610136985779]","[0.3390042185783386, 0.6609958410263062]",0.6609958410263062
00027512.npy,0,1,"[-0.156439870595932, 0.07847369462251663]","[0.4415402412414551, 0.5584598183631897]",0.5584598183631897
00027513.npy,0,1,"[0.14544987678527832, 0.34409889578819275]","[0.4505004286766052, 0.5494995713233948]",0.5494995713233948
00027514.npy,0,1,"[-0.15062955021858215, -0.008117210119962692]","[0.46443209052085876, 0.5355678796768188]",0.5355678796768188
00027515.npy,0,1,"[0.027241267263889313, 0.5494204759597778]","[0.3723427951335907, 0.6276571750640869]",0.6276571750640869
00027516.npy,0,1,"[0.10360296815633774, 0.15169352293014526]","[0.4879796504974365, 0.5120202898979187]",0.5120202898979187
00027517.npy,0,1,"[-0.0751575455069542, 0.24251940846443176]","[0.42124199867248535, 0.5787580013275146]",0.5787580013275146
00027518.npy,0,1,"[0.11106467992067337, 0.4903402626514435]","[0.4063016474246979, 0.5936983823776245]",0.5936983823776245
00027519.npy,0,1,"[-0.32315126061439514, 0.08436838537454605]","[0.39950698614120483, 0.6004930138587952]",0.6004930138587952
00027520.npy,0,1,"[-0.14107447862625122, 0.1678468883037567]","[0.423378050327301, 0.5766218900680542]",0.5766218900680542
00027521.npy,0,1,"[-0.19101977348327637, 0.36795124411582947]","[0.3637855350971222, 0.6362144351005554]",0.6362144351005554
00027522.npy,0,1,"[-0.21034091711044312, 0.21271845698356628]","[0.3957848846912384, 0.6042150855064392]",0.6042150855064392
00027523.npy,1,1,"[0.17635148763656616, 0.44852414727211]","[0.4323737919330597, 0.5676261782646179]",0.5676261782646179
00027524.npy,0,1,"[-0.18970564007759094, 0.27916350960731506]","[0.38488394021987915, 0.6151160597801208]",0.6151160597801208
00027525.npy,0,1,"[0.1443469524383545, 0.5711212754249573]","[0.39489686489105225, 0.6051031351089478]",0.6051031351089478
00027526.npy,0,1,"[-0.014080904424190521, 0.10774000734090805]","[0.46958237886428833, 0.5304176211357117]",0.5304176211357117
00027527.npy,0,1,"[-0.0013870857656002045, 0.3659144639968872]","[0.4091932475566864, 0.590806782245636]",0.590806782245636
00027528.npy,0,1,"[0.1515975296497345, 0.33147794008255005]","[0.4551507830619812, 0.5448492765426636]",0.5448492765426636
00027529.npy,0,1,"[0.0016805268824100494, 0.15499216318130493]","[0.4617469906806946, 0.5382530093193054]",0.5382530093193054
00027530.npy,0,1,"[0.01580733060836792, 0.5452842712402344]","[0.3706388771533966, 0.629361093044281]",0.629361093044281
00027531.npy,0,1,"[-0.15098246932029724, 0.15305516123771667]","[0.424570769071579, 0.5754292607307434]",0.5754292607307434
00027532.npy,0,1,"[0.039290763437747955, 0.22430011630058289]","[0.45387914776802063, 0.5461208820343018]",0.5461208820343018
00027533.npy,0,1,"[0.23724842071533203, 0.4092521667480469]","[0.45710477232933044, 0.5428952574729919]",0.5428952574729919
00027534.npy,0,1,"[-0.0958561897277832, 0.2380048930644989]","[0.4173014461994171, 0.5826985239982605]",0.5826985239982605
00027535.npy,0,1,"[-0.3423349857330322, 0.011697858572006226]","[0.4124048352241516, 0.5875952243804932]",0.5875952243804932
00027536.npy,0,1,"[-0.19128641486167908, 0.22826087474822998]","[0.3966250717639923, 0.6033748984336853]",0.6033748984336853
00027537.npy,0,1,"[0.16459763050079346, 0.39834827184677124]","[0.4418269693851471, 0.5581730008125305]",0.5581730008125305
00027538.npy,0,1,"[-0.01803509145975113, 0.36349931359291077]","[0.4057568907737732, 0.5942431092262268]",0.5942431092262268
00027539.npy,0,1,"[-0.0077214315533638, 0.28255173563957214]","[0.42793697118759155, 0.5720629692077637]",0.5720629692077637
00027540.npy,0,1,"[-0.2640501856803894, -0.15104401111602783]","[0.4717785120010376, 0.5282215476036072]",0.5282215476036072
00027541.npy,0,1,"[-0.1010107696056366, 0.06274714320898056]","[0.4591517746448517, 0.5408482551574707]",0.5408482551574707
00027542.npy,0,1,"[-0.04263464733958244, 0.144529789686203]","[0.45334503054618835, 0.546654999256134]",0.546654999256134
00027543.npy,0,1,"[-0.16779294610023499, 0.23482081294059753]","[0.40068450570106506, 0.5993154644966125]",0.5993154644966125
00027544.npy,1,1,"[0.21096885204315186, 0.37255236506462097]","[0.45969176292419434, 0.5403081774711609]",0.5403081774711609
00027545.npy,0,1,"[0.043157681822776794, 0.14916566014289856]","[0.473522812128067, 0.5264772176742554]",0.5264772176742554
00027546.npy,0,1,"[-0.10670050978660583, 0.29125159978866577]","[0.40180444717407227, 0.598195493221283]",0.598195493221283
00027547.npy,0,1,"[-0.03980730101466179, 0.5169736742973328]","[0.36429259181022644, 0.6357073783874512]",0.6357073783874512
00027548.npy,0,1,"[-0.27770721912384033, -0.1724068820476532]","[0.4736992418766022, 0.5263007879257202]",0.5263007879257202
00027549.npy,0,1,"[0.0011181235313415527, 0.17102676630020142]","[0.45762473344802856, 0.5423752665519714]",0.5423752665519714
00027550.npy,0,1,"[-0.14902344346046448, 0.0822589322924614]","[0.44243577122688293, 0.5575642585754395]",0.5575642585754395
00027551.npy,0,1,"[0.07679573446512222, 0.12855592370033264]","[0.48706281185150146, 0.5129371285438538]",0.5129371285438538
00027552.npy,0,1,"[-0.13902917504310608, 0.08712057024240494]","[0.4437023103237152, 0.5562977194786072]",0.5562977194786072
00027553.npy,1,1,"[-0.058271635323762894, 0.06932877749204636]","[0.468143105506897, 0.531856894493103]",0.531856894493103
00027554.npy,0,1,"[-0.012074586004018784, 0.31712663173675537]","[0.4184350073337555, 0.5815649628639221]",0.5815649628639221
00027555.npy,0,1,"[0.013822443783283234, 0.12347111850976944]","[0.4726152718067169, 0.5273847579956055]",0.5273847579956055
00027556.npy,0,1,"[0.04113146662712097, 0.3246457278728485]","[0.42959243059158325, 0.5704075694084167]",0.5704075694084167
00027557.npy,0,1,"[-0.17219950258731842, 0.3977699279785156]","[0.36124387383461, 0.6387561559677124]",0.6387561559677124
00027558.npy,0,1,"[-0.18322625756263733, 0.05687861144542694]","[0.44026052951812744, 0.5597394704818726]",0.5597394704818726
00027559.npy,0,1,"[0.026078179478645325, 0.13904938101768494]","[0.4717872142791748, 0.52821284532547]",0.52821284532547
00027560.npy,0,1,"[-0.04975103586912155, 0.00459936261177063]","[0.4864157438278198, 0.5135842561721802]",0.5135842561721802
00027561.npy,0,1,"[-0.2153918445110321, 0.2817701995372772]","[0.37820783257484436, 0.6217921376228333]",0.6217921376228333
00027562.npy,0,1,"[-0.10037000477313995, 0.06873288005590439]","[0.4578247368335724, 0.54217529296875]",0.54217529296875
00027563.npy,0,1,"[0.18874916434288025, 0.4299256503582001]","[0.4399964511394501, 0.5600035786628723]",0.5600035786628723
00027564.npy,0,1,"[0.1905030608177185, 0.4500676095485687]","[0.4354707598686218, 0.5645292401313782]",0.5645292401313782
00027565.npy,1,1,"[-0.4402411878108978, -0.12953385710716248]","[0.4229421019554138, 0.5770578980445862]",0.5770578980445862
00027566.npy,0,1,"[-0.046238046139478683, 0.17069509625434875]","[0.44597840309143066, 0.5540215969085693]",0.5540215969085693
00027567.npy,0,1,"[0.15567857027053833, 0.3219051957130432]","[0.4585387706756592, 0.5414612293243408]",0.5414612293243408
00027568.npy,0,1,"[-0.1010335236787796, 0.047000810503959656]","[0.46305885910987854, 0.5369411706924438]",0.5369411706924438
00027569.npy,0,1,"[0.17085397243499756, 0.20590800046920776]","[0.4912374019622803, 0.5087625980377197]",0.5087625980377197
00027570.npy,0,1,"[0.22328874468803406, 0.6534693837165833]","[0.3940832018852234, 0.6059167981147766]",0.6059167981147766
00027571.npy,0,1,"[0.056395336985588074, 0.2611643970012665]","[0.44898584485054016, 0.5510141253471375]",0.5510141253471375
00027572.npy,0,1,"[0.017125077545642853, 0.2892732620239258]","[0.432379812002182, 0.5676202178001404]",0.5676202178001404
00027573.npy,0,1,"[-0.03280315548181534, 0.31321820616722107]","[0.4143475592136383, 0.5856524705886841]",0.5856524705886841
00027574.npy,0,1,"[-0.10224105417728424, 0.40778934955596924]","[0.37518641352653503, 0.6248136162757874]",0.6248136162757874
00027575.npy,0,1,"[-0.24840569496154785, -0.07276441156864166]","[0.4562022089958191, 0.5437977910041809]",0.5437977910041809
00027576.npy,0,1,"[-0.1591092348098755, 0.16641420125961304]","[0.4193302392959595, 0.5806697607040405]",0.5806697607040405
00027577.npy,0,1,"[0.07762438803911209, 0.3459075093269348]","[0.43332862854003906, 0.5666713714599609]",0.5666713714599609
00027578.npy,1,1,"[-0.016886956989765167, 0.15725749731063843]","[0.45657357573509216, 0.5434264540672302]",0.5434264540672302
00027579.npy,0,1,"[-0.017652086913585663, 0.12187499552965164]","[0.46517470479011536, 0.5348252654075623]",0.5348252654075623
00027580.npy,0,1,"[-0.18509745597839355, 0.24708932638168335]","[0.39360424876213074, 0.6063957214355469]",0.6063957214355469
00027581.npy,0,1,"[0.1290769875049591, 0.2946692109107971]","[0.45869627594947815, 0.5413036942481995]",0.5413036942481995
00027582.npy,0,1,"[0.17021676898002625, 0.2972533404827118]","[0.468283474445343, 0.531716525554657]",0.531716525554657
00027583.npy,1,1,"[-0.161545068025589, 0.10109587758779526]","[0.4347146451473236, 0.5652853846549988]",0.5652853846549988
00027584.npy,0,1,"[0.04313857853412628, 0.2349035143852234]","[0.4522051215171814, 0.5477948188781738]",0.5477948188781738
00027585.npy,0,1,"[0.01613592356443405, 0.24283358454704285]","[0.44356706738471985, 0.5564329028129578]",0.5564329028129578
00027586.npy,0,1,"[0.09727021306753159, 0.4072425961494446]","[0.42312148213386536, 0.5768784880638123]",0.5768784880638123
00027587.npy,0,1,"[-0.25704556703567505, 0.09831621497869492]","[0.4120827913284302, 0.587917149066925]",0.587917149066925
00027588.npy,0,1,"[-0.11356490850448608, 0.44110479950904846]","[0.3647816777229309, 0.6352183222770691]",0.6352183222770691
00027589.npy,0,1,"[0.05827966332435608, 0.15294554829597473]","[0.47635120153427124, 0.5236487984657288]",0.5236487984657288
00027590.npy,0,1,"[0.13734591007232666, 0.40236130356788635]","[0.4341312348842621, 0.5658687353134155]",0.5658687353134155
00027591.npy,0,1,"[-0.16298523545265198, -0.07862169295549393]","[0.4789216220378876, 0.5210784077644348]",0.5210784077644348
00027592.npy,0,1,"[0.06527306139469147, 0.2772899270057678]","[0.447193443775177, 0.552806556224823]",0.552806556224823
00027593.npy,0,1,"[-0.0051195211708545685, 0.4220742881298065]","[0.39479660987854004, 0.60520339012146]",0.60520339012146
00027594.npy,0,1,"[-0.2097257673740387, 0.07263293117284775]","[0.42987561225891113, 0.5701243877410889]",0.5701243877410889
00027595.npy,0,1,"[-0.16057026386260986, 0.13684126734733582]","[0.42619040608406067, 0.5738096237182617]",0.5738096237182617
00027596.npy,0,1,"[0.13217833638191223, 0.4471975862979889]","[0.4218900799751282, 0.5781099200248718]",0.5781099200248718
00027597.npy,0,1,"[-0.0033146291971206665, 0.05188622325658798]","[0.48620331287384033, 0.5137967467308044]",0.5137967467308044
00027598.npy,0,1,"[-0.1203015148639679, 0.37597277760505676]","[0.37841659784317017, 0.6215833425521851]",0.6215833425521851
00027599.npy,0,1,"[0.17345911264419556, 0.2936951220035553]","[0.46997714042663574, 0.5300228595733643]",0.5300228595733643
00027600.npy,0,1,"[-0.1570708304643631, -0.024530094116926193]","[0.46691325306892395, 0.5330867171287537]",0.5330867171287537
00027601.npy,0,1,"[0.15279927849769592, 0.46848389506340027]","[0.4217278063297272, 0.5782722234725952]",0.5782722234725952
00027602.npy,0,1,"[-0.42218130826950073, -0.006596140563488007]","[0.39757364988327026, 0.602426290512085]",0.602426290512085
00027603.npy,0,1,"[-0.039018381386995316, 0.25685036182403564]","[0.4265677034854889, 0.5734322667121887]",0.5734322667121887
00027604.npy,0,1,"[-0.1359558403491974, -0.13150303065776825]","[0.4988867938518524, 0.5011131763458252]",0.5011131763458252
00027605.npy,0,1,"[-0.2975913882255554, -0.0570199154317379]","[0.4401455223560333, 0.5598544478416443]",0.5598544478416443
00027606.npy,0,1,"[0.08559741824865341, 0.1149790957570076]","[0.4926551282405853, 0.5073449015617371]",0.5073449015617371
00027607.npy,1,1,"[-0.12190110981464386, 0.19989803433418274]","[0.42023733258247375, 0.5797626376152039]",0.5797626376152039
00027608.npy,0,1,"[0.03361132740974426, 0.22775045037269592]","[0.45161712169647217, 0.5483829379081726]",0.5483829379081726
00027609.npy,0,1,"[-0.2554624676704407, 0.3241831362247467]","[0.3590141534805298, 0.640985906124115]",0.640985906124115
00027610.npy,0,1,"[-0.21865972876548767, 0.3003297746181488]","[0.3730885684490204, 0.626911461353302]",0.626911461353302
00027611.npy,0,1,"[0.1270160973072052, 0.18058732151985168]","[0.48661038279533386, 0.5133895874023438]",0.5133895874023438
00027612.npy,0,1,"[-0.026489676907658577, 0.3423200845718384]","[0.4088286757469177, 0.5911713242530823]",0.5911713242530823
00027613.npy,1,1,"[0.022054903209209442, 0.10643119364976883]","[0.4789184331893921, 0.5210815668106079]",0.5210815668106079
00027614.npy,0,1,"[-0.02762884460389614, 0.06584643572568893]","[0.4766481816768646, 0.523351788520813]",0.523351788520813
00027615.npy,0,1,"[0.06835126876831055, 0.09229873865842819]","[0.4940134286880493, 0.5059865713119507]",0.5059865713119507
00027616.npy,0,1,"[-0.056427642703056335, 0.20961147546768188]","[0.4338797330856323, 0.5661202669143677]",0.5661202669143677
00027617.npy,0,1,"[-0.14942967891693115, 0.4231066405773163]","[0.36065179109573364, 0.6393482089042664]",0.6393482089042664
00027618.npy,0,1,"[-0.09342660009860992, 0.23467117547988892]","[0.418703556060791, 0.581296443939209]",0.581296443939209
00027619.npy,0,1,"[-0.06411305069923401, 0.03810924291610718]","[0.4744666516780853, 0.5255333185195923]",0.5255333185195923
00027620.npy,0,1,"[0.09491727501153946, 0.23774927854537964]","[0.4643525779247284, 0.5356473922729492]",0.5356473922729492
00027621.npy,0,1,"[-0.1322351098060608, 0.20497044920921326]","[0.4164884686470032, 0.5835115313529968]",0.5835115313529968
00027622.npy,0,1,"[0.05417037755250931, 0.14314934611320496]","[0.4777699410915375, 0.5222300887107849]",0.5222300887107849
00027623.npy,0,1,"[-0.11361058056354523, -0.041473858058452606]","[0.4819736182689667, 0.5180263519287109]",0.5180263519287109
00027624.npy,0,1,"[-0.16855907440185547, 0.2946980893611908]","[0.38621342182159424, 0.6137865781784058]",0.6137865781784058
00027625.npy,0,1,"[-0.1410941630601883, 0.08951260894536972]","[0.4426024854183197, 0.5573975443840027]",0.5573975443840027
00027626.npy,0,1,"[-0.33059388399124146, -0.063849076628685]","[0.4337064325809479, 0.5662935972213745]",0.5662935972213745
00027627.npy,0,1,"[-0.13305939733982086, 0.1984928846359253]","[0.41786298155784607, 0.5821369886398315]",0.5821369886398315
00027628.npy,0,1,"[-0.24882757663726807, 0.11251724511384964]","[0.41063404083251953, 0.5893659591674805]",0.5893659591674805
00027629.npy,0,1,"[-0.37330687046051025, -0.1264764964580536]","[0.43860381841659546, 0.5613962411880493]",0.5613962411880493
00027630.npy,0,1,"[-0.0035593248903751373, 0.3494647145271301]","[0.4126493036746979, 0.5873507261276245]",0.5873507261276245
00027631.npy,0,1,"[-0.04691777750849724, 0.14576369524002075]","[0.45197808742523193, 0.5480219125747681]",0.5480219125747681
00027632.npy,0,1,"[-0.02834995649755001, 0.09716858714818954]","[0.46866151690483093, 0.5313385128974915]",0.5313385128974915
00027633.npy,0,1,"[-0.21995925903320312, 0.014000721275806427]","[0.4417753517627716, 0.558224618434906]",0.558224618434906
00027634.npy,0,1,"[0.15466099977493286, 0.41759517788887024]","[0.4346425533294678, 0.5653574466705322]",0.5653574466705322
00027635.npy,0,1,"[-0.42562171816825867, 0.6738325953483582]","[0.24984216690063477, 0.7501578330993652]",0.7501578330993652
00027636.npy,0,1,"[-2.4721026420593262e-05, 0.18869465589523315]","[0.45295971632003784, 0.5470402836799622]",0.5470402836799622
00027637.npy,0,1,"[0.12402675300836563, 0.2962055802345276]","[0.4570613503456116, 0.5429387092590332]",0.5429387092590332
00027638.npy,1,1,"[0.15744036436080933, 0.43397125601768494]","[0.4313044846057892, 0.5686954855918884]",0.5686954855918884
00027639.npy,1,1,"[0.012810654938220978, 0.35531461238861084]","[0.4152013957500458, 0.5847986340522766]",0.5847986340522766
00027640.npy,0,1,"[0.004566259682178497, 0.44600537419319153]","[0.3913981318473816, 0.6086018681526184]",0.6086018681526184
00027641.npy,0,1,"[-0.016130372881889343, 0.20483991503715515]","[0.4449811279773712, 0.5550189018249512]",0.5550189018249512
00027642.npy,0,1,"[-0.0007103011012077332, 0.2003733217716217]","[0.44989779591560364, 0.550102174282074]",0.550102174282074
00027643.npy,0,1,"[-0.3576628863811493, -0.13573049008846283]","[0.4447435140609741, 0.5552564859390259]",0.5552564859390259
00027644.npy,0,1,"[-0.09274909645318985, 0.13477349281311035]","[0.4433634579181671, 0.5566365122795105]",0.5566365122795105
00027645.npy,0,1,"[-0.23597705364227295, 0.17621302604675293]","[0.3983871042728424, 0.6016128659248352]",0.6016128659248352
00027646.npy,0,1,"[-0.07722943276166916, 0.08563040941953659]","[0.4593748152256012, 0.5406252145767212]",0.5406252145767212
00027647.npy,1,1,"[-0.07194044440984726, 0.5601715445518494]","[0.347031831741333, 0.652968168258667]",0.652968168258667
00027648.npy,0,1,"[-0.09547848999500275, 0.5137499570846558]","[0.35223519802093506, 0.6477647423744202]",0.6477647423744202
00027649.npy,0,1,"[0.07998990267515182, 0.24794942140579224]","[0.4581085443496704, 0.5418913960456848]",0.5418913960456848
00027650.npy,0,1,"[0.056021928787231445, 0.11239894479513168]","[0.48590946197509766, 0.5140904784202576]",0.5140904784202576
00027651.npy,0,1,"[0.03133123368024826, 0.26581016182899475]","[0.44164735078811646, 0.5583525896072388]",0.5583525896072388
00027652.npy,0,1,"[0.2525698244571686, 0.6322985291481018]","[0.4061923325061798, 0.5938076376914978]",0.5938076376914978
00027653.npy,0,1,"[-0.3582650423049927, -0.10489623993635178]","[0.4369944930076599, 0.5630055069923401]",0.5630055069923401
00027654.npy,0,1,"[0.0062595754861831665, 0.13337799906730652]","[0.4682631194591522, 0.5317369103431702]",0.5317369103431702
00027655.npy,0,1,"[0.11410383135080338, 0.11568105965852737]","[0.4996057152748108, 0.5003942847251892]",0.5003942847251892
00027656.npy,0,1,"[-0.1743992120027542, 0.2311592400074005]","[0.39997759461402893, 0.6000223755836487]",0.6000223755836487
00027657.npy,0,1,"[0.043398357927799225, 0.3247459828853607]","[0.4301234185695648, 0.5698765516281128]",0.5698765516281128
00027658.npy,0,1,"[-0.29431548714637756, -0.2739918828010559]","[0.4949192404747009, 0.5050806999206543]",0.5050806999206543
00027659.npy,0,1,"[0.08127140253782272, 0.5086364150047302]","[0.3947557508945465, 0.6052442789077759]",0.6052442789077759
00027660.npy,0,1,"[-0.15525612235069275, 0.11434236913919449]","[0.4330056607723236, 0.566994309425354]",0.566994309425354
00027661.npy,0,1,"[-0.0033733248710632324, 0.26102250814437866]","[0.43428343534469604, 0.565716564655304]",0.565716564655304
00027662.npy,0,1,"[-0.01902124285697937, 0.09091765433549881]","[0.472542941570282, 0.527457058429718]",0.527457058429718
00027663.npy,1,1,"[-0.044371213763952255, 0.07188832014799118]","[0.4709677994251251, 0.5290321707725525]",0.5290321707725525
00027664.npy,0,1,"[-0.12912209331989288, 0.05917888134717941]","[0.45306339859962463, 0.5469366312026978]",0.5469366312026978
00027665.npy,0,1,"[-0.1752338409423828, 0.21423378586769104]","[0.4038454592227936, 0.5961545705795288]",0.5961545705795288
00027666.npy,0,1,"[0.1002483144402504, 0.26644542813301086]","[0.45854607224464417, 0.5414538979530334]",0.5414538979530334
00027667.npy,0,1,"[0.0472199022769928, 0.1648683249950409]","[0.470621794462204, 0.5293782353401184]",0.5293782353401184
00027668.npy,0,1,"[-0.058169733732938766, 0.28083065152168274]","[0.41605234146118164, 0.5839476585388184]",0.5839476585388184
00027669.npy,0,1,"[-0.22427493333816528, 0.09073793143033981]","[0.42189162969589233, 0.5781083703041077]",0.5781083703041077
00027670.npy,0,1,"[-0.13851022720336914, -0.09816697239875793]","[0.48991551995277405, 0.5100844502449036]",0.5100844502449036
00027671.npy,0,1,"[-0.3465610444545746, -0.1742011308670044]","[0.45701634883880615, 0.5429835915565491]",0.5429835915565491
00027672.npy,0,1,"[-0.11142703890800476, 0.13851112127304077]","[0.43783873319625854, 0.5621613264083862]",0.5621613264083862
00027673.npy,0,1,"[-0.07006009668111801, 0.14584344625473022]","[0.44623279571533203, 0.5537671446800232]",0.5537671446800232
00027674.npy,0,1,"[0.1688002049922943, 0.4130474925041199]","[0.4392399191856384, 0.5607600808143616]",0.5607600808143616
00027675.npy,0,1,"[0.11548060923814774, 0.6378891468048096]","[0.37228924036026, 0.6277108192443848]",0.6277108192443848
00027676.npy,0,1,"[-0.14718011021614075, 0.015010103583335876]","[0.45954111218452454, 0.5404589176177979]",0.5404589176177979
00027677.npy,0,1,"[-0.08133096992969513, 0.12535160779953003]","[0.4485125243663788, 0.5514875054359436]",0.5514875054359436
00027678.npy,0,1,"[-0.2175462543964386, 0.009824059903621674]","[0.443401038646698, 0.556598961353302]",0.556598961353302
00027679.npy,0,1,"[0.07398127764463425, 0.25128665566444397]","[0.4557894468307495, 0.5442106127738953]",0.5442106127738953
00027680.npy,0,1,"[-0.07858173549175262, 0.2893002927303314]","[0.40905290842056274, 0.5909470915794373]",0.5909470915794373
00027681.npy,0,1,"[-0.04896877333521843, 0.16801506280899048]","[0.44596588611602783, 0.5540341138839722]",0.5540341138839722
00027682.npy,0,1,"[0.5617215037345886, 1.4800974130630493]","[0.28528892993927, 0.71471107006073]",0.71471107006073
00027683.npy,0,1,"[0.07955483347177505, 0.46680304408073425]","[0.4043799042701721, 0.5956200957298279]",0.5956200957298279
00027684.npy,0,1,"[-0.13667525351047516, -0.00867711752653122]","[0.46804407238960266, 0.5319559574127197]",0.5319559574127197
00027685.npy,1,1,"[0.18589642643928528, 0.5821517705917358]","[0.40221238136291504, 0.597787618637085]",0.597787618637085
00027686.npy,0,1,"[0.26060178875923157, 0.4460529386997223]","[0.45376962423324585, 0.5462303757667542]",0.5462303757667542
00027687.npy,0,1,"[0.49410760402679443, 0.7000524401664734]","[0.44869500398635864, 0.5513049960136414]",0.5513049960136414
00027688.npy,0,1,"[0.1430356502532959, 0.3812788724899292]","[0.4407193064689636, 0.5592806339263916]",0.5592806339263916
00027689.npy,1,1,"[-0.24727025628089905, 0.20665434002876282]","[0.38842806220054626, 0.6115719079971313]",0.6115719079971313
00027690.npy,0,1,"[-0.11294938623905182, 0.10402988642454147]","[0.44596701860427856, 0.5540329813957214]",0.5540329813957214
00027691.npy,0,1,"[-0.2963709235191345, 0.09387395530939102]","[0.40365836024284363, 0.5963416695594788]",0.5963416695594788
00027692.npy,0,1,"[-0.007428888231515884, 0.15907248854637146]","[0.45847055315971375, 0.5415294766426086]",0.5415294766426086
00027693.npy,0,1,"[-0.1727292388677597, 0.036742158234119415]","[0.44782280921936035, 0.5521771907806396]",0.5521771907806396
00027694.npy,0,1,"[-0.27753469347953796, -0.17315882444381714]","[0.4739297032356262, 0.5260702967643738]",0.5260702967643738
00027695.npy,0,1,"[-0.2938365340232849, 0.12789538502693176]","[0.3961023986339569, 0.6038976311683655]",0.6038976311683655
00027696.npy,0,1,"[-0.26522791385650635, 0.047885604202747345]","[0.42235496640205383, 0.5776450634002686]",0.5776450634002686
00027697.npy,0,1,"[0.04388386011123657, 0.18558451533317566]","[0.4646340012550354, 0.5353659987449646]",0.5353659987449646
00027698.npy,0,1,"[-0.05673616752028465, -0.005642000585794449]","[0.48722925782203674, 0.5127707719802856]",0.5127707719802856
00027699.npy,0,1,"[-0.16463281214237213, 0.006362318992614746]","[0.4573550820350647, 0.5426449179649353]",0.5426449179649353
00027700.npy,0,1,"[-0.0995330959558487, 0.2945544123649597]","[0.402733713388443, 0.5972662568092346]",0.5972662568092346
00027701.npy,0,1,"[-0.05777798220515251, 0.2274453341960907]","[0.42917367815971375, 0.5708263516426086]",0.5708263516426086
00027702.npy,0,1,"[0.18852394819259644, 0.6261492967605591]","[0.39230695366859436, 0.6076930165290833]",0.6076930165290833
00027703.npy,1,1,"[-0.07501597702503204, 0.216793954372406]","[0.42756080627441406, 0.5724391341209412]",0.5724391341209412
00027704.npy,0,1,"[0.29016801714897156, 0.7887449264526367]","[0.3778751790523529, 0.6221248507499695]",0.6221248507499695
00027705.npy,0,1,"[0.13115227222442627, 0.4903068244457245]","[0.41116422414779663, 0.5888357758522034]",0.5888357758522034
00027706.npy,0,1,"[-0.23576992750167847, -0.07736235857009888]","[0.4604806900024414, 0.5395193099975586]",0.5395193099975586
00027707.npy,0,1,"[0.07288499921560287, 0.1975773572921753]","[0.4688672423362732, 0.5311327576637268]",0.5311327576637268
00027708.npy,0,1,"[-0.030870240181684494, 0.09352465718984604]","[0.4689413011074066, 0.5310587286949158]",0.5310587286949158
00027709.npy,0,1,"[-0.2538304328918457, 0.17082133889198303]","[0.3954041600227356, 0.6045958399772644]",0.6045958399772644
00027710.npy,0,1,"[-0.1101435124874115, 0.043806932866573334]","[0.46158820390701294, 0.5384117364883423]",0.5384117364883423
00027711.npy,1,1,"[-0.21850737929344177, 0.286967396736145]","[0.37625494599342346, 0.6237450838088989]",0.6237450838088989
00027712.npy,0,1,"[-0.19065561890602112, 0.2528629004955292]","[0.39090287685394287, 0.6090971231460571]",0.6090971231460571
00027713.npy,0,1,"[-0.1547299027442932, 0.07196859270334244]","[0.4435668885707855, 0.5564331412315369]",0.5564331412315369
00027714.npy,0,1,"[-0.19783341884613037, -0.11656451225280762]","[0.4796939492225647, 0.5203060507774353]",0.5203060507774353
00027715.npy,0,1,"[-0.002201393246650696, 0.29788529872894287]","[0.42553630471229553, 0.5744637250900269]",0.5744637250900269
00027716.npy,0,1,"[0.015287823975086212, 0.3835528790950775]","[0.4089603126049042, 0.5910397171974182]",0.5910397171974182
00027717.npy,0,1,"[0.2898833453655243, 0.4910396635532379]","[0.44987979531288147, 0.5501201748847961]",0.5501201748847961
00027718.npy,1,1,"[-0.25363707542419434, 0.03172621876001358]","[0.4291393756866455, 0.5708605647087097]",0.5708605647087097
00027719.npy,0,1,"[-0.1989758312702179, -0.046426694840192795]","[0.46193650364875793, 0.5380635261535645]",0.5380635261535645
00027720.npy,0,1,"[-0.09052831679582596, 0.13790008425712585]","[0.4431399405002594, 0.556860089302063]",0.556860089302063
00027721.npy,0,1,"[0.014052063226699829, 0.2141159176826477]","[0.45015019178390503, 0.549849808216095]",0.549849808216095
00027722.npy,0,1,"[-0.19454729557037354, -0.04006268456578255]","[0.46145549416542053, 0.5385445356369019]",0.5385445356369019
00027723.npy,0,1,"[-0.1172042265534401, 0.41701018810272217]","[0.3695344626903534, 0.6304655075073242]",0.6304655075073242
00027724.npy,0,0,"[-0.14788401126861572, -0.15803998708724976]","[0.5025389790534973, 0.4974610507488251]",0.4974610507488251
00027725.npy,0,1,"[0.25250428915023804, 0.6218324899673462]","[0.40870335698127747, 0.5912966132164001]",0.5912966132164001
00027726.npy,0,1,"[0.07556471973657608, 0.2173677682876587]","[0.4646085202693939, 0.5353915095329285]",0.5353915095329285
00027727.npy,0,1,"[0.036145828664302826, 0.2801322340965271]","[0.4393042027950287, 0.5606958270072937]",0.5606958270072937
00027728.npy,0,1,"[-0.37392374873161316, -0.13136792182922363]","[0.4396565854549408, 0.5603433847427368]",0.5603433847427368
00027729.npy,0,1,"[-0.07398830354213715, 0.16272211074829102]","[0.4410971701145172, 0.5589028000831604]",0.5589028000831604
00027730.npy,0,1,"[-0.09369933605194092, 0.18709427118301392]","[0.43025925755500793, 0.5697407722473145]",0.5697407722473145
00027731.npy,0,1,"[-0.07068397104740143, 0.2149108350276947]","[0.4290826618671417, 0.5709173083305359]",0.5709173083305359
00027732.npy,0,1,"[0.1155746802687645, 0.3640750050544739]","[0.4381926357746124, 0.5618073344230652]",0.5618073344230652
00027733.npy,1,1,"[-0.43892669677734375, -0.08871623873710632]","[0.41333141922950745, 0.5866686105728149]",0.5866686105728149
00027734.npy,0,1,"[-0.17511311173439026, 0.12249267846345901]","[0.4261428713798523, 0.5738571286201477]",0.5738571286201477
00027735.npy,0,1,"[-0.11149608343839645, 0.21075981855392456]","[0.4201260507106781, 0.5798739194869995]",0.5798739194869995
00027736.npy,0,0,"[0.2708887457847595, 0.26435643434524536]","[0.5016331076622009, 0.49836692214012146]",0.49836692214012146
00027737.npy,0,1,"[0.0875312015414238, 0.29724833369255066]","[0.44776204228401184, 0.5522379279136658]",0.5522379279136658
00027738.npy,0,1,"[-0.3539470434188843, -0.15878532826900482]","[0.45136383175849915, 0.5486361384391785]",0.5486361384391785
00027739.npy,0,1,"[-0.14148470759391785, 0.0007611177861690521]","[0.4644984006881714, 0.5355015993118286]",0.5355015993118286
00027740.npy,0,1,"[-0.2000533640384674, 0.2079022228717804]","[0.3994024395942688, 0.600597620010376]",0.600597620010376
00027741.npy,0,1,"[-0.053478747606277466, 0.10408269613981247]","[0.4606909155845642, 0.5393090844154358]",0.5393090844154358
00027742.npy,0,1,"[-0.10486748069524765, 0.23594018816947937]","[0.4156132936477661, 0.5843867063522339]",0.5843867063522339
00027743.npy,0,1,"[-0.10874699056148529, -0.005978472530841827]","[0.47433045506477356, 0.525669515132904]",0.525669515132904
00027744.npy,0,1,"[-0.0010827705264091492, 0.14028611779212952]","[0.46471652388572693, 0.5352834463119507]",0.5352834463119507
00027745.npy,0,1,"[0.2472013235092163, 0.4223910868167877]","[0.45631423592567444, 0.5436857342720032]",0.5436857342720032
00027746.npy,0,1,"[-0.010699659585952759, 0.14778274297714233]","[0.46046212315559387, 0.5395378470420837]",0.5395378470420837
00027747.npy,0,1,"[0.04925139248371124, 0.3612314462661743]","[0.42263153195381165, 0.5773684978485107]",0.5773684978485107
00027748.npy,0,1,"[0.0208844393491745, 0.31684133410453796]","[0.4265461564064026, 0.5734538435935974]",0.5734538435935974
00027749.npy,0,1,"[0.23684784770011902, 0.32240161299705505]","[0.4786246120929718, 0.5213754177093506]",0.5213754177093506
00027750.npy,0,1,"[-0.16079717874526978, 0.15407681465148926]","[0.42192551493644714, 0.5780745148658752]",0.5780745148658752
00027751.npy,0,1,"[-0.13486236333847046, 0.2845577001571655]","[0.39665549993515015, 0.6033444404602051]",0.6033444404602051
00027752.npy,0,1,"[-0.033594921231269836, 0.1989368498325348]","[0.4421275854110718, 0.5578724145889282]",0.5578724145889282
00027753.npy,0,1,"[-0.026845065876841545, 0.23761865496635437]","[0.4342667758464813, 0.5657332539558411]",0.5657332539558411
00027754.npy,0,1,"[-0.11659087240695953, 0.15315982699394226]","[0.43296828866004944, 0.5670316815376282]",0.5670316815376282
00027755.npy,0,1,"[-0.1496066153049469, 0.005171746015548706]","[0.4613824784755707, 0.5386174917221069]",0.5386174917221069
00027756.npy,0,1,"[-0.1381247341632843, 0.01789427548646927]","[0.46107417345046997, 0.53892582654953]",0.53892582654953
00027757.npy,0,1,"[-0.023020988330245018, 0.09067658334970474]","[0.47160622477531433, 0.5283938050270081]",0.5283938050270081
00027758.npy,0,1,"[-0.1785201132297516, 0.18933895230293274]","[0.40905848145484924, 0.5909415483474731]",0.5909415483474731
00027759.npy,0,1,"[-0.035527680069208145, 0.20850589871406555]","[0.4392925798892975, 0.5607073903083801]",0.5607073903083801
00027760.npy,0,1,"[0.0073116496205329895, 0.3380231261253357]","[0.4180675446987152, 0.5819324851036072]",0.5819324851036072
00027761.npy,0,1,"[-0.029306896030902863, 0.29028403759002686]","[0.420775443315506, 0.5792245268821716]",0.5792245268821716
00027762.npy,0,1,"[-0.06528018414974213, 0.29930853843688965]","[0.40984922647476196, 0.590150773525238]",0.590150773525238
00027763.npy,0,1,"[0.01824168860912323, 0.20191693305969238]","[0.4542098641395569, 0.5457901358604431]",0.5457901358604431
00027764.npy,0,1,"[0.0020599961280822754, 0.40493646264076233]","[0.4006214439868927, 0.5993785858154297]",0.5993785858154297
00027765.npy,0,1,"[-0.006070036441087723, 0.3143617808818817]","[0.4205705225467682, 0.5794295072555542]",0.5794295072555542
00027766.npy,0,1,"[0.04315895587205887, 0.15163394808769226]","[0.47290781140327454, 0.5270922183990479]",0.5270922183990479
00027767.npy,0,1,"[-0.17068716883659363, 0.22151008248329163]","[0.40318846702575684, 0.5968115329742432]",0.5968115329742432
00027768.npy,1,1,"[-0.17212320864200592, 0.10232410579919815]","[0.43181559443473816, 0.5681843757629395]",0.5681843757629395
00027769.npy,0,1,"[-0.016339126974344254, 0.28844377398490906]","[0.42438867688179016, 0.5756112933158875]",0.5756112933158875
00027770.npy,0,1,"[0.12095212191343307, 0.42414793372154236]","[0.42477643489837646, 0.5752235651016235]",0.5752235651016235
00027771.npy,0,1,"[0.06178166717290878, 0.5461956858634949]","[0.3812103569507599, 0.6187896132469177]",0.6187896132469177
00027772.npy,0,1,"[-0.09915328025817871, 0.11860368400812149]","[0.4457748830318451, 0.5542251467704773]",0.5542251467704773
00027773.npy,0,1,"[-0.06930743157863617, 0.24414300918579102]","[0.42227277159690857, 0.5777272582054138]",0.5777272582054138
00027774.npy,0,1,"[-0.02778485231101513, 0.5457955002784729]","[0.3604111075401306, 0.6395888924598694]",0.6395888924598694
00027775.npy,0,1,"[-0.11148490756750107, 0.2536839544773102]","[0.4097088873386383, 0.5902910828590393]",0.5902910828590393
00027776.npy,0,1,"[-0.13402733206748962, 0.12006207555532455]","[0.4368172287940979, 0.5631827712059021]",0.5631827712059021
00027777.npy,0,1,"[0.017710447311401367, 0.3548271358013153]","[0.41651004552841187, 0.5834899544715881]",0.5834899544715881
00027778.npy,0,1,"[-0.1962348222732544, -0.11257304251194]","[0.47909674048423767, 0.5209032297134399]",0.5209032297134399
00027779.npy,0,1,"[-0.029751984402537346, 0.7161192893981934]","[0.321721613407135, 0.678278386592865]",0.678278386592865
00027780.npy,0,1,"[0.07103995233774185, 0.2437467873096466]","[0.4569303095340729, 0.5430697202682495]",0.5430697202682495
00027781.npy,0,1,"[-0.05026867613196373, 0.16876912117004395]","[0.44545847177505493, 0.5545415878295898]",0.5545415878295898
00027782.npy,0,1,"[-0.11783337593078613, 0.05512397736310959]","[0.45686814188957214, 0.5431318283081055]",0.5431318283081055
00027783.npy,0,1,"[-0.059081997722387314, 0.40709418058395386]","[0.38552168011665344, 0.6144782900810242]",0.6144782900810242
00027784.npy,0,1,"[0.04932073503732681, 0.13896331191062927]","[0.47760435938835144, 0.522395670413971]",0.522395670413971
00027785.npy,0,1,"[-0.04729047417640686, 0.06600578874349594]","[0.47170618176460266, 0.528293788433075]",0.528293788433075
00027786.npy,1,1,"[-0.10829287767410278, 0.31062281131744385]","[0.3967762589454651, 0.6032237410545349]",0.6032237410545349
00027787.npy,0,1,"[0.2642073631286621, 0.5528856515884399]","[0.4283274710178375, 0.5716724991798401]",0.5716724991798401
00027788.npy,0,1,"[0.15073806047439575, 0.39710068702697754]","[0.4387189745903015, 0.5612810254096985]",0.5612810254096985
00027789.npy,0,1,"[-0.3823971748352051, 0.07018787413835526]","[0.38874632120132446, 0.6112536787986755]",0.6112536787986755
00027790.npy,0,1,"[-0.1361430287361145, 0.2701663374900818]","[0.3997974097728729, 0.6002026200294495]",0.6002026200294495
00027791.npy,0,1,"[-0.08887879550457001, 0.12219993025064468]","[0.44742539525032043, 0.552574634552002]",0.552574634552002
00027792.npy,0,1,"[0.03625982254743576, 0.09640029817819595]","[0.48496943712234497, 0.515030562877655]",0.515030562877655
00027793.npy,1,1,"[-0.15904703736305237, 0.18087640404701233]","[0.41582807898521423, 0.5841718912124634]",0.5841718912124634
00027794.npy,1,1,"[0.05649877339601517, 0.3152639865875244]","[0.4356672763824463, 0.5643327236175537]",0.5643327236175537
00027795.npy,0,1,"[-0.00013674050569534302, 0.37354278564453125]","[0.40765222907066345, 0.5923478007316589]",0.5923478007316589
00027796.npy,0,1,"[-0.06618590652942657, 0.38070884346961975]","[0.39009928703308105, 0.6099006533622742]",0.6099006533622742
00027797.npy,0,1,"[-0.01667724922299385, 0.34032177925109863]","[0.4116862118244171, 0.5883137583732605]",0.5883137583732605
00027798.npy,0,1,"[-0.07975310832262039, 0.03393704444169998]","[0.4716080129146576, 0.52839195728302]",0.52839195728302
00027799.npy,0,1,"[0.19475921988487244, 0.35078105330467224]","[0.46107348799705505, 0.5389265418052673]",0.5389265418052673
00027800.npy,0,1,"[-0.03560853376984596, 0.30724406242370605]","[0.41511672735214233, 0.5848832726478577]",0.5848832726478577
00027801.npy,0,1,"[-0.22443240880966187, 0.046498119831085205]","[0.4326786696910858, 0.5673213601112366]",0.5673213601112366
00027802.npy,0,1,"[-0.253126323223114, 0.09299033135175705]","[0.41432446241378784, 0.5856755971908569]",0.5856755971908569
00027803.npy,1,1,"[0.019545219838619232, 0.46061602234840393]","[0.3914858400821686, 0.608514130115509]",0.608514130115509
00027804.npy,0,1,"[0.02425847202539444, 0.2629258334636688]","[0.44061481952667236, 0.5593852400779724]",0.5593852400779724
00027805.npy,0,1,"[0.08246500045061111, 0.4236997663974762]","[0.41550958156585693, 0.5844904184341431]",0.5844904184341431
00027806.npy,0,1,"[-0.1174573004245758, 0.2614903151988983]","[0.4063807725906372, 0.5936192274093628]",0.5936192274093628
00027807.npy,0,1,"[-0.25315889716148376, 0.19409149885177612]","[0.39001473784446716, 0.6099852919578552]",0.6099852919578552
00027808.npy,1,1,"[-0.13920196890830994, 0.08578834682703018]","[0.44398853182792664, 0.5560114979743958]",0.5560114979743958
00027809.npy,0,1,"[-0.12259510159492493, 0.09723300486803055]","[0.44526323676109314, 0.5547367930412292]",0.5547367930412292
00027810.npy,0,1,"[0.10406050831079483, 0.5008737444877625]","[0.402078241109848, 0.5979217886924744]",0.5979217886924744
00027811.npy,0,1,"[-0.14501363039016724, 0.031373776495456696]","[0.4560171365737915, 0.5439828634262085]",0.5439828634262085
00027812.npy,0,1,"[-0.10953822731971741, 0.14148947596549988]","[0.43757060170173645, 0.5624294281005859]",0.5624294281005859
00027813.npy,0,1,"[-0.05378320440649986, 0.0779276117682457]","[0.46711981296539307, 0.5328801870346069]",0.5328801870346069
00027814.npy,0,1,"[-0.24982872605323792, 0.02662242203950882]","[0.4313240349292755, 0.5686759948730469]",0.5686759948730469
00027815.npy,0,1,"[-0.17023153603076935, 0.017458073794841766]","[0.4532148540019989, 0.5467851161956787]",0.5467851161956787
00027816.npy,0,1,"[-0.0007414743304252625, 0.1327928602695465]","[0.46666595339775085, 0.5333340764045715]",0.5333340764045715
00027817.npy,0,1,"[0.08163482695817947, 0.2518308460712433]","[0.4575534164905548, 0.5424466133117676]",0.5424466133117676
00027818.npy,0,1,"[-0.2954038381576538, -0.008012674748897552]","[0.4286426901817322, 0.5713573694229126]",0.5713573694229126
00027819.npy,0,1,"[0.10490024834871292, 0.6734488606452942]","[0.3615717887878418, 0.6384282112121582]",0.6384282112121582
00027820.npy,0,1,"[-0.144548237323761, -0.013832297176122665]","[0.4673674702644348, 0.5326325297355652]",0.5326325297355652
00027821.npy,0,1,"[0.21641811728477478, 0.6476513147354126]","[0.39383190870285034, 0.6061681509017944]",0.6061681509017944
00027822.npy,0,1,"[-0.19324275851249695, 0.04285073280334473]","[0.441249281167984, 0.5587507486343384]",0.5587507486343384
00027823.npy,0,1,"[0.22214847803115845, 0.740991473197937]","[0.37312281131744385, 0.6268771290779114]",0.6268771290779114
00027824.npy,0,1,"[-0.312637060880661, 0.02855638414621353]","[0.4155196249485016, 0.5844804048538208]",0.5844804048538208
00027825.npy,0,1,"[-0.20861059427261353, 0.00898444652557373]","[0.445814847946167, 0.554185152053833]",0.554185152053833
00027826.npy,0,1,"[0.4465283453464508, 0.6793918013572693]","[0.44204577803611755, 0.5579541921615601]",0.5579541921615601
00027827.npy,0,1,"[-0.02200605347752571, 0.23736363649368286]","[0.43551865220069885, 0.5644813179969788]",0.5644813179969788
00027828.npy,0,1,"[0.17954599857330322, 0.38690221309661865]","[0.44834592938423157, 0.5516541004180908]",0.5516541004180908
00027829.npy,0,1,"[-0.25886091589927673, 0.0336584597826004]","[0.42738720774650574, 0.5726128220558167]",0.5726128220558167
00027830.npy,0,1,"[-0.013449851423501968, 0.17713868618011475]","[0.45249658823013306, 0.5475034117698669]",0.5475034117698669
00027831.npy,0,1,"[-0.03226364403963089, 0.1981143355369568]","[0.442658931016922, 0.5573410987854004]",0.5573410987854004
00027832.npy,0,1,"[-0.04665326699614525, 0.08598583191633224]","[0.46688878536224365, 0.5331112742424011]",0.5331112742424011
00027833.npy,0,1,"[-0.17780759930610657, -0.002172917127609253]","[0.4562038481235504, 0.5437961220741272]",0.5437961220741272
00027834.npy,1,1,"[-0.39355218410491943, -0.035072460770606995]","[0.411327600479126, 0.588672399520874]",0.588672399520874
00027835.npy,0,1,"[0.13442638516426086, 0.3406990170478821]","[0.44861388206481934, 0.5513860583305359]",0.5513860583305359
00027836.npy,0,1,"[-0.27886879444122314, 0.12696826457977295]","[0.39991071820259094, 0.6000892519950867]",0.6000892519950867
00027837.npy,0,1,"[-0.07800622284412384, 0.23642459511756897]","[0.4220335781574249, 0.5779663920402527]",0.5779663920402527
00027838.npy,0,1,"[-0.09034407883882523, 0.05788988620042801]","[0.46300920844078064, 0.536990761756897]",0.536990761756897
00027839.npy,0,1,"[0.11960218101739883, 0.3010232448577881]","[0.45476871728897095, 0.545231282711029]",0.545231282711029
00027840.npy,0,1,"[-0.10335512459278107, 0.20961081981658936]","[0.42239096760749817, 0.5776090621948242]",0.5776090621948242
00027841.npy,0,1,"[0.013472937047481537, 0.14708015322685242]","[0.46664777398109436, 0.5333521962165833]",0.5333521962165833
00027842.npy,0,1,"[0.054716117680072784, 0.27539828419685364]","[0.44505229592323303, 0.5549477338790894]",0.5549477338790894
00027843.npy,0,1,"[0.21977084875106812, 0.4800512492656708]","[0.4352948069572449, 0.5647052526473999]",0.5647052526473999
00027844.npy,0,1,"[-0.08136386424303055, 0.25626128911972046]","[0.4163864850997925, 0.5836135149002075]",0.5836135149002075
00027845.npy,0,1,"[-0.13945521414279938, 0.3377744257450104]","[0.3829064965248108, 0.6170934438705444]",0.6170934438705444
00027846.npy,0,1,"[-0.16674663126468658, 0.24203673005104065]","[0.3992038667201996, 0.600796103477478]",0.600796103477478
00027847.npy,0,1,"[0.15413540601730347, 0.6653992533683777]","[0.374897301197052, 0.625102698802948]",0.625102698802948
00027848.npy,0,1,"[-0.09897289425134659, 0.4904075562953949]","[0.35677701234817505, 0.643222987651825]",0.643222987651825
00027849.npy,0,1,"[0.12525534629821777, 0.15251123905181885]","[0.49318644404411316, 0.5068135857582092]",0.5068135857582092
00027850.npy,0,1,"[-0.11754950881004333, 0.27985236048698425]","[0.40193673968315125, 0.5980632305145264]",0.5980632305145264
00027851.npy,0,1,"[-0.11873254179954529, 0.08857356756925583]","[0.44835829734802246, 0.5516417026519775]",0.5516417026519775
00027852.npy,0,1,"[-0.07303661853075027, 0.0013726316392421722]","[0.4814062714576721, 0.5185937285423279]",0.5185937285423279
00027853.npy,0,1,"[-0.03490425646305084, 0.3402630388736725]","[0.40729302167892456, 0.5927069783210754]",0.5927069783210754
00027854.npy,0,1,"[-0.00850759819149971, 0.20255982875823975]","[0.4474281668663025, 0.5525717735290527]",0.5525717735290527
00027855.npy,0,1,"[-0.05830093100667, 0.21347534656524658]","[0.4324710965156555, 0.5675289034843445]",0.5675289034843445
00027856.npy,0,1,"[-0.18489417433738708, 0.20446860790252686]","[0.40387070178985596, 0.596129298210144]",0.596129298210144
00027857.npy,0,1,"[-0.04022682458162308, 0.4267142713069916]","[0.38534051179885864, 0.6146594882011414]",0.6146594882011414
00027858.npy,0,1,"[-0.182707279920578, 0.08535736054182053]","[0.4333823025226593, 0.5666177272796631]",0.5666177272796631
00027859.npy,0,1,"[0.4251953661441803, 0.8604103922843933]","[0.39288175106048584, 0.6071183085441589]",0.6071183085441589
00027860.npy,0,1,"[-0.139415442943573, 0.5340758562088013]","[0.3377155363559723, 0.6622844934463501]",0.6622844934463501
00027861.npy,0,1,"[-0.17708414793014526, -0.027571555227041245]","[0.4626913368701935, 0.5373086929321289]",0.5373086929321289
00027862.npy,0,1,"[0.2708720266819, 0.7223808169364929]","[0.38900211453437805, 0.6109979152679443]",0.6109979152679443
00027863.npy,1,1,"[-0.00406111404299736, 0.32993945479393005]","[0.4172675311565399, 0.5827324390411377]",0.5827324390411377
00027864.npy,0,1,"[-0.06238044798374176, 0.41583919525146484]","[0.38267263770103455, 0.6173273324966431]",0.6173273324966431
00027865.npy,0,1,"[0.061037175357341766, 0.3582518994808197]","[0.4262385070323944, 0.5737614631652832]",0.5737614631652832
00027866.npy,0,1,"[-0.30561500787734985, 0.017938852310180664]","[0.41980987787246704, 0.580190122127533]",0.580190122127533
00027867.npy,0,1,"[-0.01470111683011055, 0.1624147891998291]","[0.45583638548851013, 0.5441635847091675]",0.5441635847091675
00027868.npy,0,1,"[-0.19683510065078735, 0.13272961974143982]","[0.4183465540409088, 0.5816534161567688]",0.5816534161567688
00027869.npy,0,1,"[-0.16590896248817444, 0.13489767909049988]","[0.4253603219985962, 0.5746396780014038]",0.5746396780014038
00027870.npy,1,1,"[-0.06847061961889267, 0.0823553130030632]","[0.4623648226261139, 0.5376351475715637]",0.5376351475715637
00027871.npy,0,1,"[0.10436778515577316, 0.24512580037117004]","[0.4648684859275818, 0.5351315140724182]",0.5351315140724182
00027872.npy,0,1,"[0.05036915838718414, 0.2852248549461365]","[0.441554456949234, 0.5584455132484436]",0.5584455132484436
00027873.npy,0,1,"[0.2844134271144867, 0.45795080065727234]","[0.4567241966724396, 0.543275773525238]",0.543275773525238
00027874.npy,0,1,"[-0.32344070076942444, -0.024639390408992767]","[0.4258505403995514, 0.5741494297981262]",0.5741494297981262
00027875.npy,0,1,"[-0.06345298886299133, 0.08228001743555069]","[0.4636310935020447, 0.5363689064979553]",0.5363689064979553
00027876.npy,0,1,"[0.002900555729866028, 0.2726479768753052]","[0.4329690933227539, 0.5670309066772461]",0.5670309066772461
00027877.npy,0,1,"[0.045507125556468964, 0.17061585187911987]","[0.4687635600566864, 0.5312364101409912]",0.5312364101409912
00027878.npy,0,1,"[-0.11295008659362793, 0.7803833484649658]","[0.2904224097728729, 0.7095776200294495]",0.7095776200294495
00027879.npy,0,1,"[0.12366750091314316, 0.2680416405200958]","[0.46396902203559875, 0.5360309481620789]",0.5360309481620789
00027880.npy,0,1,"[0.02769719809293747, 0.12525007128715515]","[0.47563108801841736, 0.5243688821792603]",0.5243688821792603
00027881.npy,0,1,"[-0.23585236072540283, 0.09175469726324081]","[0.4188230037689209, 0.5811769962310791]",0.5811769962310791
00027882.npy,0,1,"[-0.1546308696269989, 0.2841503322124481]","[0.39203140139579773, 0.6079685688018799]",0.6079685688018799
00027883.npy,0,1,"[-0.1849544644355774, 0.09833771735429764]","[0.4296468198299408, 0.5703531503677368]",0.5703531503677368
00027884.npy,0,1,"[-0.20597216486930847, -0.13834722340106964]","[0.48310020565986633, 0.5168997645378113]",0.5168997645378113
00027885.npy,0,1,"[-0.047467414289712906, 0.17320048809051514]","[0.4450558125972748, 0.5549442172050476]",0.5549442172050476
00027886.npy,0,1,"[-0.17926448583602905, 0.05405484884977341]","[0.44193336367607117, 0.5580666661262512]",0.5580666661262512
00027887.npy,0,1,"[-0.0034783482551574707, 0.3219298720359802]","[0.4193582832813263, 0.5806416869163513]",0.5806416869163513
00027888.npy,0,1,"[-0.06954862177371979, 0.45307907462120056]","[0.3722379803657532, 0.6277620196342468]",0.6277620196342468
00027889.npy,0,1,"[0.2691352069377899, 0.8578991293907166]","[0.35691848397254944, 0.6430814862251282]",0.6430814862251282
00027890.npy,0,1,"[0.03421966731548309, 0.16859742999076843]","[0.4664560556411743, 0.5335440039634705]",0.5335440039634705
00027891.npy,0,1,"[-0.02550756372511387, 0.23780128359794617]","[0.4345504939556122, 0.5654494762420654]",0.5654494762420654
00027892.npy,0,1,"[-0.04650486260652542, 0.24659743905067444]","[0.42724454402923584, 0.5727554559707642]",0.5727554559707642
00027893.npy,0,1,"[-0.16950266063213348, 0.11471747606992722]","[0.42941948771476746, 0.5705805420875549]",0.5705805420875549
00027894.npy,1,1,"[-0.18367618322372437, -0.0023325011134147644]","[0.4547879099845886, 0.5452120900154114]",0.5452120900154114
00027895.npy,0,1,"[0.15849441289901733, 0.16532638669013977]","[0.4982920289039612, 0.5017080307006836]",0.5017080307006836
00027896.npy,1,1,"[0.25695231556892395, 0.5242956280708313]","[0.43355944752693176, 0.5664405822753906]",0.5664405822753906
00027897.npy,0,1,"[-0.0931459367275238, 0.27304360270500183]","[0.4094620943069458, 0.590537965297699]",0.590537965297699
00027898.npy,0,1,"[-0.08529601991176605, 0.12222545593976974]","[0.44830504059791565, 0.5516949892044067]",0.5516949892044067
00027899.npy,0,1,"[-0.07879965007305145, 0.5021724700927734]","[0.358708918094635, 0.641291081905365]",0.641291081905365
00027900.npy,0,1,"[-0.24265161156654358, 0.0931219533085823]","[0.4168365001678467, 0.5831634998321533]",0.5831634998321533
00027901.npy,0,1,"[-0.06532766669988632, 0.01314903050661087]","[0.48039090633392334, 0.5196090936660767]",0.5196090936660767
00027902.npy,0,1,"[0.2623698115348816, 0.6570745706558228]","[0.4025852680206299, 0.5974147319793701]",0.5974147319793701
00027903.npy,0,1,"[-0.21001267433166504, 0.05778331309556961]","[0.43344825506210327, 0.5665517449378967]",0.5665517449378967
00027904.npy,0,1,"[-0.12209665030241013, 0.28322404623031616]","[0.40003466606140137, 0.5999653339385986]",0.5999653339385986
00027905.npy,0,1,"[-0.09576210379600525, 0.5061054825782776]","[0.35391655564308167, 0.6460834741592407]",0.6460834741592407
00027906.npy,0,1,"[-0.014265045523643494, 0.31214427947998047]","[0.4191145598888397, 0.5808854699134827]",0.5808854699134827
00027907.npy,0,1,"[-0.16169878840446472, 0.10518605262041092]","[0.4336720108985901, 0.5663279891014099]",0.5663279891014099
00027908.npy,0,1,"[0.02195124328136444, 0.16394758224487305]","[0.46456044912338257, 0.5354395508766174]",0.5354395508766174
00027909.npy,1,1,"[-0.36762988567352295, 0.2582206130027771]","[0.34845200181007385, 0.6515479683876038]",0.6515479683876038
00027910.npy,0,1,"[0.05632922053337097, 0.39146026968955994]","[0.4169926941394806, 0.5830073356628418]",0.5830073356628418
00027911.npy,0,1,"[0.05479157716035843, 0.34964367747306824]","[0.4268164038658142, 0.5731835961341858]",0.5731835961341858
00027912.npy,0,1,"[-0.17077669501304626, 0.0961725190281868]","[0.4336561858654022, 0.5663437843322754]",0.5663437843322754
00027913.npy,0,1,"[0.2571527659893036, 0.6268832087516785]","[0.4086061716079712, 0.5913938283920288]",0.5913938283920288
00027914.npy,1,1,"[-0.3240228593349457, 0.07363004237413406]","[0.40187641978263855, 0.5981236100196838]",0.5981236100196838
00027915.npy,0,1,"[0.03128468245267868, 0.2431182563304901]","[0.4472387433052063, 0.5527611970901489]",0.5527611970901489
00027916.npy,0,1,"[-0.23016250133514404, 0.10983719676733017]","[0.4158095419406891, 0.5841904282569885]",0.5841904282569885
00027917.npy,0,1,"[0.017731420695781708, 0.22220611572265625]","[0.4490587115287781, 0.5509412884712219]",0.5509412884712219
00027918.npy,0,1,"[0.27548208832740784, 0.5545812845230103]","[0.43067464232444763, 0.56932532787323]",0.56932532787323
00027919.npy,0,1,"[0.29514577984809875, 0.4272439777851105]","[0.4670233726501465, 0.5329765677452087]",0.5329765677452087
00027920.npy,0,1,"[0.0759965106844902, 0.3920413553714752]","[0.42163994908332825, 0.5783600211143494]",0.5783600211143494
00027921.npy,0,1,"[0.1658441722393036, 0.27724066376686096]","[0.472179651260376, 0.527820348739624]",0.527820348739624
00027922.npy,0,1,"[-0.06942477077245712, 0.317215234041214]","[0.40452641248703003, 0.59547358751297]",0.59547358751297
00027923.npy,0,0,"[-0.03646048903465271, -0.08917807042598724]","[0.5131763219833374, 0.4868236482143402]",0.4868236482143402
00027924.npy,0,1,"[0.018143504858016968, 0.4805922210216522]","[0.3864050805568695, 0.6135948896408081]",0.6135948896408081
00027925.npy,0,1,"[0.009302455931901932, 0.38624632358551025]","[0.4068642556667328, 0.5931357741355896]",0.5931357741355896
00027926.npy,0,1,"[-0.07429666072130203, 0.20552873611450195]","[0.43049660325050354, 0.5695034265518188]",0.5695034265518188
00027927.npy,0,1,"[0.12961795926094055, 0.4825573265552521]","[0.4126698076725006, 0.587330162525177]",0.587330162525177
00027928.npy,0,1,"[-0.08614806830883026, 0.05531180649995804]","[0.46469390392303467, 0.5353060960769653]",0.5353060960769653
00027929.npy,0,1,"[-0.366276353597641, -0.07115916907787323]","[0.4267515242099762, 0.5732484459877014]",0.5732484459877014
00027930.npy,0,1,"[0.18607020378112793, 0.6183463931083679]","[0.39358294010162354, 0.6064170598983765]",0.6064170598983765
00027931.npy,0,1,"[-0.10043270140886307, 0.2926020920276642]","[0.40298697352409363, 0.5970130562782288]",0.5970130562782288
00027932.npy,0,1,"[-0.27108830213546753, 0.11789051443338394]","[0.4039631485939026, 0.5960368514060974]",0.5960368514060974
00027933.npy,0,1,"[0.019326724112033844, 0.25403428077697754]","[0.4415909945964813, 0.5584090352058411]",0.5584090352058411
00027934.npy,0,1,"[0.16374054551124573, 0.2549838423728943]","[0.4772050082683563, 0.5227950215339661]",0.5227950215339661
00027935.npy,0,1,"[-0.19630685448646545, 0.1451563537120819]","[0.41545411944389343, 0.584545910358429]",0.584545910358429
00027936.npy,0,1,"[-0.06539194285869598, 0.285108745098114]","[0.4132609963417053, 0.5867390036582947]",0.5867390036582947
00027937.npy,0,0,"[0.09320013970136642, 0.07018765062093735]","[0.5057528614997864, 0.49424710869789124]",0.49424710869789124
00027938.npy,0,1,"[-0.22952955961227417, 0.03268657624721527]","[0.4348190128803253, 0.5651809573173523]",0.5651809573173523
00027939.npy,0,1,"[-3.523007035255432e-05, 0.532859742641449]","[0.36984193325042725, 0.6301581263542175]",0.6301581263542175
00027940.npy,0,1,"[0.012160375714302063, 0.27835291624069214]","[0.4338420331478119, 0.5661579370498657]",0.5661579370498657
00027941.npy,0,1,"[-0.26603811979293823, 0.0872936025261879]","[0.41257473826408386, 0.5874252915382385]",0.5874252915382385
00027942.npy,0,1,"[0.07043274492025375, 0.9112475514411926]","[0.3013631999492645, 0.6986367702484131]",0.6986367702484131
00027943.npy,1,1,"[-0.3383937478065491, 0.028737865388393402]","[0.40923428535461426, 0.590765655040741]",0.590765655040741
00027944.npy,0,1,"[-0.2659056782722473, -0.026213690638542175]","[0.44036227464675903, 0.559637725353241]",0.559637725353241
00027945.npy,0,1,"[-0.16214627027511597, -0.07300013303756714]","[0.4777281880378723, 0.5222717523574829]",0.5222717523574829
00027946.npy,0,1,"[-0.021375833079218864, 0.29410478472709656]","[0.42177754640579224, 0.5782224535942078]",0.5782224535942078
00027947.npy,0,1,"[-0.18649601936340332, 0.12982863187789917]","[0.4215717315673828, 0.5784282684326172]",0.5784282684326172
00027948.npy,0,1,"[-0.016042280942201614, 0.37627333402633667]","[0.4031600058078766, 0.5968400239944458]",0.5968400239944458
00027949.npy,0,1,"[-0.2572105824947357, -0.02845744788646698]","[0.4430598020553589, 0.5569401979446411]",0.5569401979446411
00027950.npy,0,1,"[-0.06082114577293396, 0.3424997329711914]","[0.4005146920681, 0.5994852781295776]",0.5994852781295776
00027951.npy,0,1,"[0.03756965696811676, 0.34317275881767273]","[0.4241883456707001, 0.5758116841316223]",0.5758116841316223
00027952.npy,0,0,"[-0.0411134772002697, -0.06851274520158768]","[0.5068494081497192, 0.49315059185028076]",0.49315059185028076
00027953.npy,0,1,"[0.04052753001451492, 0.5146465301513672]","[0.3836418092250824, 0.61635822057724]",0.61635822057724
00027954.npy,0,1,"[-0.09953919798135757, 0.08480475097894669]","[0.45404407382011414, 0.5459558963775635]",0.5459558963775635
00027955.npy,0,1,"[-0.2618388235569, 0.257417768239975]","[0.3730261027812958, 0.6269739270210266]",0.6269739270210266
00027956.npy,0,1,"[-0.19174984097480774, 0.2823759615421295]","[0.38364019989967346, 0.6163598299026489]",0.6163598299026489
00027957.npy,0,1,"[-0.31432250142097473, 0.14404019713401794]","[0.38737431168556213, 0.6126257181167603]",0.6126257181167603
00027958.npy,0,1,"[0.060839518904685974, 0.07958129793405533]","[0.49531468749046326, 0.5046853423118591]",0.5046853423118591
00027959.npy,0,1,"[-0.20153409242630005, -0.008748304098844528]","[0.4519522786140442, 0.5480477213859558]",0.5480477213859558
00027960.npy,0,1,"[0.09625599533319473, 0.6380224227905273]","[0.3677767515182495, 0.6322232484817505]",0.6322232484817505
00027961.npy,0,1,"[-0.06403153389692307, 0.11582078784704208]","[0.45515772700309753, 0.5448423027992249]",0.5448423027992249
00027962.npy,0,1,"[-0.30011510848999023, 0.0052654072642326355]","[0.42424270510673523, 0.5757572650909424]",0.5757572650909424
00027963.npy,0,1,"[-0.12728163599967957, 0.3279474079608917]","[0.38811826705932617, 0.6118817925453186]",0.6118817925453186
00027964.npy,0,1,"[-0.13343411684036255, 0.2311166226863861]","[0.40985843539237976, 0.5901415944099426]",0.5901415944099426
00027965.npy,0,1,"[-0.18629786372184753, 0.04835273325443268]","[0.4416050612926483, 0.5583949089050293]",0.5583949089050293
00027966.npy,0,1,"[0.08968033641576767, 0.20908555388450623]","[0.4701841175556183, 0.5298159122467041]",0.5298159122467041
00027967.npy,0,1,"[-0.0340450182557106, 0.12941581010818481]","[0.4592255651950836, 0.5407744646072388]",0.5407744646072388
00027968.npy,0,1,"[0.20073676109313965, 0.4268200993537903]","[0.44371870160102844, 0.556281328201294]",0.556281328201294
00027969.npy,0,1,"[-0.3038114905357361, 0.11407772451639175]","[0.39702197909355164, 0.6029780507087708]",0.6029780507087708
00027970.npy,0,1,"[-0.11377137899398804, 0.21438899636268616]","[0.4186882972717285, 0.5813117027282715]",0.5813117027282715
00027971.npy,0,1,"[-0.21879971027374268, -0.050449881702661514]","[0.458011656999588, 0.5419883131980896]",0.5419883131980896
00027972.npy,0,1,"[-0.030157094821333885, 0.30724036693573]","[0.41644179821014404, 0.583558201789856]",0.583558201789856
00027973.npy,0,1,"[0.24350175261497498, 0.5893917083740234]","[0.41437944769859314, 0.5856205821037292]",0.5856205821037292
00027974.npy,0,1,"[0.2578999996185303, 0.4115835130214691]","[0.46165454387664795, 0.5383453965187073]",0.5383453965187073
00027975.npy,0,1,"[0.10004771500825882, 0.3399922549724579]","[0.44030001759529114, 0.5597000122070312]",0.5597000122070312
00027976.npy,0,1,"[0.01823078840970993, 0.34822985529899597]","[0.41824084520339966, 0.5817590951919556]",0.5817590951919556
00027977.npy,1,1,"[0.10590066760778427, 0.14245769381523132]","[0.4908617436885834, 0.5091382265090942]",0.5091382265090942
00027978.npy,0,1,"[-0.03391045704483986, 0.7716451287269592]","[0.3088383972644806, 0.6911616325378418]",0.6911616325378418
00027979.npy,0,1,"[-0.07562919706106186, 0.14833569526672363]","[0.4442416727542877, 0.5557583570480347]",0.5557583570480347
00027980.npy,0,1,"[-0.16620105504989624, 0.040138229727745056]","[0.44859743118286133, 0.5514025688171387]",0.5514025688171387
00027981.npy,0,1,"[0.45025259256362915, 0.9131802320480347]","[0.3862915337085724, 0.61370849609375]",0.61370849609375
00027982.npy,0,1,"[0.05763737112283707, 0.3945416510105133]","[0.41656166315078735, 0.5834383368492126]",0.5834383368492126
00027983.npy,0,1,"[0.18079283833503723, 0.7226356267929077]","[0.36775901913642883, 0.6322410106658936]",0.6322410106658936
00027984.npy,0,1,"[-0.1539478451013565, 0.07598086446523666]","[0.44276976585388184, 0.5572302937507629]",0.5572302937507629
00027985.npy,0,1,"[0.14638283848762512, 0.2870131731033325]","[0.46490028500556946, 0.5350997447967529]",0.5350997447967529
00027986.npy,0,1,"[0.30249935388565063, 0.5758689641952515]","[0.4320800304412842, 0.5679199695587158]",0.5679199695587158
00027987.npy,0,1,"[-0.06773117184638977, 0.4676535427570343]","[0.36926189064979553, 0.6307381391525269]",0.6307381391525269
00027988.npy,0,1,"[-0.5429083108901978, 0.1274954080581665]","[0.3384064733982086, 0.6615935564041138]",0.6615935564041138
00027989.npy,0,1,"[0.24418771266937256, 0.3423480689525604]","[0.4754796028137207, 0.5245204567909241]",0.5245204567909241
00027990.npy,0,1,"[-0.18585586547851562, 0.2277390956878662]","[0.3980504274368286, 0.6019495725631714]",0.6019495725631714
00027991.npy,0,1,"[0.04280827194452286, 0.30413618683815]","[0.4350372850894928, 0.5649626851081848]",0.5649626851081848
00027992.npy,0,1,"[-0.01932331919670105, 0.23414000868797302]","[0.4369712173938751, 0.5630287528038025]",0.5630287528038025
00027993.npy,0,1,"[-0.18266358971595764, 0.11212452501058578]","[0.42683205008506775, 0.5731679201126099]",0.5731679201126099
00027994.npy,0,1,"[0.17852190136909485, 0.479704350233078]","[0.4252684712409973, 0.5747315287590027]",0.5747315287590027
00027995.npy,0,1,"[0.07968094199895859, 0.09828009456396103]","[0.49535036087036133, 0.5046496391296387]",0.5046496391296387
00027996.npy,1,1,"[-0.09229505807161331, 0.155117005109787]","[0.4384605586528778, 0.5615394115447998]",0.5615394115447998
00027997.npy,0,1,"[-0.06279779225587845, 0.1277206838130951]","[0.4525139629840851, 0.5474860668182373]",0.5474860668182373
00027998.npy,0,1,"[-0.09304371476173401, 0.18034791946411133]","[0.432074636220932, 0.5679253339767456]",0.5679253339767456
00027999.npy,0,1,"[-0.16790232062339783, 0.16229432821273804]","[0.4181928038597107, 0.5818071961402893]",0.5818071961402893
00028000.npy,0,1,"[0.35013341903686523, 0.5805924534797668]","[0.44263893365859985, 0.5573611259460449]",0.5573611259460449
00028001.npy,0,1,"[-0.05478106439113617, 0.2973794639110565]","[0.41285860538482666, 0.5871413946151733]",0.5871413946151733
00028002.npy,0,0,"[-0.10417884588241577, -0.1572558581829071]","[0.5132661461830139, 0.4867338538169861]",0.4867338538169861
00028003.npy,0,1,"[-0.2143193781375885, -0.2096092402935028]","[0.4988224506378174, 0.5011774897575378]",0.5011774897575378
00028004.npy,0,1,"[0.0901818498969078, 0.530937135219574]","[0.39156103134155273, 0.6084389686584473]",0.6084389686584473
00028005.npy,0,1,"[0.05982339382171631, 0.23421281576156616]","[0.45651280879974365, 0.5434871912002563]",0.5434871912002563
00028006.npy,0,1,"[-0.14973488450050354, -0.11709471046924591]","[0.4918406903743744, 0.5081592798233032]",0.5081592798233032
00028007.npy,0,1,"[0.29737433791160583, 0.47662273049354553]","[0.4553075134754181, 0.5446925163269043]",0.5446925163269043
00028008.npy,0,1,"[-0.023363985121250153, 0.10190997272729874]","[0.468722403049469, 0.531277596950531]",0.531277596950531
00028009.npy,0,1,"[-0.017419960349798203, 0.22059977054595947]","[0.44077441096305847, 0.5592255592346191]",0.5592255592346191
00028010.npy,0,1,"[-0.40771302580833435, -0.10375110805034637]","[0.42458924651145935, 0.5754107236862183]",0.5754107236862183
00028011.npy,0,1,"[-0.11607509851455688, -0.08141189813613892]","[0.49133509397506714, 0.5086649060249329]",0.5086649060249329
00028012.npy,0,1,"[-0.14438244700431824, -0.04753390699625015]","[0.4758067727088928, 0.5241932272911072]",0.5241932272911072
00028013.npy,0,1,"[0.007789589464664459, 0.25387564301490784]","[0.4387871026992798, 0.561212956905365]",0.561212956905365
00028014.npy,0,1,"[-0.04185706004500389, 0.07921900600194931]","[0.4697679281234741, 0.5302320718765259]",0.5302320718765259
00028015.npy,0,1,"[0.007722396403551102, 0.39422810077667236]","[0.4045587480068207, 0.5954412221908569]",0.5954412221908569
00028016.npy,0,1,"[0.10488270968198776, 0.7091052532196045]","[0.3533782362937927, 0.6466217637062073]",0.6466217637062073
00028017.npy,0,1,"[-0.006626803427934647, 0.14274710416793823]","[0.46272578835487366, 0.537274181842804]",0.537274181842804
00028018.npy,0,1,"[-0.15373599529266357, 0.12340008467435837]","[0.4311560392379761, 0.5688439607620239]",0.5688439607620239
00028019.npy,0,1,"[-0.012350119650363922, 0.021078035235404968]","[0.4916437268257141, 0.5083562731742859]",0.5083562731742859
00028020.npy,0,1,"[-0.08738034963607788, 0.09610465914011002]","[0.4542570412158966, 0.5457429885864258]",0.5457429885864258
00028021.npy,0,1,"[0.09698591381311417, 0.3544928729534149]","[0.43597665429115295, 0.5640233755111694]",0.5640233755111694
00028022.npy,0,0,"[0.0758732333779335, 0.04691079258918762]","[0.5072401165962219, 0.4927598536014557]",0.4927598536014557
00028023.npy,0,1,"[-0.07648727297782898, 0.3824130892753601]","[0.387246698141098, 0.6127532720565796]",0.6127532720565796
00028024.npy,0,1,"[-0.348219096660614, 0.11479959636926651]","[0.3862699270248413, 0.6137300729751587]",0.6137300729751587
00028025.npy,1,1,"[0.3096252679824829, 0.7270646691322327]","[0.397129625082016, 0.6028703451156616]",0.6028703451156616
00028026.npy,0,1,"[-0.1954139769077301, -0.12015272676944733]","[0.48119354248046875, 0.5188063979148865]",0.5188063979148865
00028027.npy,0,1,"[-0.0962691530585289, -0.0789991021156311]","[0.49568259716033936, 0.5043174028396606]",0.5043174028396606
00028028.npy,1,1,"[-0.07162546366453171, 0.23319444060325623]","[0.4243796467781067, 0.5756204128265381]",0.5756204128265381
00028029.npy,0,1,"[-0.01228591799736023, 0.48210349678993225]","[0.37886011600494385, 0.6211398839950562]",0.6211398839950562
00028030.npy,0,1,"[-0.030426375567913055, 0.3380250930786133]","[0.408915251493454, 0.5910847783088684]",0.5910847783088684
00028031.npy,0,1,"[-0.1616455316543579, 0.13233399391174316]","[0.42702990770339966, 0.5729700922966003]",0.5729700922966003
00028032.npy,0,1,"[0.11257804185152054, 0.1413237750530243]","[0.4928140640258789, 0.5071859359741211]",0.5071859359741211
00028033.npy,0,1,"[-0.10719176381826401, 0.2567865550518036]","[0.4099968671798706, 0.5900031328201294]",0.5900031328201294
00028034.npy,0,1,"[-0.20371827483177185, 0.07036428898572922]","[0.4319051206111908, 0.5680948495864868]",0.5680948495864868
00028035.npy,0,1,"[0.06819850206375122, 0.29509204626083374]","[0.443518728017807, 0.5564813017845154]",0.5564813017845154
00028036.npy,0,1,"[0.05272413045167923, 0.274619460105896]","[0.44475269317626953, 0.5552473664283752]",0.5552473664283752
00028037.npy,0,1,"[0.12955859303474426, 0.25977128744125366]","[0.4674927294254303, 0.5325072407722473]",0.5325072407722473
00028038.npy,0,1,"[-0.10148408263921738, 0.22365963459014893]","[0.4194226861000061, 0.5805773138999939]",0.5805773138999939
00028039.npy,0,1,"[-0.2026759386062622, -0.07257042825222015]","[0.4675194323062897, 0.5324805974960327]",0.5324805974960327
00028040.npy,0,1,"[0.022087834775447845, 0.3624858558177948]","[0.415712833404541, 0.5842872262001038]",0.5842872262001038
00028041.npy,0,1,"[-0.3192642331123352, -0.25601470470428467]","[0.4841928780078888, 0.5158070921897888]",0.5158070921897888
00028042.npy,0,1,"[-0.12556228041648865, 0.19424912333488464]","[0.42072170972824097, 0.579278290271759]",0.579278290271759
00028043.npy,0,1,"[0.09275882691144943, 0.3961368501186371]","[0.42473191022872925, 0.5752680897712708]",0.5752680897712708
00028044.npy,0,1,"[-0.026212282478809357, 0.388713002204895]","[0.3977317214012146, 0.6022682785987854]",0.6022682785987854
00028045.npy,0,1,"[-0.12389613687992096, 0.019160069525241852]","[0.464296817779541, 0.535703182220459]",0.535703182220459
00028046.npy,0,1,"[-0.09245049953460693, 0.008573278784751892]","[0.47476550936698914, 0.5252344608306885]",0.5252344608306885
00028047.npy,0,1,"[0.1216316893696785, 0.1931733787059784]","[0.48212218284606934, 0.5178777575492859]",0.5178777575492859
00028048.npy,0,1,"[0.10142544656991959, 0.2964005768299103]","[0.45141005516052246, 0.5485899448394775]",0.5485899448394775
00028049.npy,0,1,"[0.12341051548719406, 0.3088102340698242]","[0.4537823796272278, 0.5462176203727722]",0.5462176203727722
00028050.npy,0,1,"[0.05236886441707611, 0.23349374532699585]","[0.4548421800136566, 0.5451578497886658]",0.5451578497886658
00028051.npy,0,1,"[-0.10042332857847214, 0.16826733946800232]","[0.4332285523414612, 0.566771388053894]",0.566771388053894
00028052.npy,0,1,"[0.04634808003902435, 0.48234322667121887]","[0.39269566535949707, 0.6073043346405029]",0.6073043346405029
00028053.npy,0,1,"[-0.18648242950439453, 0.21799764037132263]","[0.40023642778396606, 0.5997635722160339]",0.5997635722160339
00028054.npy,0,1,"[-0.1480846107006073, 0.23747575283050537]","[0.40478649735450745, 0.5952134728431702]",0.5952134728431702
00028055.npy,0,1,"[-0.055728040635585785, 0.20584604144096375]","[0.43497681617736816, 0.5650231838226318]",0.5650231838226318
00028056.npy,0,1,"[0.059354886412620544, 0.27258917689323425]","[0.44689249992370605, 0.553107500076294]",0.553107500076294
00028057.npy,0,1,"[-0.09852544963359833, 0.260779470205307]","[0.41112783551216125, 0.5888721942901611]",0.5888721942901611
00028058.npy,0,1,"[0.0932128056883812, 0.3767431974411011]","[0.4295884966850281, 0.5704115629196167]",0.5704115629196167
00028059.npy,0,1,"[-0.09321780502796173, 0.23409998416900635]","[0.41889339685440063, 0.5811065435409546]",0.5811065435409546
00028060.npy,0,1,"[-0.183729350566864, 0.05189830809831619]","[0.4413641393184662, 0.5586358904838562]",0.5586358904838562
00028061.npy,0,1,"[0.1900416612625122, 0.626401960849762]","[0.3926085829734802, 0.6073914170265198]",0.6073914170265198
00028062.npy,0,1,"[-0.1834920048713684, 0.49758681654930115]","[0.3360205590724945, 0.6639794111251831]",0.6639794111251831
00028063.npy,0,1,"[-0.18585610389709473, 0.23437461256980896]","[0.396461546421051, 0.6035385131835938]",0.6035385131835938
00028064.npy,0,1,"[0.0003442317247390747, 0.3852977454662323]","[0.40493273735046387, 0.5950672626495361]",0.5950672626495361
00028065.npy,0,1,"[-0.3242029845714569, -0.042458876967430115]","[0.43002623319625854, 0.5699737668037415]",0.5699737668037415
00028066.npy,0,1,"[-0.214890718460083, -0.06830422580242157]","[0.4634188711643219, 0.5365811586380005]",0.5365811586380005
00028067.npy,0,1,"[-0.12767955660820007, 0.17023563385009766]","[0.42606720328330994, 0.5739327669143677]",0.5739327669143677
00028068.npy,0,1,"[0.2018401324748993, 0.32118600606918335]","[0.47019892930984497, 0.5298011302947998]",0.5298011302947998
00028069.npy,0,1,"[0.10986732691526413, 0.42262038588523865]","[0.42244288325309753, 0.5775570869445801]",0.5775570869445801
00028070.npy,0,1,"[0.023464418947696686, 0.1987532079219818]","[0.456289678812027, 0.5437103509902954]",0.5437103509902954
00028071.npy,0,1,"[-0.2541154623031616, 0.0667819008231163]","[0.42045706510543823, 0.5795429348945618]",0.5795429348945618
00028072.npy,0,1,"[-0.061124615371227264, 0.09299515932798386]","[0.4615461528301239, 0.5384538173675537]",0.5384538173675537
00028073.npy,0,1,"[-0.06362053006887436, 0.20133808255195618]","[0.4341451823711395, 0.5658548474311829]",0.5658548474311829
00028074.npy,0,1,"[0.38298746943473816, 0.757533609867096]","[0.40744295716285706, 0.5925570130348206]",0.5925570130348206
00028075.npy,1,1,"[-0.5230491757392883, -0.08318803459405899]","[0.39177405834198, 0.60822594165802]",0.60822594165802
00028076.npy,1,1,"[-0.08931492269039154, 0.45957979559898376]","[0.3661208748817444, 0.6338791251182556]",0.6338791251182556
00028077.npy,0,1,"[-0.10237596184015274, 0.23220711946487427]","[0.4171259105205536, 0.5828741192817688]",0.5828741192817688
00028078.npy,0,1,"[-0.05658174306154251, 0.030959226191043854]","[0.47812873125076294, 0.5218712687492371]",0.5218712687492371
00028079.npy,0,1,"[0.09794915467500687, 0.5016122460365295]","[0.4004325568675995, 0.5995674133300781]",0.5995674133300781
00028080.npy,0,1,"[0.07451724261045456, 0.2717919647693634]","[0.45084065198898315, 0.5491593480110168]",0.5491593480110168
00028081.npy,0,1,"[-0.013953354209661484, 0.11578264087438583]","[0.4676114022731781, 0.5323885679244995]",0.5323885679244995
00028082.npy,0,1,"[-0.024857785552740097, 0.47153589129447937]","[0.37838855385780334, 0.621611475944519]",0.621611475944519
00028083.npy,0,1,"[-0.1587577760219574, -0.0372895821928978]","[0.46967023611068726, 0.5303297638893127]",0.5303297638893127
00028084.npy,0,1,"[-0.08399143069982529, 0.4409693777561188]","[0.3716929852962494, 0.628307044506073]",0.628307044506073
00028085.npy,0,1,"[-0.136784166097641, 0.26282167434692383]","[0.40140706300735474, 0.5985929369926453]",0.5985929369926453
00028086.npy,0,1,"[-0.05445314943790436, 0.5624977946281433]","[0.3504752218723297, 0.6495247483253479]",0.6495247483253479
00028087.npy,0,1,"[-0.21905243396759033, 0.06627526134252548]","[0.4291481077671051, 0.5708518624305725]",0.5708518624305725
00028088.npy,0,1,"[0.0008839592337608337, 0.20654818415641785]","[0.4487644135951996, 0.551235556602478]",0.551235556602478
00028089.npy,0,1,"[0.08504090458154678, 0.6101635694503784]","[0.3716551661491394, 0.6283448338508606]",0.6283448338508606
00028090.npy,0,1,"[-0.22322925925254822, 0.017882980406284332]","[0.4400123059749603, 0.5599877238273621]",0.5599877238273621
00028091.npy,0,1,"[-0.13406997919082642, 0.0929199680685997]","[0.44349491596221924, 0.5565050840377808]",0.5565050840377808
00028092.npy,0,1,"[-0.2619911730289459, -0.04699685797095299]","[0.44645750522613525, 0.5535424947738647]",0.5535424947738647
00028093.npy,0,1,"[0.03635905683040619, 0.18141165375709534]","[0.4638002812862396, 0.536199688911438]",0.536199688911438
00028094.npy,0,1,"[-0.11298778653144836, 0.45861151814460754]","[0.3608678877353668, 0.6391321420669556]",0.6391321420669556
00028095.npy,0,1,"[-0.034769024699926376, 0.18869075179100037]","[0.44436636567115784, 0.5556336641311646]",0.5556336641311646
00028096.npy,0,1,"[0.02446148544549942, 0.25222769379615784]","[0.44330334663391113, 0.5566966533660889]",0.5566966533660889
00028097.npy,0,1,"[0.10639140754938126, 0.5838117599487305]","[0.382861465215683, 0.6171385049819946]",0.6171385049819946
00028098.npy,0,1,"[-0.11218561232089996, 0.15311864018440247]","[0.434060275554657, 0.565939724445343]",0.565939724445343
00028099.npy,0,1,"[0.08804609626531601, 0.20938602089881897]","[0.4697021543979645, 0.5302978157997131]",0.5302978157997131
00028100.npy,0,1,"[-0.4218333661556244, -0.053007498383522034]","[0.40882477164268494, 0.5911751985549927]",0.5911751985549927
00028101.npy,0,1,"[-0.24421241879463196, 0.3469296097755432]","[0.3563728630542755, 0.6436271667480469]",0.6436271667480469
00028102.npy,0,1,"[-0.3156471848487854, 0.029577456414699554]","[0.4145409166812897, 0.5854591131210327]",0.5854591131210327
00028103.npy,0,1,"[0.2851290702819824, 0.5815185904502869]","[0.4264403283596039, 0.5735596418380737]",0.5735596418380737
00028104.npy,0,1,"[-0.010024499148130417, 0.04319357872009277]","[0.48669859766960144, 0.5133013725280762]",0.5133013725280762
00028105.npy,0,1,"[0.028699912130832672, 0.17703977227210999]","[0.4629829227924347, 0.5370171070098877]",0.5370171070098877
00028106.npy,0,1,"[-0.20102819800376892, 0.25543543696403503]","[0.387825071811676, 0.6121748685836792]",0.6121748685836792
00028107.npy,0,1,"[0.0701926201581955, 0.1919287145137787]","[0.4696035087108612, 0.5303965210914612]",0.5303965210914612
00028108.npy,0,1,"[-0.0489373542368412, 0.2252347469329834]","[0.4318831264972687, 0.5681168437004089]",0.5681168437004089
00028109.npy,0,1,"[0.0650448277592659, 0.47624263167381287]","[0.3986249268054962, 0.6013750433921814]",0.6013750433921814
00028110.npy,0,1,"[-0.12515947222709656, 0.3249489665031433]","[0.3893350064754486, 0.6106650233268738]",0.6106650233268738
00028111.npy,0,1,"[-0.1712086796760559, 0.029784753918647766]","[0.44992008805274963, 0.550079882144928]",0.550079882144928
00028112.npy,0,1,"[-0.1376192569732666, 0.18887341022491455]","[0.4190942645072937, 0.5809057354927063]",0.5809057354927063
00028113.npy,0,1,"[-0.07409866154193878, 0.09162505716085434]","[0.458663672208786, 0.5413363575935364]",0.5413363575935364
00028114.npy,0,1,"[-0.18814700841903687, -0.00905919075012207]","[0.45534732937812805, 0.5446526408195496]",0.5446526408195496
00028115.npy,0,1,"[-0.11616778373718262, 0.26960641145706177]","[0.4047349691390991, 0.5952650308609009]",0.5952650308609009
00028116.npy,0,1,"[-0.19322901964187622, 0.39121460914611816]","[0.35791075229644775, 0.6420892477035522]",0.6420892477035522
00028117.npy,0,1,"[-0.011392850428819656, 0.41852250695228577]","[0.39414656162261963, 0.6058534383773804]",0.6058534383773804
00028118.npy,0,1,"[-0.002172127366065979, 0.13745957612991333]","[0.4651487171649933, 0.5348513126373291]",0.5348513126373291
00028119.npy,0,1,"[0.07854605466127396, 0.2258739173412323]","[0.4632345139980316, 0.536765456199646]",0.536765456199646
00028120.npy,0,1,"[-0.02995830401778221, 0.03862385451793671]","[0.482861191034317, 0.5171388387680054]",0.5171388387680054
00028121.npy,0,1,"[-0.13332706689834595, 0.5223604440689087]","[0.3417090177536011, 0.6582909822463989]",0.6582909822463989
00028122.npy,0,1,"[-0.10071076452732086, -0.021309256553649902]","[0.48016005754470825, 0.5198399424552917]",0.5198399424552917
00028123.npy,0,1,"[-0.14458060264587402, 0.04465866833925247]","[0.45283085107803345, 0.5471690893173218]",0.5471690893173218
00028124.npy,0,1,"[-0.18317186832427979, 0.0697498694062233]","[0.4371045231819153, 0.5628954768180847]",0.5628954768180847
00028125.npy,0,1,"[-0.28041720390319824, 0.2867635190486908]","[0.3618876039981842, 0.6381124258041382]",0.6381124258041382
00028126.npy,0,1,"[-0.061507806181907654, 0.11504659801721573]","[0.4559757113456726, 0.5440242886543274]",0.5440242886543274
00028127.npy,0,1,"[-0.12820199131965637, -0.06402508169412613]","[0.483961284160614, 0.516038715839386]",0.516038715839386
00028128.npy,0,1,"[0.024000391364097595, 0.1724357008934021]","[0.4629592001438141, 0.5370408296585083]",0.5370408296585083
00028129.npy,0,1,"[-0.1938372552394867, 0.284626841545105]","[0.3826148808002472, 0.6173851490020752]",0.6173851490020752
00028130.npy,0,1,"[-0.31501150131225586, 0.06942347437143326]","[0.4050576984882355, 0.5949423313140869]",0.5949423313140869
00028131.npy,0,1,"[-0.1148342564702034, 0.10755693167448044]","[0.4446302056312561, 0.5553697347640991]",0.5553697347640991
00028132.npy,0,1,"[-0.2625148594379425, 0.029029056429862976]","[0.4276259243488312, 0.5723741054534912]",0.5723741054534912
00028133.npy,0,1,"[0.07892564684152603, 0.5546261072158813]","[0.38326790928840637, 0.616732120513916]",0.616732120513916
00028134.npy,0,1,"[0.09618508070707321, 0.4188145697116852]","[0.4200350344181061, 0.5799649357795715]",0.5799649357795715
00028135.npy,0,1,"[0.22656774520874023, 0.6137303113937378]","[0.4044005274772644, 0.5955994725227356]",0.5955994725227356
00028136.npy,0,1,"[0.08427738398313522, 0.35856467485427856]","[0.43185484409332275, 0.5681450963020325]",0.5681450963020325
00028137.npy,0,1,"[-0.25514674186706543, -0.01789005845785141]","[0.4409625232219696, 0.5590375065803528]",0.5590375065803528
00028138.npy,0,1,"[-0.40352997183799744, 0.06762009114027023]","[0.38434407114982605, 0.6156558990478516]",0.6156558990478516
00028139.npy,0,1,"[-0.07375349849462509, 0.10363679379224777]","[0.45576831698417664, 0.544231653213501]",0.544231653213501
00028140.npy,0,1,"[-0.039984989911317825, 0.2553302049636841]","[0.4267031252384186, 0.573296844959259]",0.573296844959259
00028141.npy,0,1,"[0.22922354936599731, 0.4904880225658417]","[0.43505290150642395, 0.5649471282958984]",0.5649471282958984
00028142.npy,0,1,"[-0.19597294926643372, 0.2729159891605377]","[0.3848792612552643, 0.6151207089424133]",0.6151207089424133
00028143.npy,0,1,"[-0.14071723818778992, -0.045367270708084106]","[0.4761805534362793, 0.5238194465637207]",0.5238194465637207
00028144.npy,0,0,"[0.21200478076934814, 0.13023033738136292]","[0.5204322338104248, 0.4795677959918976]",0.4795677959918976
00028145.npy,0,1,"[-0.04707401618361473, 0.23426178097724915]","[0.4301263391971588, 0.5698736906051636]",0.5698736906051636
00028146.npy,0,1,"[-0.03228471428155899, 0.5022714734077454]","[0.36945486068725586, 0.6305451393127441]",0.6305451393127441
00028147.npy,1,1,"[-0.1714329719543457, -0.07177244126796722]","[0.4751054644584656, 0.5248945355415344]",0.5248945355415344
00028148.npy,0,1,"[-0.02366608753800392, 0.19354021549224854]","[0.44591090083122253, 0.5540890693664551]",0.5540890693664551
00028149.npy,0,0,"[-0.09243927896022797, -0.11167705804109573]","[0.5048093199729919, 0.49519070982933044]",0.49519070982933044
00028150.npy,0,1,"[0.04409193992614746, 0.19144272804260254]","[0.46322882175445557, 0.5367711782455444]",0.5367711782455444
00028151.npy,0,1,"[0.14858829975128174, 0.46296998858451843]","[0.42204558849334717, 0.5779544115066528]",0.5779544115066528
00028152.npy,0,1,"[-0.1583036482334137, 0.24111223220825195]","[0.4014527201652527, 0.5985472798347473]",0.5985472798347473
00028153.npy,1,1,"[0.02111426740884781, 0.24374598264694214]","[0.4445708096027374, 0.5554291605949402]",0.5554291605949402
00028154.npy,0,1,"[0.06736083328723907, 0.5159024596214294]","[0.3897075653076172, 0.6102924346923828]",0.6102924346923828
00028155.npy,0,1,"[-0.09204576164484024, 0.14522957801818848]","[0.4409579336643219, 0.5590420961380005]",0.5590420961380005
00028156.npy,0,1,"[0.10680810362100601, 0.16491347551345825]","[0.4854777753353119, 0.5145222544670105]",0.5145222544670105
00028157.npy,0,1,"[-0.12859366834163666, 0.2103443443775177]","[0.4160674810409546, 0.5839325785636902]",0.5839325785636902
00028158.npy,0,1,"[0.17791372537612915, 0.4752849042415619]","[0.4262002110481262, 0.573799729347229]",0.573799729347229
00028159.npy,0,1,"[-0.06741084158420563, 0.024494364857673645]","[0.4770398736000061, 0.5229601263999939]",0.5229601263999939
00028160.npy,0,1,"[0.06593146920204163, 0.3584257662296295]","[0.4273933470249176, 0.5726066827774048]",0.5726066827774048
00028161.npy,0,1,"[-0.014726676046848297, 0.0746476873755455]","[0.4776712954044342, 0.5223287343978882]",0.5223287343978882
00028162.npy,0,1,"[-0.07975742220878601, 0.19673916697502136]","[0.4313128888607025, 0.5686870813369751]",0.5686870813369751
00028163.npy,0,1,"[-0.17304551601409912, 0.07540195435285568]","[0.43820565938949585, 0.5617943406105042]",0.5617943406105042
00028164.npy,0,1,"[0.2250722348690033, 0.3571664094924927]","[0.46702438592910767, 0.5329756140708923]",0.5329756140708923
00028165.npy,0,1,"[-0.04233182594180107, 0.19938865303993225]","[0.4398624002933502, 0.5601375699043274]",0.5601375699043274
00028166.npy,0,0,"[0.10375037044286728, 0.0806095227599144]","[0.5057849287986755, 0.4942150413990021]",0.4942150413990021
00028167.npy,1,1,"[-0.052265897393226624, 0.2538357079029083]","[0.42406657338142395, 0.5759333968162537]",0.5759333968162537
00028168.npy,0,1,"[0.20566648244857788, 0.4279336929321289]","[0.44466084241867065, 0.5553391575813293]",0.5553391575813293
00028169.npy,0,1,"[0.07732849568128586, 0.13966163992881775]","[0.4844217598438263, 0.5155782103538513]",0.5155782103538513
00028170.npy,0,1,"[-0.17405492067337036, 0.21136081218719482]","[0.40482133626937866, 0.5951786637306213]",0.5951786637306213
00028171.npy,0,1,"[0.025293052196502686, 0.035881347954273224]","[0.4973529279232025, 0.5026470422744751]",0.5026470422744751
00028172.npy,0,1,"[0.025631055235862732, 0.20417127013206482]","[0.45548316836357117, 0.5445168614387512]",0.5445168614387512
00028173.npy,0,1,"[0.07736604660749435, 0.18583235144615173]","[0.47290998697280884, 0.5270900130271912]",0.5270900130271912
00028174.npy,0,1,"[-0.12219895422458649, 0.06253629177808762]","[0.4539470672607422, 0.5460529327392578]",0.5460529327392578
00028175.npy,1,1,"[-0.03246011584997177, 0.15414616465568542]","[0.45348334312438965, 0.5465166568756104]",0.5465166568756104
00028176.npy,0,1,"[0.15515366196632385, 0.38229793310165405]","[0.44345685839653015, 0.5565431714057922]",0.5565431714057922
00028177.npy,0,1,"[-0.048020970076322556, 0.30685755610466003]","[0.4121999144554138, 0.5878000855445862]",0.5878000855445862
00028178.npy,0,1,"[0.2929876148700714, 0.48940494656562805]","[0.4510529339313507, 0.5489470362663269]",0.5489470362663269
00028179.npy,0,1,"[0.03254569321870804, 0.48034146428108215]","[0.38988494873046875, 0.6101149916648865]",0.6101149916648865
00028180.npy,0,1,"[0.2289840281009674, 0.5283716320991516]","[0.42570722103118896, 0.5742928385734558]",0.5742928385734558
00028181.npy,0,1,"[-0.1079525500535965, 0.26789915561676025]","[0.4071277976036072, 0.5928722023963928]",0.5928722023963928
00028182.npy,1,1,"[0.12755930423736572, 0.6266751885414124]","[0.3777484893798828, 0.622251570224762]",0.622251570224762
00028183.npy,1,1,"[-0.09452199935913086, 0.19424250721931458]","[0.42830634117126465, 0.5716935992240906]",0.5716935992240906
00028184.npy,0,1,"[0.03421836346387863, 0.28217780590057373]","[0.43832579255104065, 0.561674177646637]",0.561674177646637
00028185.npy,0,1,"[0.222130686044693, 0.38840749859809875]","[0.4585263431072235, 0.5414736866950989]",0.5414736866950989
00028186.npy,0,1,"[0.058540306985378265, 0.4749307930469513]","[0.3973807990550995, 0.6026191711425781]",0.6026191711425781
00028187.npy,0,1,"[-0.0556538924574852, 0.1520633101463318]","[0.44825658202171326, 0.5517433881759644]",0.5517433881759644
00028188.npy,0,1,"[-0.09410232305526733, 0.01911339908838272]","[0.47172626852989197, 0.5282737016677856]",0.5282737016677856
00028189.npy,0,1,"[-0.04266388341784477, 0.1567227840423584]","[0.4503178298473358, 0.5496821999549866]",0.5496821999549866
00028190.npy,0,1,"[-0.07210446894168854, 0.3446913957595825]","[0.39728373289108276, 0.6027162671089172]",0.6027162671089172
00028191.npy,0,1,"[0.15874400734901428, 0.6165362596511841]","[0.38750970363616943, 0.6124902963638306]",0.6124902963638306
00028192.npy,0,1,"[-0.013900421559810638, 0.03678940236568451]","[0.48733025789260864, 0.5126697421073914]",0.5126697421073914
00028193.npy,0,1,"[-0.21563825011253357, 0.1912233829498291]","[0.39966487884521484, 0.6003351211547852]",0.6003351211547852
00028194.npy,0,1,"[-0.14547871053218842, 0.14141586422920227]","[0.42876431345939636, 0.5712356567382812]",0.5712356567382812
00028195.npy,0,1,"[0.02508840709924698, 0.22699081897735596]","[0.4496951699256897, 0.5503048300743103]",0.5503048300743103
00028196.npy,0,1,"[-0.1977451741695404, -0.0005455426871776581]","[0.4508592188358307, 0.5491407513618469]",0.5491407513618469
00028197.npy,0,1,"[-0.06698615849018097, 0.1442444920539856]","[0.44738781452178955, 0.5526121854782104]",0.5526121854782104
00028198.npy,1,1,"[0.2654510736465454, 0.32732775807380676]","[0.4845357835292816, 0.5154642462730408]",0.5154642462730408
00028199.npy,0,1,"[0.3073190450668335, 0.4905940592288971]","[0.4543090760707855, 0.5456909537315369]",0.5456909537315369
00028200.npy,1,1,"[-0.44422927498817444, 0.11906711012125015]","[0.3627850413322449, 0.6372148990631104]",0.6372148990631104
00028201.npy,1,1,"[-0.14511016011238098, 0.475096195936203]","[0.34973451495170593, 0.6502654552459717]",0.6502654552459717
00028202.npy,0,1,"[-0.11226645112037659, 0.11876008659601212]","[0.4424988925457001, 0.5575010776519775]",0.5575010776519775
00028203.npy,0,1,"[0.007111944258213043, 0.4168190062046051]","[0.39898237586021423, 0.6010176539421082]",0.6010176539421082
00028204.npy,0,1,"[-0.20173871517181396, 0.24282702803611755]","[0.3906536102294922, 0.6093463897705078]",0.6093463897705078
00028205.npy,0,1,"[0.06089884787797928, 0.6919881105422974]","[0.3472636044025421, 0.6527364253997803]",0.6527364253997803
00028206.npy,0,1,"[-0.19833093881607056, 0.13382872939109802]","[0.41771525144577026, 0.5822847485542297]",0.5822847485542297
00028207.npy,0,1,"[-0.23434558510780334, 0.21299758553504944]","[0.3899926543235779, 0.6100074052810669]",0.6100074052810669
00028208.npy,0,1,"[-0.1844649314880371, -0.02309594675898552]","[0.4597450792789459, 0.5402549505233765]",0.5402549505233765
00028209.npy,0,1,"[-0.0043207742273807526, 0.11315011233091354]","[0.4706660211086273, 0.5293340086936951]",0.5293340086936951
00028210.npy,0,1,"[-0.1602579653263092, 0.14323243498802185]","[0.4247044622898102, 0.5752955675125122]",0.5752955675125122
00028211.npy,0,1,"[0.06836572289466858, 0.35377901792526245]","[0.42912712693214417, 0.5708728432655334]",0.5708728432655334
00028212.npy,0,1,"[-0.05968789383769035, 0.3317275941371918]","[0.40337660908699036, 0.596623420715332]",0.596623420715332
00028213.npy,0,1,"[-0.021233640611171722, 0.341206818819046]","[0.410368949174881, 0.5896310806274414]",0.5896310806274414
00028214.npy,0,1,"[0.3001207411289215, 0.6510405540466309]","[0.4131593704223633, 0.5868405699729919]",0.5868405699729919
00028215.npy,0,1,"[0.14416149258613586, 0.33123087882995605]","[0.45336854457855225, 0.546631395816803]",0.546631395816803
00028216.npy,0,0,"[-0.14033329486846924, -0.1595749706029892]","[0.5048102736473083, 0.49518972635269165]",0.49518972635269165
00028217.npy,0,1,"[-0.23327338695526123, 0.12413657456636429]","[0.4115866720676422, 0.5884132981300354]",0.5884132981300354
00028218.npy,1,1,"[-0.29352355003356934, 0.22437414526939392]","[0.37334394454956055, 0.6266559958457947]",0.6266559958457947
00028219.npy,0,1,"[-0.17947939038276672, 0.2504192888736725]","[0.3941505253314972, 0.6058494448661804]",0.6058494448661804
00028220.npy,0,1,"[0.15437522530555725, 0.2798566520214081]","[0.46867072582244873, 0.5313292145729065]",0.5313292145729065
00028221.npy,0,0,"[-0.18941929936408997, -0.21059730648994446]","[0.5052943229675293, 0.4947057068347931]",0.4947057068347931
00028222.npy,0,1,"[-0.03788322955369949, 0.23395591974258423]","[0.4324556589126587, 0.5675443410873413]",0.5675443410873413
00028223.npy,0,1,"[0.0026633664965629578, 0.4404210150241852]","[0.3922754228115082, 0.6077245473861694]",0.6077245473861694
00028224.npy,0,1,"[-0.053832851350307465, 0.027286909520626068]","[0.47973117232322693, 0.5202687978744507]",0.5202687978744507
00028225.npy,0,1,"[-0.6411789655685425, -0.15743383765220642]","[0.38136813044548035, 0.6186318397521973]",0.6186318397521973
00028226.npy,0,1,"[0.0995808020234108, 0.4303120970726013]","[0.4180627167224884, 0.581937313079834]",0.581937313079834
00028227.npy,0,1,"[-0.07868669182062149, 0.2640058696269989]","[0.4151555597782135, 0.5848444104194641]",0.5848444104194641
00028228.npy,0,1,"[0.03800240904092789, 0.5525563955307007]","[0.3741265833377838, 0.6258734464645386]",0.6258734464645386
00028229.npy,0,1,"[-0.10337680578231812, 0.3372249901294708]","[0.39159759879112244, 0.6084024310112]",0.6084024310112
00028230.npy,0,1,"[-0.18628159165382385, 0.5226892828941345]","[0.3298262655735016, 0.670173704624176]",0.670173704624176
00028231.npy,0,1,"[-0.033356279134750366, 0.19488754868507385]","[0.4431855082511902, 0.5568145513534546]",0.5568145513534546
00028232.npy,0,1,"[-0.07400123029947281, 0.10020578652620316]","[0.4565580487251282, 0.5434419512748718]",0.5434419512748718
00028233.npy,0,1,"[-0.008810315281152725, 0.12803232669830322]","[0.465842604637146, 0.5341573357582092]",0.5341573357582092
00028234.npy,0,1,"[0.06429561972618103, 0.6688662171363831]","[0.35329869389533997, 0.6467012763023376]",0.6467012763023376
00028235.npy,0,1,"[0.09453646093606949, 0.22287994623184204]","[0.46795812249183655, 0.5320419073104858]",0.5320419073104858
00028236.npy,1,1,"[0.33757802844047546, 0.7060505151748657]","[0.40891018509864807, 0.5910897850990295]",0.5910897850990295
00028237.npy,0,1,"[-0.02489226497709751, 0.07277112454175949]","[0.47560355067253113, 0.5243964791297913]",0.5243964791297913
00028238.npy,0,1,"[-0.1842431128025055, 0.21035942435264587]","[0.40260985493659973, 0.5973901748657227]",0.5973901748657227
00028239.npy,0,1,"[-0.2511930763721466, 0.15095245838165283]","[0.4007969796657562, 0.5992030501365662]",0.5992030501365662
00028240.npy,0,1,"[0.2854524254798889, 0.5572330951690674]","[0.43247002363204956, 0.5675299763679504]",0.5675299763679504
00028241.npy,1,1,"[0.21464067697525024, 0.44246914982795715]","[0.4432879686355591, 0.5567120313644409]",0.5567120313644409
00028242.npy,1,1,"[-0.06571970880031586, 0.438144326210022]","[0.37663304805755615, 0.6233669519424438]",0.6233669519424438
00028243.npy,0,1,"[0.04743274301290512, 0.230680912733078]","[0.454315721988678, 0.545684278011322]",0.545684278011322
00028244.npy,0,1,"[0.1504361927509308, 0.1513735055923462]","[0.49976566433906555, 0.5002343058586121]",0.5002343058586121
00028245.npy,0,1,"[-0.015192512422800064, 0.065022312104702]","[0.47995704412460327, 0.5200429558753967]",0.5200429558753967
00028246.npy,1,1,"[-0.16561812162399292, 0.02883484959602356]","[0.4515393376350403, 0.5484606623649597]",0.5484606623649597
00028247.npy,0,1,"[0.36823445558547974, 0.6242697238922119]","[0.4363386034965515, 0.5636614561080933]",0.5636614561080933
00028248.npy,0,1,"[0.07055186480283737, 0.24141278862953186]","[0.45738837122917175, 0.5426115989685059]",0.5426115989685059
00028249.npy,0,1,"[-0.014984406530857086, 0.24238866567611694]","[0.43600958585739136, 0.5639904141426086]",0.5639904141426086
00028250.npy,0,1,"[0.07124041765928268, 0.46391263604164124]","[0.4030742347240448, 0.5969257950782776]",0.5969257950782776
00028251.npy,0,1,"[0.04854767024517059, 0.24495184421539307]","[0.45105621218681335, 0.548943817615509]",0.548943817615509
00028252.npy,0,1,"[-0.13656553626060486, 0.17998838424682617]","[0.4215158224105835, 0.5784841775894165]",0.5784841775894165
00028253.npy,0,1,"[0.11556031554937363, 0.16443592309951782]","[0.4877834916114807, 0.5122164487838745]",0.5122164487838745
00028254.npy,0,1,"[-0.12219183146953583, 0.3283107578754425]","[0.3892412781715393, 0.6107587218284607]",0.6107587218284607
00028255.npy,0,1,"[-0.09311123192310333, 0.5883859992027283]","[0.33592721819877625, 0.6640728116035461]",0.6640728116035461
00028256.npy,0,1,"[0.13063985109329224, 0.25022441148757935]","[0.47013941407203674, 0.5298605561256409]",0.5298605561256409
00028257.npy,1,1,"[-0.26154574751853943, 0.16873154044151306]","[0.3940601348876953, 0.6059398651123047]",0.6059398651123047
00028258.npy,0,1,"[-0.05939523130655289, 0.09981720894575119]","[0.46028074622154236, 0.5397192239761353]",0.5397192239761353
00028259.npy,1,1,"[-0.26702257990837097, 0.12174055725336075]","[0.40401506423950195, 0.595984935760498]",0.595984935760498
00028260.npy,0,1,"[-0.1352393627166748, 0.07987811416387558]","[0.44642704725265503, 0.553572952747345]",0.553572952747345
00028261.npy,0,1,"[-0.2318723201751709, -0.019305389374494553]","[0.44705748558044434, 0.5529425144195557]",0.5529425144195557
00028262.npy,0,1,"[-0.14892688393592834, 0.1245223805308342]","[0.43206048011779785, 0.5679394602775574]",0.5679394602775574
00028263.npy,0,1,"[-0.060815516859292984, 0.12007731944322586]","[0.45489969849586487, 0.5451002717018127]",0.5451002717018127
00028264.npy,0,1,"[-0.16473430395126343, 0.5069252252578735]","[0.3381253480911255, 0.6618746519088745]",0.6618746519088745
00028265.npy,0,1,"[-0.31101614236831665, 0.13476675748825073]","[0.3903639018535614, 0.609636127948761]",0.609636127948761
00028266.npy,0,1,"[-0.15770280361175537, 0.4236435890197754]","[0.35862281918525696, 0.6413771510124207]",0.6413771510124207
00028267.npy,0,1,"[-0.11023596674203873, 0.3792368769645691]","[0.38001778721809387, 0.6199822425842285]",0.6199822425842285
00028268.npy,0,1,"[-0.08602391183376312, 0.37053725123405457]","[0.3878019452095032, 0.6121980547904968]",0.6121980547904968
00028269.npy,0,1,"[0.056837014853954315, 0.23781785368919373]","[0.4548778831958771, 0.5451220870018005]",0.5451220870018005
00028270.npy,0,1,"[-0.154957115650177, 0.09738033264875412]","[0.43724825978279114, 0.5627517104148865]",0.5627517104148865
00028271.npy,0,1,"[0.0664372518658638, 0.3910820484161377]","[0.41954419016838074, 0.5804557800292969]",0.5804557800292969
00028272.npy,0,1,"[-0.16874155402183533, 0.2218393087387085]","[0.4035775065422058, 0.5964224934577942]",0.5964224934577942
00028273.npy,1,1,"[-0.030211133882403374, 0.2212333083152771]","[0.437468022108078, 0.5625320076942444]",0.5625320076942444
00028274.npy,0,1,"[-0.05302465334534645, 0.3876037001609802]","[0.39159125089645386, 0.6084086894989014]",0.6084086894989014
00028275.npy,0,1,"[-0.0798092633485794, 0.07007209211587906]","[0.46259966492652893, 0.5374003648757935]",0.5374003648757935
00028276.npy,0,1,"[0.29753899574279785, 0.37431782484054565]","[0.48081472516059875, 0.5191852450370789]",0.5191852450370789
00028277.npy,0,1,"[0.04380842298269272, 0.2248665690422058]","[0.4548587203025818, 0.5451412796974182]",0.5451412796974182
00028278.npy,0,1,"[0.03516840189695358, 0.2385023832321167]","[0.44934093952178955, 0.5506590604782104]",0.5506590604782104
00028279.npy,0,1,"[-0.19946473836898804, 0.027465328574180603]","[0.44350966811180115, 0.5564903020858765]",0.5564903020858765
00028280.npy,1,1,"[-0.09584350883960724, 0.22931921482086182]","[0.4194180965423584, 0.5805819034576416]",0.5805819034576416
00028281.npy,0,1,"[-0.11433512717485428, 0.2710750102996826]","[0.4048227071762085, 0.5951772928237915]",0.5951772928237915
00028282.npy,0,1,"[-0.01001981645822525, 0.316567063331604]","[0.41907134652137756, 0.5809286832809448]",0.5809286832809448
00028283.npy,0,1,"[-0.15297836065292358, 0.054788991808891296]","[0.44824421405792236, 0.5517557859420776]",0.5517557859420776
00028284.npy,0,1,"[-0.22318130731582642, 0.3353952169418335]","[0.36387690901756287, 0.6361231207847595]",0.6361231207847595
00028285.npy,0,1,"[0.13792917132377625, 0.2044866979122162]","[0.4833667576313019, 0.5166332125663757]",0.5166332125663757
00028286.npy,0,1,"[0.15827804803848267, 0.7252952456474304]","[0.3619253933429718, 0.6380746364593506]",0.6380746364593506
00028287.npy,0,1,"[-0.2677585482597351, 0.1547778844833374]","[0.39590996503829956, 0.6040900349617004]",0.6040900349617004
00028288.npy,0,1,"[-0.09215043485164642, 0.2383807897567749]","[0.4181113839149475, 0.5818886160850525]",0.5818886160850525
00028289.npy,0,1,"[-0.3489372730255127, 0.04039202630519867]","[0.40387874841690063, 0.5961212515830994]",0.5961212515830994
00028290.npy,0,1,"[-0.1191481351852417, 0.20522591471672058]","[0.4196101427078247, 0.5803898572921753]",0.5803898572921753
00028291.npy,0,1,"[-0.02691570855677128, -0.0045357346534729]","[0.49440526962280273, 0.505594789981842]",0.505594789981842
00028292.npy,0,1,"[-0.0010462477803230286, 0.2821142077445984]","[0.42967915534973145, 0.5703209042549133]",0.5703209042549133
00028293.npy,0,1,"[0.10833225399255753, 0.35270825028419495]","[0.4392082393169403, 0.5607917308807373]",0.5607917308807373
00028294.npy,0,1,"[-0.07785448431968689, 0.08534546941518784]","[0.45929035544395447, 0.5407096743583679]",0.5407096743583679
00028295.npy,0,1,"[-0.14431771636009216, 0.00566757470369339]","[0.4625737965106964, 0.5374261736869812]",0.5374261736869812
00028296.npy,0,1,"[-0.18356084823608398, 0.26537424325942993]","[0.3896140158176422, 0.6103860139846802]",0.6103860139846802
00028297.npy,0,1,"[0.039721935987472534, 0.8237254023551941]","[0.3134576976299286, 0.6865423321723938]",0.6865423321723938
00028298.npy,0,1,"[0.07732629030942917, 0.19864660501480103]","[0.46970707178115845, 0.5302929282188416]",0.5302929282188416
00028299.npy,0,1,"[-0.0852280706167221, 0.2182464897632599]","[0.4247083365917206, 0.5752916932106018]",0.5752916932106018
00028300.npy,0,1,"[0.3381999135017395, 0.6917768120765686]","[0.4125152826309204, 0.5874846577644348]",0.5874846577644348
00028301.npy,0,1,"[-0.13720154762268066, 0.09960321336984634]","[0.4410739243030548, 0.5589260458946228]",0.5589260458946228
00028302.npy,0,1,"[-0.5210102200508118, -0.081291064620018]","[0.3918079137802124, 0.6081921458244324]",0.6081921458244324
00028303.npy,0,1,"[-0.0030807331204414368, 0.2747746407985687]","[0.4309796392917633, 0.5690203905105591]",0.5690203905105591
00028304.npy,1,1,"[0.28041234612464905, 0.7519357800483704]","[0.38425570726394653, 0.6157442927360535]",0.6157442927360535
00028305.npy,0,1,"[-0.3578244745731354, 0.07767122238874435]","[0.3928147852420807, 0.6071851849555969]",0.6071851849555969
00028306.npy,0,1,"[0.0044474005699157715, 0.10553988069295883]","[0.4747484028339386, 0.5252516269683838]",0.5252516269683838
00028307.npy,1,1,"[0.12901565432548523, 0.5194233655929565]","[0.4036191403865814, 0.5963808298110962]",0.5963808298110962
00028308.npy,0,1,"[-0.33793050050735474, 0.06796517223119736]","[0.39989668130874634, 0.6001033186912537]",0.6001033186912537
00028309.npy,0,1,"[0.13251501321792603, 0.24609524011611938]","[0.4716354310512543, 0.5283645391464233]",0.5283645391464233
00028310.npy,0,1,"[-0.02748282440006733, 0.3882237672805786]","[0.3975445628166199, 0.6024554371833801]",0.6024554371833801
00028311.npy,0,1,"[-0.1307111382484436, 0.4310130774974823]","[0.36314859986305237, 0.63685142993927]",0.63685142993927
00028312.npy,0,1,"[-0.1908980906009674, 0.05252256244421005]","[0.43944355845451355, 0.5605564117431641]",0.5605564117431641
00028313.npy,0,1,"[0.026523113250732422, 0.21993747353553772]","[0.45179659128189087, 0.5482034087181091]",0.5482034087181091
00028314.npy,0,1,"[0.2216019332408905, 0.6297333836555481]","[0.3993602395057678, 0.6006397604942322]",0.6006397604942322
00028315.npy,1,1,"[-0.0024832114577293396, 0.7567861676216125]","[0.31880491971969604, 0.681195080280304]",0.681195080280304
00028316.npy,1,1,"[-0.02855331264436245, 0.2530002295970917]","[0.43007296323776245, 0.5699270367622375]",0.5699270367622375
00028317.npy,0,1,"[0.1122082993388176, 0.5351937413215637]","[0.3958025872707367, 0.6041974425315857]",0.6041974425315857
00028318.npy,0,1,"[-0.340863972902298, 0.008029595017433167]","[0.413650780916214, 0.5863492488861084]",0.5863492488861084
00028319.npy,0,1,"[-0.11598987132310867, 0.03793518245220184]","[0.46159449219703674, 0.5384054780006409]",0.5384054780006409
00028320.npy,0,0,"[0.06590738892555237, 0.06419693678617477]","[0.5004276037216187, 0.49957242608070374]",0.49957242608070374
00028321.npy,0,1,"[-0.20958742499351501, 0.6087265014648438]","[0.30612167716026306, 0.6938783526420593]",0.6938783526420593
00028322.npy,0,1,"[0.47059762477874756, 1.1051393747329712]","[0.34648144245147705, 0.6535186171531677]",0.6535186171531677
00028323.npy,0,1,"[-0.13638438284397125, 0.13862410187721252]","[0.4316779375076294, 0.5683221220970154]",0.5683221220970154
00028324.npy,0,1,"[0.07718447595834732, 0.28248995542526245]","[0.44885313510894775, 0.5511468052864075]",0.5511468052864075
00028325.npy,0,1,"[0.10575989633798599, 0.35840582847595215]","[0.4371723532676697, 0.5628276467323303]",0.5628276467323303
00028326.npy,0,1,"[0.051580265164375305, 0.3690964877605438]","[0.42128118872642517, 0.5787188410758972]",0.5787188410758972
00028327.npy,1,1,"[-0.26805227994918823, 0.058298639953136444]","[0.41912877559661865, 0.5808712244033813]",0.5808712244033813
00028328.npy,0,1,"[0.036080501973629, 0.3656255602836609]","[0.41835132241249084, 0.5816486477851868]",0.5816486477851868
00028329.npy,0,1,"[0.0920606181025505, 0.4335033595561981]","[0.4154590666294098, 0.5845409631729126]",0.5845409631729126
00028330.npy,0,1,"[-0.02558746747672558, 0.16896194219589233]","[0.45151546597480774, 0.5484845042228699]",0.5484845042228699
00028331.npy,0,1,"[0.24887371063232422, 0.5971017479896545]","[0.41381219029426575, 0.5861878395080566]",0.5861878395080566
00028332.npy,0,1,"[-0.0899854302406311, 0.25689148902893066]","[0.414139986038208, 0.5858600735664368]",0.5858600735664368
00028333.npy,0,1,"[-0.0264004897326231, 0.32230818271636963]","[0.4136956036090851, 0.5863043665885925]",0.5863043665885925
00028334.npy,0,1,"[-0.026612116023898125, 0.1231757327914238]","[0.46262291073799133, 0.537377119064331]",0.537377119064331
00028335.npy,1,1,"[0.10296937078237534, 0.44625183939933777]","[0.41501232981681824, 0.5849876403808594]",0.5849876403808594
00028336.npy,0,1,"[0.30812934041023254, 0.5583710670471191]","[0.4377640187740326, 0.562235951423645]",0.562235951423645
00028337.npy,0,1,"[-0.21648216247558594, 0.28569620847702026]","[0.3770288825035095, 0.6229711174964905]",0.6229711174964905
00028338.npy,0,1,"[0.10171405225992203, 0.15961942076683044]","[0.48552772402763367, 0.5144723057746887]",0.5144723057746887
00028339.npy,0,1,"[-0.22680923342704773, 0.16859126091003418]","[0.402417927980423, 0.5975820422172546]",0.5975820422172546
00028340.npy,0,1,"[-0.0766616091132164, 0.29234662652015686]","[0.40878069400787354, 0.5912193059921265]",0.5912193059921265
00028341.npy,1,1,"[-0.08384256064891815, 0.46114471554756165]","[0.3670281767845154, 0.6329717636108398]",0.6329717636108398
00028342.npy,0,1,"[-0.46411797404289246, -0.10020120441913605]","[0.41001176834106445, 0.5899882316589355]",0.5899882316589355
00028343.npy,0,1,"[0.039802052080631256, 0.12230395525693893]","[0.47938621044158936, 0.5206137895584106]",0.5206137895584106
00028344.npy,0,1,"[-0.09628157317638397, 0.09812899678945541]","[0.45154985785484314, 0.5484501123428345]",0.5484501123428345
00028345.npy,1,1,"[0.32626450061798096, 1.106199026107788]","[0.3143340051174164, 0.685666024684906]",0.685666024684906
00028346.npy,0,1,"[-0.0880386233329773, 0.05677720904350281]","[0.4638591706752777, 0.5361407995223999]",0.5361407995223999
00028347.npy,0,1,"[-0.1250976026058197, 0.17346343398094177]","[0.42590928077697754, 0.5740907192230225]",0.5740907192230225
00028348.npy,0,1,"[0.03963351249694824, 0.10984029620885849]","[0.4824555218219757, 0.5175445079803467]",0.5175445079803467
00028349.npy,0,1,"[-0.39248695969581604, -0.009064331650733948]","[0.40530169010162354, 0.5946983695030212]",0.5946983695030212
00028350.npy,0,1,"[-0.061543382704257965, 0.08316207677125931]","[0.46388664841651917, 0.5361133813858032]",0.5361133813858032
00028351.npy,0,1,"[-0.050265491008758545, 0.4527631103992462]","[0.3768291771411896, 0.623170793056488]",0.623170793056488
00028352.npy,0,1,"[-0.12618298828601837, 0.37802475690841675]","[0.3765523433685303, 0.6234476566314697]",0.6234476566314697
00028353.npy,0,1,"[-0.10520844161510468, 0.0977693721652031]","[0.44942906498908997, 0.5505709648132324]",0.5505709648132324
00028354.npy,0,1,"[0.11416348069906235, 0.4084872901439667]","[0.42694565653800964, 0.5730543732643127]",0.5730543732643127
00028355.npy,0,1,"[0.14866280555725098, 0.3578125834465027]","[0.4479023218154907, 0.5520976185798645]",0.5520976185798645
00028356.npy,0,1,"[-0.1398792862892151, 0.23513111472129822]","[0.4073309004306793, 0.5926691293716431]",0.5926691293716431
00028357.npy,0,1,"[-0.09565518796443939, 0.14964604377746582]","[0.4389803409576416, 0.5610196590423584]",0.5610196590423584
00028358.npy,0,1,"[-0.23722758889198303, 0.17211157083511353]","[0.3990705907344818, 0.6009294390678406]",0.6009294390678406
00028359.npy,0,1,"[-0.1645999699831009, 0.3824475407600403]","[0.36654970049858093, 0.6334503293037415]",0.6334503293037415
00028360.npy,0,1,"[-0.025304600596427917, 0.08929794281721115]","[0.47138068079948425, 0.5286192893981934]",0.5286192893981934
00028361.npy,0,1,"[-0.041561372578144073, 0.2682236135005951]","[0.42316722869873047, 0.5768327713012695]",0.5768327713012695
00028362.npy,0,1,"[0.053175315260887146, 0.2532140016555786]","[0.45015642046928406, 0.5498435497283936]",0.5498435497283936
00028363.npy,0,1,"[-0.1825537085533142, 0.07833299785852432]","[0.435145765542984, 0.5648542642593384]",0.5648542642593384
00028364.npy,0,1,"[-0.0462382547557354, 0.1858549416065216]","[0.4422357976436615, 0.5577642321586609]",0.5577642321586609
00028365.npy,0,1,"[-0.10495234280824661, 0.3949623107910156]","[0.37756070494651794, 0.6224392652511597]",0.6224392652511597
00028366.npy,0,1,"[-0.024311590939760208, 0.2863062024116516]","[0.422963947057724, 0.5770360827445984]",0.5770360827445984
00028367.npy,0,0,"[0.1369301676750183, 0.032144881784915924]","[0.5261723399162292, 0.473827600479126]",0.473827600479126
00028368.npy,0,1,"[-0.3699856996536255, -0.01226814091205597]","[0.41151219606399536, 0.5884878039360046]",0.5884878039360046
00028369.npy,0,1,"[-0.23548099398612976, 0.08419539779424667]","[0.420754611492157, 0.579245388507843]",0.579245388507843
00028370.npy,0,1,"[-0.14167195558547974, 0.08433353155851364]","[0.4437378942966461, 0.5562620759010315]",0.5562620759010315
00028371.npy,0,1,"[-0.018556803464889526, 0.07637963443994522]","[0.4762836992740631, 0.5237162709236145]",0.5237162709236145
00028372.npy,0,1,"[0.16402626037597656, 0.49521055817604065]","[0.4179524779319763, 0.5820474624633789]",0.5820474624633789
00028373.npy,0,1,"[0.07064419239759445, 0.21959426999092102]","[0.46283119916915894, 0.5371688604354858]",0.5371688604354858
00028374.npy,0,1,"[-0.09097812324762344, 0.20243629813194275]","[0.42716819047927856, 0.5728318691253662]",0.5728318691253662
00028375.npy,0,1,"[-0.17445333302021027, 0.4074622690677643]","[0.3584919273853302, 0.6415080428123474]",0.6415080428123474
00028376.npy,0,1,"[0.25537994503974915, 0.4934673607349396]","[0.44075775146484375, 0.5592422485351562]",0.5592422485351562
00028377.npy,0,1,"[-0.08762568235397339, 0.19427341222763062]","[0.4299882650375366, 0.5700117349624634]",0.5700117349624634
00028378.npy,1,1,"[-0.01186724379658699, 0.7684155702590942]","[0.3142589330673218, 0.6857410669326782]",0.6857410669326782
00028379.npy,0,1,"[-0.10139048844575882, 0.08274645358324051]","[0.45409536361694336, 0.5459045767784119]",0.5459045767784119
00028380.npy,0,1,"[0.15178272128105164, 0.4223670959472656]","[0.4327636659145355, 0.5672363638877869]",0.5672363638877869
00028381.npy,0,1,"[-0.09277430921792984, 0.11348149925470352]","[0.448618084192276, 0.5513819456100464]",0.5513819456100464
00028382.npy,0,1,"[0.06913111358880997, 0.07429897040128708]","[0.498708039522171, 0.5012919902801514]",0.5012919902801514
00028383.npy,0,1,"[0.12929683923721313, 0.27030226588249207]","[0.4648069441318512, 0.5351930856704712]",0.5351930856704712
00028384.npy,0,1,"[-0.10414734482765198, 0.11221931129693985]","[0.44611838459968567, 0.5538816452026367]",0.5538816452026367
00028385.npy,0,1,"[0.022020503878593445, 0.28188878297805786]","[0.43539607524871826, 0.564603865146637]",0.564603865146637
00028386.npy,0,1,"[0.0007714815437793732, 0.15943098068237305]","[0.46041813492774963, 0.5395818948745728]",0.5395818948745728
00028387.npy,0,1,"[-0.26320984959602356, 0.19783082604408264]","[0.38673898577690125, 0.6132610440254211]",0.6132610440254211
00028388.npy,0,1,"[0.08890136331319809, 0.2945881187915802]","[0.4487588107585907, 0.5512411594390869]",0.5512411594390869
00028389.npy,0,1,"[0.22064879536628723, 0.5750951766967773]","[0.4123046100139618, 0.5876954197883606]",0.5876954197883606
00028390.npy,0,1,"[-0.033090416342020035, -0.02298693358898163]","[0.49747416377067566, 0.5025258660316467]",0.5025258660316467
00028391.npy,0,1,"[-0.22045055031776428, 0.07240089029073715]","[0.4273059368133545, 0.5726940631866455]",0.5726940631866455
00028392.npy,0,1,"[0.039162106812000275, 0.381338894367218]","[0.4152807891368866, 0.584719181060791]",0.584719181060791
00028393.npy,0,1,"[-0.35187995433807373, 0.09234755486249924]","[0.39073410630226135, 0.6092658638954163]",0.6092658638954163
00028394.npy,0,1,"[-0.1931246817111969, 0.0436134859919548]","[0.44109031558036804, 0.5589096546173096]",0.5589096546173096
00028395.npy,0,1,"[0.01718486100435257, 0.6074159741401672]","[0.35658183693885803, 0.6434181332588196]",0.6434181332588196
00028396.npy,0,1,"[0.017537042498588562, 0.19997882843017578]","[0.45451563596725464, 0.5454843640327454]",0.5454843640327454
00028397.npy,0,1,"[-0.10728215426206589, 0.18350636959075928]","[0.42781081795692444, 0.5721891522407532]",0.5721891522407532
00028398.npy,0,1,"[0.17263975739479065, 0.51631098985672]","[0.4149179756641388, 0.5850820541381836]",0.5850820541381836
00028399.npy,1,1,"[0.23409172892570496, 0.5472007393836975]","[0.4223560690879822, 0.5776439905166626]",0.5776439905166626
00028400.npy,1,1,"[-0.011510316282510757, 0.5640016794204712]","[0.3599659502506256, 0.6400340795516968]",0.6400340795516968
00028401.npy,0,1,"[0.01795663684606552, 0.442345529794693]","[0.39546701312065125, 0.6045330166816711]",0.6045330166816711
00028402.npy,0,1,"[-0.20028382539749146, -0.019352447241544724]","[0.4548901617527008, 0.5451098084449768]",0.5451098084449768
00028403.npy,0,1,"[-0.03998315706849098, 0.1745593547821045]","[0.44656917452812195, 0.5534308552742004]",0.5534308552742004
00028404.npy,0,1,"[-0.1254287213087082, 0.11915213614702225]","[0.43915775418281555, 0.5608422160148621]",0.5608422160148621
00028405.npy,0,1,"[-0.006033420562744141, 0.6304124593734741]","[0.3460503816604614, 0.6539496183395386]",0.6539496183395386
00028406.npy,0,1,"[0.1275036633014679, 0.7400931715965271]","[0.3514687418937683, 0.6485312581062317]",0.6485312581062317
00028407.npy,0,1,"[0.11292176693677902, 0.12879472970962524]","[0.49603185057640076, 0.5039681792259216]",0.5039681792259216
00028408.npy,1,1,"[-0.38719698786735535, 0.15560033917427063]","[0.36753708124160767, 0.6324629187583923]",0.6324629187583923
00028409.npy,0,1,"[-0.14962510764598846, -0.06708192080259323]","[0.4793759286403656, 0.5206241011619568]",0.5206241011619568
00028410.npy,0,1,"[-0.09848351776599884, 0.3216538429260254]","[0.3964838683605194, 0.6035161018371582]",0.6035161018371582
00028411.npy,0,1,"[0.14867109060287476, 0.47543326020240784]","[0.4190286695957184, 0.580971360206604]",0.580971360206604
00028412.npy,0,1,"[0.16864800453186035, 0.4463084638118744]","[0.43102744221687317, 0.5689725279808044]",0.5689725279808044
00028413.npy,0,1,"[0.005578521639108658, 0.5573168992996216]","[0.36546120047569275, 0.6345387697219849]",0.6345387697219849
00028414.npy,1,1,"[-0.3165794312953949, 0.15212219953536987]","[0.3849236071109772, 0.6150764226913452]",0.6150764226913452
00028415.npy,1,1,"[-0.17205379903316498, 0.04974135756492615]","[0.4447774291038513, 0.5552225708961487]",0.5552225708961487
00028416.npy,0,1,"[0.14946061372756958, 0.43791550397872925]","[0.42838215827941895, 0.571617841720581]",0.571617841720581
00028417.npy,0,1,"[-0.21576419472694397, 0.29038548469543457]","[0.37609657645225525, 0.6239033937454224]",0.6239033937454224
00028418.npy,0,1,"[-0.1758238971233368, -0.0328487753868103]","[0.4643169939517975, 0.5356829762458801]",0.5356829762458801
00028419.npy,0,1,"[-0.18098363280296326, 0.2779359817504883]","[0.3872421383857727, 0.6127578020095825]",0.6127578020095825
00028420.npy,1,1,"[-0.21126171946525574, 0.5217928290367126]","[0.32452481985092163, 0.6754752397537231]",0.6754752397537231
00028421.npy,0,1,"[-0.06767944991588593, 0.030525602400302887]","[0.4754684567451477, 0.5245316028594971]",0.5245316028594971
00028422.npy,0,1,"[-0.06243441253900528, 0.4143645465373993]","[0.38300830125808716, 0.6169916987419128]",0.6169916987419128
00028423.npy,1,1,"[0.15633299946784973, 0.6032042503356934]","[0.39010491967201233, 0.6098951101303101]",0.6098951101303101
00028424.npy,0,1,"[0.08357221633195877, 0.45798763632774353]","[0.4074745178222656, 0.5925254821777344]",0.5925254821777344
00028425.npy,0,1,"[0.1781272292137146, 0.3688468933105469]","[0.45246410369873047, 0.5475358963012695]",0.5475358963012695
00028426.npy,0,1,"[-0.18959349393844604, 0.290399968624115]","[0.38225364685058594, 0.6177463531494141]",0.6177463531494141
00028427.npy,0,1,"[-0.06569942831993103, 0.31567442417144775]","[0.4057955741882324, 0.5942043662071228]",0.5942043662071228
00028428.npy,1,1,"[-0.482706755399704, -0.013340979814529419]","[0.3847663700580597, 0.6152336001396179]",0.6152336001396179
00028429.npy,0,1,"[-0.0743018314242363, 0.3604685962200165]","[0.39298778772354126, 0.6070122122764587]",0.6070122122764587
00028430.npy,0,1,"[-0.16351976990699768, -0.004797171801328659]","[0.4604024291038513, 0.5395975112915039]",0.5395975112915039
00028431.npy,1,1,"[0.18137651681900024, 0.2705356776714325]","[0.47772493958473206, 0.5222750306129456]",0.5222750306129456
00028432.npy,0,1,"[-0.11312951147556305, 0.3147023320198059]","[0.39464420080184937, 0.6053557991981506]",0.6053557991981506
00028433.npy,0,1,"[0.07516997307538986, 0.3800097703933716]","[0.4243747889995575, 0.5756251811981201]",0.5756251811981201
00028434.npy,0,1,"[-0.1926681399345398, 0.14195775985717773]","[0.4171155095100403, 0.5828844904899597]",0.5828844904899597
00028435.npy,0,1,"[0.02414891868829727, 0.2922610938549042]","[0.4333706200122833, 0.5666294097900391]",0.5666294097900391
00028436.npy,0,1,"[-0.06066038832068443, 0.25623074173927307]","[0.42143359780311584, 0.5785664319992065]",0.5785664319992065
00028437.npy,0,1,"[0.059000760316848755, 0.35971444845199585]","[0.4253830313682556, 0.5746169686317444]",0.5746169686317444
00028438.npy,1,1,"[0.020369544625282288, 0.2260236144065857]","[0.44876694679260254, 0.5512331128120422]",0.5512331128120422
00028439.npy,0,0,"[-0.12168874591588974, -0.16648823022842407]","[0.5111979842185974, 0.4888019859790802]",0.4888019859790802
00028440.npy,0,1,"[-0.15433253347873688, 0.2565157413482666]","[0.3987087309360504, 0.6012912392616272]",0.6012912392616272
00028441.npy,0,1,"[-0.041042182594537735, 0.17321112751960754]","[0.44664064049720764, 0.55335932970047]",0.55335932970047
00028442.npy,0,1,"[-0.04786412790417671, 0.09174016863107681]","[0.4651555120944977, 0.5348445177078247]",0.5348445177078247
00028443.npy,0,0,"[-0.03470510244369507, -0.057060953229665756]","[0.505588710308075, 0.49441128969192505]",0.49441128969192505
00028444.npy,0,1,"[-0.12163300812244415, 0.09635532647371292]","[0.4457176923751831, 0.5542823076248169]",0.5542823076248169
00028445.npy,0,1,"[-0.19313129782676697, 0.5331950783729553]","[0.3260014057159424, 0.6739985942840576]",0.6739985942840576
00028446.npy,0,1,"[-0.18653184175491333, 0.06532997637987137]","[0.43736532330513, 0.5626347064971924]",0.5626347064971924
00028447.npy,0,1,"[-0.37470829486846924, 0.07345028966665268]","[0.38979867100715637, 0.610201358795166]",0.610201358795166
00028448.npy,0,1,"[-0.5261340141296387, 0.42378392815589905]","[0.2789013087749481, 0.7210986614227295]",0.7210986614227295
00042215.npy,1,1,"[-0.01604609191417694, 0.21816644072532654]","[0.4417130649089813, 0.5582869052886963]",0.5582869052886963
00042216.npy,1,1,"[-0.12445615977048874, 0.006206497550010681]","[0.46738073229789734, 0.5326192378997803]",0.5326192378997803
00042217.npy,0,1,"[0.15880721807479858, 0.3879147171974182]","[0.4429723620414734, 0.5570276379585266]",0.5570276379585266
00042218.npy,1,1,"[-0.23281893134117126, 0.2226460874080658]","[0.3880622088909149, 0.6119377613067627]",0.6119377613067627
00042219.npy,1,1,"[-0.12136660516262054, 0.2551197409629822]","[0.4069746136665344, 0.5930253863334656]",0.5930253863334656
00042220.npy,0,1,"[-0.017314035445451736, 0.15407505631446838]","[0.45725730061531067, 0.5427426695823669]",0.5427426695823669
00042221.npy,0,1,"[0.0213145911693573, 0.4441594183444977]","[0.39583620429039, 0.6041638255119324]",0.6041638255119324
00042222.npy,0,1,"[-0.11553333699703217, 0.24988558888435364]","[0.40964844822883606, 0.5903515815734863]",0.5903515815734863
00042223.npy,0,1,"[-0.20255574584007263, 0.28484511375427246]","[0.3805060386657715, 0.6194939613342285]",0.6194939613342285
00042224.npy,1,1,"[-0.229872465133667, 0.25877219438552856]","[0.3802129328250885, 0.6197870969772339]",0.6197870969772339
00042225.npy,0,1,"[-0.046306002885103226, 0.11896640807390213]","[0.45877569913864136, 0.5412243008613586]",0.5412243008613586
00042226.npy,0,1,"[-0.015570051968097687, 0.5621469020843506]","[0.3594580888748169, 0.6405418515205383]",0.6405418515205383
00042227.npy,0,1,"[0.10313533991575241, 0.5185320377349854]","[0.3976188004016876, 0.60238116979599]",0.60238116979599
00042228.npy,1,1,"[-0.12230201065540314, 0.12024971097707748]","[0.43965762853622437, 0.5603423714637756]",0.5603423714637756
00042229.npy,0,1,"[-0.12451595813035965, 0.34202873706817627]","[0.38543441891670227, 0.6145656108856201]",0.6145656108856201
00042230.npy,1,1,"[0.3226592242717743, 1.2004646062850952]","[0.29363274574279785, 0.7063671946525574]",0.7063671946525574
00042231.npy,1,1,"[0.05614340305328369, 0.6068333387374878]","[0.36570435762405396, 0.634295642375946]",0.634295642375946
00042232.npy,1,1,"[-0.08726668357849121, 0.06109306216239929]","[0.46297797560691833, 0.537022054195404]",0.537022054195404
00042233.npy,1,1,"[-0.31878766417503357, -0.09091958403587341]","[0.4432781934738159, 0.5567217469215393]",0.5567217469215393
00042234.npy,1,1,"[-0.07687443494796753, 0.3005024790763855]","[0.40675970911979675, 0.5932402610778809]",0.5932402610778809
00042235.npy,0,1,"[-0.08758709579706192, 0.14641588926315308]","[0.441764771938324, 0.5582352876663208]",0.5582352876663208
00042236.npy,1,1,"[-0.032178089022636414, 0.21601179242134094]","[0.43826907873153687, 0.5617309212684631]",0.5617309212684631
00042237.npy,0,1,"[-0.09631620347499847, 0.3102182149887085]","[0.3997434079647064, 0.600256621837616]",0.600256621837616
00042238.npy,1,1,"[0.1835220754146576, 0.31339141726493835]","[0.4675782322883606, 0.5324217677116394]",0.5324217677116394
00042239.npy,1,1,"[-0.017680510878562927, 0.07350138574838638]","[0.4772203266620636, 0.5227797031402588]",0.5227797031402588
00042240.npy,1,1,"[-0.25612470507621765, 0.339377760887146]","[0.3553732931613922, 0.6446266770362854]",0.6446266770362854
00042241.npy,1,1,"[0.01703280210494995, 0.3067750632762909]","[0.4280669391155243, 0.5719330310821533]",0.5719330310821533
00042242.npy,1,1,"[-0.15618395805358887, 0.2685620188713074]","[0.3953816592693329, 0.6046183705329895]",0.6046183705329895
00042243.npy,1,1,"[-0.38791340589523315, 0.0534602627158165]","[0.39141371846199036, 0.608586311340332]",0.608586311340332
00042244.npy,1,1,"[-0.014455895870923996, 0.2486545443534851]","[0.43459928035736084, 0.5654007792472839]",0.5654007792472839
00042245.npy,1,1,"[-0.33054858446121216, 0.020156152546405792]","[0.41321155428886414, 0.5867884755134583]",0.5867884755134583
00042246.npy,1,1,"[-0.09530231356620789, 0.10595039278268814]","[0.4498559534549713, 0.5501440167427063]",0.5501440167427063
00042247.npy,1,1,"[-0.08619840443134308, 0.17223888635635376]","[0.435747891664505, 0.5642520785331726]",0.5642520785331726
00042248.npy,1,1,"[-0.055752020329236984, 0.15290126204490662]","[0.448025107383728, 0.551974892616272]",0.551974892616272
00042249.npy,1,1,"[-0.014566224068403244, 0.23869818449020386]","[0.4370201826095581, 0.5629798173904419]",0.5629798173904419
00042250.npy,1,1,"[0.06617250293493271, 0.39147913455963135]","[0.41938304901123047, 0.5806170105934143]",0.5806170105934143
00042251.npy,1,1,"[-0.19419753551483154, 0.0012635141611099243]","[0.45128968358039856, 0.548710286617279]",0.548710286617279
00042252.npy,0,1,"[-0.013612072914838791, 0.577551007270813]","[0.3563680350780487, 0.6436319947242737]",0.6436319947242737
00042253.npy,1,1,"[0.1400933563709259, 0.6892955303192139]","[0.36604952812194824, 0.6339504718780518]",0.6339504718780518
00042254.npy,1,1,"[0.22867998480796814, 0.6115794777870178]","[0.4054277539253235, 0.5945722460746765]",0.5945722460746765
00042255.npy,1,1,"[0.09512875229120255, 0.43804123997688293]","[0.41510215401649475, 0.5848978161811829]",0.5848978161811829
00042256.npy,1,1,"[-0.23591384291648865, 0.1454489529132843]","[0.4057982563972473, 0.5942017436027527]",0.5942017436027527
00042257.npy,1,1,"[-0.02985713817179203, 0.42759159207344055]","[0.38759124279022217, 0.6124087572097778]",0.6124087572097778
00042258.npy,1,1,"[-0.10081323981285095, 0.10361706465482712]","[0.44906967878341675, 0.5509303212165833]",0.5509303212165833
00042259.npy,0,1,"[-0.08018644899129868, 0.2131292223930359]","[0.4271923303604126, 0.5728076696395874]",0.5728076696395874
00042260.npy,1,1,"[-0.08814478665590286, 0.32157936692237854]","[0.39897823333740234, 0.6010217070579529]",0.6010217070579529
00042261.npy,0,1,"[-0.21656250953674316, 0.20640906691551208]","[0.39580589532852173, 0.6041941046714783]",0.6041941046714783
00042262.npy,1,1,"[-0.03334803134202957, 0.2725614309310913]","[0.42411351203918457, 0.5758864879608154]",0.5758864879608154
00042263.npy,1,1,"[0.02844756841659546, 0.27972033619880676]","[0.43751025199890137, 0.5624897480010986]",0.5624897480010986
00042264.npy,0,1,"[0.1696954071521759, 0.41391685605049133]","[0.4392462968826294, 0.5607537031173706]",0.5607537031173706
00042265.npy,0,1,"[0.015405900776386261, 0.4439269006252289]","[0.39447954297065735, 0.605520486831665]",0.605520486831665
00042266.npy,1,1,"[-0.08592516928911209, 0.40031880140304565]","[0.38077878952026367, 0.6192212104797363]",0.6192212104797363
00042267.npy,1,1,"[-0.012269165366888046, 0.17048326134681702]","[0.45443862676620483, 0.5455613732337952]",0.5455613732337952
00042268.npy,0,1,"[-0.29201486706733704, -0.07475897669792175]","[0.4458986818790436, 0.5541013479232788]",0.5541013479232788
00042269.npy,0,1,"[-0.04473971202969551, 0.30856671929359436]","[0.41258084774017334, 0.5874191522598267]",0.5874191522598267
00042270.npy,1,1,"[0.0009408332407474518, 0.4258151054382324]","[0.39535096287727356, 0.604649007320404]",0.604649007320404
00042271.npy,1,1,"[-0.22936373949050903, 0.05628106743097305]","[0.42907044291496277, 0.5709295868873596]",0.5709295868873596
00042272.npy,1,1,"[0.444116473197937, 0.9577006101608276]","[0.37435370683670044, 0.6256462931632996]",0.6256462931632996
00042273.npy,1,1,"[0.14566722512245178, 0.3541181981563568]","[0.44807514548301697, 0.5519248247146606]",0.5519248247146606
00042274.npy,0,0,"[0.3959912359714508, 0.36179670691490173]","[0.5085477828979492, 0.4914522171020508]",0.4914522171020508
00042275.npy,1,1,"[-0.40385016798973083, -0.025526121258735657]","[0.4065311551094055, 0.5934687852859497]",0.5934687852859497
00042276.npy,1,1,"[-0.0038451366126537323, 0.10755781084299088]","[0.47217807173728943, 0.527821958065033]",0.527821958065033
00042277.npy,0,1,"[-0.08412154018878937, 0.16581004858016968]","[0.4378403127193451, 0.5621596574783325]",0.5621596574783325
00042278.npy,0,1,"[-0.18343403935432434, 0.12455401569604874]","[0.42360594868659973, 0.5763940811157227]",0.5763940811157227
00042279.npy,1,1,"[0.0023917555809020996, 0.33783891797065735]","[0.4169158339500427, 0.5830841660499573]",0.5830841660499573
00042280.npy,0,1,"[0.027053549885749817, 0.2840990126132965]","[0.4360901415348053, 0.5639098286628723]",0.5639098286628723
00042281.npy,1,1,"[-0.18369358777999878, -0.07370683550834656]","[0.4725309908390045, 0.5274689793586731]",0.5274689793586731
00042282.npy,0,1,"[-0.07868139445781708, 0.19244447350502014]","[0.432630717754364, 0.567369282245636]",0.567369282245636
00042283.npy,0,1,"[-0.2950851321220398, 0.16529545187950134]","[0.3868955373764038, 0.6131044626235962]",0.6131044626235962
00042284.npy,0,1,"[-0.010284826159477234, 0.7202708125114441]","[0.3250728249549866, 0.6749271750450134]",0.6749271750450134
00042285.npy,0,1,"[-0.02828863263130188, 0.3387426435947418]","[0.40925857424736023, 0.5907414555549622]",0.5907414555549622
00042286.npy,0,1,"[0.17358994483947754, 0.44704875349998474]","[0.432058185338974, 0.5679418444633484]",0.5679418444633484
00042287.npy,0,1,"[-0.015583153814077377, 0.3945363163948059]","[0.39888349175453186, 0.6011165380477905]",0.6011165380477905
00042288.npy,0,1,"[-0.22964537143707275, 0.1524442732334137]","[0.40562301874160767, 0.5943770408630371]",0.5943770408630371
00042289.npy,0,1,"[-0.14027594029903412, -0.032215580344200134]","[0.4730111360549927, 0.5269888043403625]",0.5269888043403625
00042290.npy,1,1,"[0.15368765592575073, 0.40693727135658264]","[0.4370238184928894, 0.5629761815071106]",0.5629761815071106
00042291.npy,1,1,"[-0.0830380842089653, 0.12587013840675354]","[0.44796204566955566, 0.5520378947257996]",0.5520378947257996
00042292.npy,1,0,"[-0.020595325157046318, -0.028534144163131714]","[0.501984715461731, 0.49801531434059143]",0.49801531434059143
00042293.npy,0,1,"[0.10776155441999435, 0.4870404303073883]","[0.4063008427619934, 0.5936991572380066]",0.5936991572380066
00042294.npy,1,1,"[-0.25922006368637085, 0.06284873187541962]","[0.4201716482639313, 0.5798283219337463]",0.5798283219337463
00042295.npy,0,1,"[-0.01562652736902237, 0.34759020805358887]","[0.41018110513687134, 0.5898188948631287]",0.5898188948631287
00042296.npy,1,1,"[0.12668782472610474, 0.3263181746006012]","[0.4502575099468231, 0.5497424602508545]",0.5497424602508545
00042297.npy,1,1,"[0.2239050567150116, 0.5564687848091125]","[0.41761696338653564, 0.5823830366134644]",0.5823830366134644
00042298.npy,0,1,"[-0.07868963479995728, 0.16620022058486938]","[0.43908166885375977, 0.5609183311462402]",0.5609183311462402
00042299.npy,1,1,"[0.03450281172990799, 0.3321714699268341]","[0.42612752318382263, 0.5738725066184998]",0.5738725066184998
00042300.npy,0,1,"[-0.19715991616249084, 0.039957448840141296]","[0.44099685549736023, 0.5590031147003174]",0.5590031147003174
00042301.npy,0,1,"[0.031341247260570526, 0.2981823980808258]","[0.43368276953697205, 0.5663172602653503]",0.5663172602653503
00042302.npy,0,1,"[-0.08829594403505325, 0.34200820326805115]","[0.39405372738838196, 0.6059463024139404]",0.6059463024139404
00042303.npy,1,1,"[-0.12061064690351486, 0.40295180678367615]","[0.37201958894729614, 0.6279804110527039]",0.6279804110527039
00042304.npy,1,1,"[-0.08703967183828354, 0.2071593701839447]","[0.42697617411613464, 0.573023796081543]",0.573023796081543
00042305.npy,1,1,"[-0.2248838245868683, 0.15376797318458557]","[0.40645211935043335, 0.5935478806495667]",0.5935478806495667
00042306.npy,0,1,"[-0.23272672295570374, 0.16715571284294128]","[0.4013405740261078, 0.5986593961715698]",0.5986593961715698
00042307.npy,0,1,"[0.07915566116571426, 0.4276098608970642]","[0.41375732421875, 0.58624267578125]",0.58624267578125
00042308.npy,0,1,"[0.0007481202483177185, 0.5109282732009888]","[0.37515130639076233, 0.6248487234115601]",0.6248487234115601
00042309.npy,0,1,"[0.17265161871910095, 0.6062926054000854]","[0.3932572305202484, 0.6067427396774292]",0.6067427396774292
00042310.npy,1,1,"[-0.2034192681312561, 0.2117948830127716]","[0.39766255021095276, 0.6023374795913696]",0.6023374795913696
00042311.npy,0,1,"[0.013498052954673767, 0.37656232714653015]","[0.4102180004119873, 0.5897820591926575]",0.5897820591926575
00042312.npy,1,1,"[-0.09352315962314606, 0.03093913197517395]","[0.46892455220222473, 0.5310754776000977]",0.5310754776000977
00042313.npy,0,1,"[-0.17425167560577393, -0.044970765709877014]","[0.4677247107028961, 0.5322752594947815]",0.5322752594947815
00042314.npy,0,1,"[-0.5299063324928284, 0.09262264519929886]","[0.34920647740364075, 0.6507934927940369]",0.6507934927940369
00042315.npy,0,1,"[-0.6648351550102234, -0.06133385747671127]","[0.35354307293891907, 0.6464569568634033]",0.6464569568634033
00042316.npy,1,1,"[-0.39243483543395996, 0.09466084092855453]","[0.3805779814720154, 0.6194220185279846]",0.6194220185279846
00042317.npy,0,1,"[0.011714588850736618, 0.3430611193180084]","[0.4179130494594574, 0.582086980342865]",0.582086980342865
00042318.npy,0,1,"[-0.23143237829208374, 0.07021590322256088]","[0.42515459656715393, 0.5748453736305237]",0.5748453736305237
00042319.npy,1,1,"[-0.09999731183052063, 0.10631196945905685]","[0.4486048221588135, 0.5513951182365417]",0.5513951182365417
00042320.npy,0,1,"[0.03382167965173721, 0.16641852259635925]","[0.4668992757797241, 0.5331007242202759]",0.5331007242202759
00042321.npy,0,1,"[0.13315680623054504, 0.5445619821548462]","[0.3985752463340759, 0.6014248132705688]",0.6014248132705688
00042322.npy,0,1,"[0.29509463906288147, 0.3136482834815979]","[0.49536171555519104, 0.5046382546424866]",0.5046382546424866
00042323.npy,1,1,"[-0.20141640305519104, -0.08539770543575287]","[0.47102782130241394, 0.5289722084999084]",0.5289722084999084
00042324.npy,1,1,"[-0.16679808497428894, 0.11276688426733017]","[0.43056046962738037, 0.5694395899772644]",0.5694395899772644
00042325.npy,1,1,"[0.2660858929157257, 0.7443522810935974]","[0.3826615810394287, 0.6173384189605713]",0.6173384189605713
00042326.npy,1,1,"[-0.2408018410205841, 0.09335415810346603]","[0.4172297418117523, 0.5827702283859253]",0.5827702283859253
00042327.npy,1,1,"[-0.062319062650203705, 0.14359420537948608]","[0.4487028121948242, 0.5512972474098206]",0.5512972474098206
00042328.npy,1,0,"[0.14795324206352234, -0.011882822960615158]","[0.5398741960525513, 0.4601258337497711]",0.4601258337497711
00042329.npy,0,1,"[0.06326156854629517, 0.5267537832260132]","[0.38615769147872925, 0.6138423085212708]",0.6138423085212708
00042330.npy,1,1,"[-0.15393897891044617, 0.2850928008556366]","[0.3919717073440552, 0.6080282926559448]",0.6080282926559448
00042331.npy,1,1,"[0.08693113178014755, 0.4314664304256439]","[0.4147082567214966, 0.5852918028831482]",0.5852918028831482
00042332.npy,0,1,"[-0.04349946975708008, 0.3387036621570587]","[0.40559566020965576, 0.5944043397903442]",0.5944043397903442
00042333.npy,1,1,"[-0.1507207155227661, 0.2605186998844147]","[0.3986149728298187, 0.6013850569725037]",0.6013850569725037
00042334.npy,1,1,"[-0.41686946153640747, -0.025705549865961075]","[0.40343716740608215, 0.5965628623962402]",0.5965628623962402
00042335.npy,0,1,"[-0.17317306995391846, 0.12358324974775314]","[0.4263506233692169, 0.5736494064331055]",0.5736494064331055
00042336.npy,1,1,"[-0.07286526262760162, 0.2629754841327667]","[0.4168201684951782, 0.5831798315048218]",0.5831798315048218
00042337.npy,1,1,"[-0.27581194043159485, 0.1310907006263733]","[0.3996550142765045, 0.6003449559211731]",0.6003449559211731
00042338.npy,1,1,"[-0.12219120562076569, 0.15272745490074158]","[0.4316999614238739, 0.5683000087738037]",0.5683000087738037
00042339.npy,1,1,"[-0.1481269896030426, 0.21548914909362793]","[0.41008445620536804, 0.5899155139923096]",0.5899155139923096
00042340.npy,1,1,"[0.0072654783725738525, 0.21644875407218933]","[0.44789403676986694, 0.5521059036254883]",0.5521059036254883
00042341.npy,1,1,"[-0.6521395444869995, -0.22453004121780396]","[0.39469730854034424, 0.6053026914596558]",0.6053026914596558
00042342.npy,1,1,"[-0.35351258516311646, 0.08934443444013596]","[0.39106041193008423, 0.6089395880699158]",0.6089395880699158
00042343.npy,0,1,"[0.12570777535438538, 0.353046715259552]","[0.4434088170528412, 0.5565912127494812]",0.5565912127494812
00042344.npy,0,1,"[-0.23774299025535583, 0.09672849625349045]","[0.4171530306339264, 0.5828469395637512]",0.5828469395637512
00042345.npy,1,1,"[-0.26191234588623047, -0.1284494698047638]","[0.4666837155818939, 0.5333162546157837]",0.5333162546157837
00042346.npy,0,1,"[-0.21747732162475586, 0.2070818841457367]","[0.39542630314826965, 0.6045737266540527]",0.6045737266540527
00042347.npy,1,1,"[-0.38681286573410034, -0.1380009949207306]","[0.4381159543991089, 0.5618839859962463]",0.5618839859962463
00042348.npy,0,1,"[-0.373281329870224, 0.01513439416885376]","[0.4040987491607666, 0.5959012508392334]",0.5959012508392334
00042349.npy,0,1,"[-0.1543487012386322, 0.03092825412750244]","[0.4538128077983856, 0.546187162399292]",0.546187162399292
00042350.npy,1,1,"[0.1124148890376091, 0.39714470505714417]","[0.42929455637931824, 0.5707054138183594]",0.5707054138183594
00042351.npy,1,1,"[-0.12017916142940521, 0.13725247979164124]","[0.4359951615333557, 0.5640048384666443]",0.5640048384666443
00042352.npy,0,1,"[0.051454514265060425, 0.47284427285194397]","[0.3961842358112335, 0.6038157343864441]",0.6038157343864441
00042353.npy,0,1,"[-0.04318410903215408, 0.018200211226940155]","[0.48465874791145325, 0.5153412818908691]",0.5153412818908691
00042354.npy,0,1,"[-0.009346574544906616, 0.18622151017189026]","[0.4512632191181183, 0.5487367510795593]",0.5487367510795593
00042355.npy,0,1,"[0.03455039858818054, 0.15354090929031372]","[0.47028741240501404, 0.5297126173973083]",0.5297126173973083
00042356.npy,0,1,"[-0.13696758449077606, 0.2291826605796814]","[0.4094715714454651, 0.5905284285545349]",0.5905284285545349
00042357.npy,0,1,"[-0.11873036623001099, 0.34012389183044434]","[0.3872576653957367, 0.6127423048019409]",0.6127423048019409
00042358.npy,1,1,"[0.11017893999814987, 0.7260414361953735]","[0.3507230579853058, 0.6492769122123718]",0.6492769122123718
00042359.npy,1,1,"[-0.1810363531112671, 0.3308359384536743]","[0.3747546970844269, 0.6252452731132507]",0.6252452731132507
00042360.npy,0,1,"[-0.15920796990394592, 0.1485595405101776]","[0.4236598014831543, 0.5763402581214905]",0.5763402581214905
00042361.npy,1,1,"[-0.09968680888414383, 0.14875513315200806]","[0.4382070302963257, 0.5617929697036743]",0.5617929697036743
00042362.npy,0,1,"[-0.2401372790336609, 0.08254263550043106]","[0.42002275586128235, 0.5799772143363953]",0.5799772143363953
00042363.npy,0,1,"[-0.036069758236408234, 0.1997928023338318]","[0.4413062036037445, 0.5586937665939331]",0.5586937665939331
00042364.npy,1,1,"[-0.20480763912200928, -0.030122270807623863]","[0.45643937587738037, 0.5435606241226196]",0.5435606241226196
00042365.npy,1,1,"[-0.03322747349739075, 0.2255570888519287]","[0.43566247820854187, 0.5643374919891357]",0.5643374919891357
00042366.npy,0,1,"[-0.0009904205799102783, 0.31165242195129395]","[0.422469824552536, 0.5775302052497864]",0.5775302052497864
00042367.npy,0,1,"[-0.3597412407398224, 0.1656341850757599]","[0.3715961277484894, 0.628403902053833]",0.628403902053833
00042368.npy,1,1,"[-0.23684057593345642, 0.37514424324035645]","[0.3516065776348114, 0.6483933925628662]",0.6483933925628662
00042369.npy,1,1,"[0.2878821790218353, 0.9361963868141174]","[0.3433695137500763, 0.6566304564476013]",0.6566304564476013
00042370.npy,1,1,"[0.1784346103668213, 1.0823196172714233]","[0.2882528007030487, 0.7117472290992737]",0.7117472290992737
00042371.npy,0,1,"[0.028756745159626007, 0.26639634370803833]","[0.4408681392669678, 0.5591318607330322]",0.5591318607330322
00042372.npy,0,1,"[0.09485305100679398, 0.49792829155921936]","[0.40057373046875, 0.5994263291358948]",0.5994263291358948
00042373.npy,1,1,"[0.14564943313598633, 0.3154257833957672]","[0.4576575756072998, 0.5423424243927002]",0.5423424243927002
00042374.npy,1,1,"[-0.2377704679965973, -0.052689459174871445]","[0.45386138558387756, 0.5461385846138]",0.5461385846138
00042375.npy,0,1,"[-0.18417078256607056, 0.21891838312149048]","[0.4005703926086426, 0.5994296669960022]",0.5994296669960022
00042376.npy,0,1,"[-0.3201034665107727, 0.21041157841682434]","[0.37039676308631897, 0.6296032071113586]",0.6296032071113586
00042377.npy,0,1,"[0.019077405333518982, 0.11077434569597244]","[0.47709181904792786, 0.5229081511497498]",0.5229081511497498
00042378.npy,1,1,"[0.2037043273448944, 0.6240246891975403]","[0.3964400887489319, 0.6035599112510681]",0.6035599112510681
00042379.npy,1,1,"[0.021673232316970825, 0.3054927587509155]","[0.42951762676239014, 0.5704823732376099]",0.5704823732376099
00042380.npy,0,1,"[-0.049563340842723846, 0.23475974798202515]","[0.4293942451477051, 0.5706057548522949]",0.5706057548522949
00042381.npy,1,1,"[-0.30473005771636963, 0.16934484243392944]","[0.3836522102355957, 0.6163477897644043]",0.6163477897644043
00042382.npy,0,1,"[-0.023149996995925903, 0.307456374168396]","[0.41809311509132385, 0.5819069147109985]",0.5819069147109985
00042383.npy,0,1,"[0.004039619117975235, 0.3733694851398468]","[0.4087029695510864, 0.5912970304489136]",0.5912970304489136
00042384.npy,1,1,"[-0.15428470075130463, 0.1611609160900116]","[0.4217860698699951, 0.5782138705253601]",0.5782138705253601
00042385.npy,1,1,"[-0.09614377468824387, 0.2307690680027008]","[0.41899195313453674, 0.5810080170631409]",0.5810080170631409
00042386.npy,1,1,"[-0.03907626122236252, 0.2387300431728363]","[0.43099167943000793, 0.5690083503723145]",0.5690083503723145
00042387.npy,1,1,"[-0.23595649003982544, 0.11627636104822159]","[0.4128410518169403, 0.5871589183807373]",0.5871589183807373
00042388.npy,0,1,"[-0.1646643728017807, 0.2803141474723816]","[0.39055532217025757, 0.6094446778297424]",0.6094446778297424
00042389.npy,0,1,"[-0.015240687876939774, 0.11510293930768967]","[0.46746015548706055, 0.5325398445129395]",0.5325398445129395
00042390.npy,1,1,"[-0.03291212022304535, 0.2361217737197876]","[0.43314430117607117, 0.5668557286262512]",0.5668557286262512
00042391.npy,1,1,"[-0.03098573535680771, 0.25769442319869995]","[0.4283270239830017, 0.5716729760169983]",0.5716729760169983
00042392.npy,1,1,"[0.21712446212768555, 0.7587820887565613]","[0.36780205368995667, 0.6321979761123657]",0.6321979761123657
00042393.npy,0,1,"[0.029418356716632843, 0.2742811441421509]","[0.4390883147716522, 0.5609116554260254]",0.5609116554260254
00042394.npy,1,1,"[0.01610773801803589, 0.7015419006347656]","[0.3350495398044586, 0.664950430393219]",0.664950430393219
00042395.npy,0,1,"[-0.2910611629486084, 0.05375161021947861]","[0.414640873670578, 0.5853591561317444]",0.5853591561317444
00042396.npy,1,1,"[0.02106580138206482, 0.33769816160202026]","[0.4214966893196106, 0.5785033106803894]",0.5785033106803894
00042397.npy,0,1,"[-0.03763822466135025, 0.3390759527683258]","[0.40691959857940674, 0.5930803418159485]",0.5930803418159485
00042398.npy,1,1,"[-0.38617509603500366, -0.022073127329349518]","[0.40996694564819336, 0.5900329947471619]",0.5900329947471619
00042399.npy,1,1,"[0.0989358052611351, 0.2579539716243744]","[0.4603290259838104, 0.539671003818512]",0.539671003818512
00042400.npy,1,1,"[0.008163496851921082, 0.3692847788333893]","[0.4106881320476532, 0.5893118381500244]",0.5893118381500244
00042401.npy,1,1,"[0.014363124966621399, 0.09716571122407913]","[0.47931116819381714, 0.5206888318061829]",0.5206888318061829
00042402.npy,0,1,"[-0.3034290075302124, 0.21270859241485596]","[0.3737558424472809, 0.6262441277503967]",0.6262441277503967
00042403.npy,1,1,"[-0.036093518137931824, 0.08679596334695816]","[0.4693162441253662, 0.5306837558746338]",0.5306837558746338
00042404.npy,1,1,"[-0.0128745436668396, 0.37674587965011597]","[0.40380868315696716, 0.5961913466453552]",0.5961913466453552
00042405.npy,0,1,"[-0.2533719837665558, 0.050703637301921844]","[0.42456144094467163, 0.5754384994506836]",0.5754384994506836
00042406.npy,0,1,"[-0.23360851407051086, 0.23197031021118164]","[0.3856632113456726, 0.6143367886543274]",0.6143367886543274
00042407.npy,1,1,"[0.09599194675683975, 0.49805453419685364]","[0.4008168876171112, 0.5991831421852112]",0.5991831421852112
00042408.npy,1,1,"[-0.0648215115070343, 0.13148817420005798]","[0.4510795772075653, 0.5489203929901123]",0.5489203929901123
00042409.npy,1,1,"[0.06511513888835907, 0.29868417978286743]","[0.4418717920780182, 0.5581282377243042]",0.5581282377243042
00042410.npy,1,1,"[-0.03841675817966461, 0.22505035996437073]","[0.43451160192489624, 0.5654883980751038]",0.5654883980751038
00042411.npy,0,1,"[-0.06064271181821823, 0.23381397128105164]","[0.42691314220428467, 0.5730868577957153]",0.5730868577957153
00042412.npy,0,1,"[-0.1332044005393982, 0.0820649191737175]","[0.4463895261287689, 0.5536104440689087]",0.5536104440689087
00042413.npy,1,1,"[0.04528793692588806, 0.21432629227638245]","[0.45784077048301697, 0.5421592593193054]",0.5421592593193054
00042414.npy,1,1,"[-0.06677985936403275, 0.18687903881072998]","[0.43692314624786377, 0.563076913356781]",0.563076913356781
00042415.npy,0,1,"[0.12539780139923096, 0.7364728450775146]","[0.35181400179862976, 0.6481860280036926]",0.6481860280036926
00042416.npy,1,1,"[-0.10708442330360413, 0.23674359917640686]","[0.4148798882961273, 0.5851200819015503]",0.5851200819015503
00042417.npy,0,1,"[-0.24805012345314026, 0.10924067348241806]","[0.4116155505180359, 0.5883844494819641]",0.5883844494819641
00042418.npy,1,0,"[-0.08250824362039566, -0.08508142828941345]","[0.5006433129310608, 0.4993567168712616]",0.4993567168712616
00042419.npy,1,1,"[-0.08360926061868668, 0.14705133438110352]","[0.4425891637802124, 0.5574108362197876]",0.5574108362197876
00042420.npy,0,1,"[-0.245619535446167, 0.3622501790523529]","[0.35254526138305664, 0.6474547386169434]",0.6474547386169434
00042421.npy,0,1,"[-0.20030012726783752, 0.1416172981262207]","[0.4153437912464142, 0.5846561789512634]",0.5846561789512634
00042422.npy,0,1,"[-0.08774477243423462, 0.2115667462348938]","[0.4257257878780365, 0.5742741823196411]",0.5742741823196411
00042423.npy,1,1,"[-0.1737527996301651, 0.32705971598625183]","[0.37734973430633545, 0.6226502656936646]",0.6226502656936646
00042424.npy,0,1,"[0.014582760632038116, 0.3640643060207367]","[0.41350817680358887, 0.5864918231964111]",0.5864918231964111
00042425.npy,0,1,"[0.087705098092556, 0.2645360231399536]","[0.45590710639953613, 0.5440928936004639]",0.5440928936004639
00042426.npy,1,1,"[0.04998566955327988, 0.20791810750961304]","[0.46059876680374146, 0.5394012331962585]",0.5394012331962585
00042427.npy,0,1,"[-0.22044652700424194, 0.20114830136299133]","[0.3961351811885834, 0.6038647890090942]",0.6038647890090942
00042428.npy,1,1,"[0.07525702565908432, 0.16915088891983032]","[0.4765437841415405, 0.5234562158584595]",0.5234562158584595
00042429.npy,1,1,"[-0.11714430898427963, -0.0228707455098629]","[0.47644907236099243, 0.5235509276390076]",0.5235509276390076
00042430.npy,1,1,"[0.01461869478225708, 0.1453971564769745]","[0.46735191345214844, 0.5326480865478516]",0.5326480865478516
00042431.npy,0,1,"[-0.0858716368675232, 0.3586817681789398]","[0.3906565308570862, 0.6093434691429138]",0.6093434691429138
00042432.npy,1,1,"[0.24292972683906555, 0.2704417109489441]","[0.4931224584579468, 0.506877601146698]",0.506877601146698
00042433.npy,1,1,"[-0.008038666099309921, 0.16609477996826172]","[0.45657631754875183, 0.5434237122535706]",0.5434237122535706
00042434.npy,1,1,"[-0.23199144005775452, -0.04110771417617798]","[0.45242345333099365, 0.5475765466690063]",0.5475765466690063
00042435.npy,1,1,"[-0.2811388075351715, -0.08547645062208176]","[0.4512398838996887, 0.5487601161003113]",0.5487601161003113
00042436.npy,0,1,"[-0.1631065309047699, 0.0005652792751789093]","[0.45917314291000366, 0.5408268570899963]",0.5408268570899963
00042437.npy,1,1,"[-0.19287189841270447, 0.7101883888244629]","[0.28842198848724365, 0.7115780115127563]",0.7115780115127563
00042438.npy,0,1,"[-0.15322056412696838, 0.1751704216003418]","[0.4186321794986725, 0.5813677906990051]",0.5813677906990051
00042439.npy,1,1,"[0.1496218740940094, 0.4562568962574005]","[0.42393630743026733, 0.5760636925697327]",0.5760636925697327
00042440.npy,0,1,"[-0.004460763186216354, 0.5444861054420471]","[0.366108775138855, 0.6338911652565002]",0.6338911652565002
00042441.npy,1,1,"[0.08225473016500473, 0.4406532943248749]","[0.41134727001190186, 0.5886526703834534]",0.5886526703834534
00042442.npy,1,1,"[-0.07430887222290039, 0.16290801763534546]","[0.44097229838371277, 0.5590276718139648]",0.5590276718139648
00042443.npy,1,1,"[-0.08872533589601517, 0.37202754616737366]","[0.3868072032928467, 0.6131927371025085]",0.6131927371025085
00042444.npy,1,1,"[0.000513855367898941, 0.17978474497795105]","[0.4553019106388092, 0.5446980595588684]",0.5446980595588684
00042445.npy,1,1,"[-0.001062985509634018, 0.21365222334861755]","[0.4465264678001404, 0.5534734725952148]",0.5534734725952148
00042446.npy,1,1,"[0.12334071844816208, 0.5135455131530762]","[0.40366798639297485, 0.5963320136070251]",0.5963320136070251
00042447.npy,0,1,"[-0.2558298110961914, 0.09545420855283737]","[0.4130710959434509, 0.5869289040565491]",0.5869289040565491
00042448.npy,0,1,"[0.3803366422653198, 1.015605092048645]","[0.3463169038295746, 0.6536831259727478]",0.6536831259727478
00042449.npy,1,1,"[-0.06653627753257751, 0.011163726449012756]","[0.4805848002433777, 0.5194152593612671]",0.5194152593612671
00042450.npy,0,1,"[0.0016564130783081055, 0.5623401999473572]","[0.363389253616333, 0.636610746383667]",0.636610746383667
00042451.npy,1,1,"[0.03831629455089569, 0.31052806973457336]","[0.43236416578292847, 0.5676357746124268]",0.5676357746124268
00042452.npy,1,1,"[0.22634020447731018, 0.6009214520454407]","[0.40743449330329895, 0.5925655364990234]",0.5925655364990234
00042453.npy,0,1,"[-0.3076491951942444, 0.18474054336547852]","[0.3793307840824127, 0.6206692457199097]",0.6206692457199097
00042454.npy,0,1,"[-0.04106380417943001, 0.21622154116630554]","[0.43603113293647766, 0.5639688372612]",0.5639688372612
00042455.npy,0,1,"[-0.1512485146522522, 0.33985087275505066]","[0.3796346187591553, 0.6203653812408447]",0.6203653812408447
00042456.npy,0,1,"[-0.029908914119005203, 0.27900344133377075]","[0.4233802556991577, 0.5766197443008423]",0.5766197443008423
00042457.npy,0,1,"[-0.19339436292648315, -0.1330946981906891]","[0.4849296510219574, 0.515070378780365]",0.515070378780365
00042458.npy,0,1,"[-0.16766414046287537, 0.265482634305954]","[0.3933751583099365, 0.6066248416900635]",0.6066248416900635
00042459.npy,1,1,"[-0.1855362355709076, 0.270059734582901]","[0.38803112506866455, 0.6119689345359802]",0.6119689345359802
00042460.npy,0,1,"[-0.022808214649558067, 0.21118438243865967]","[0.44176730513572693, 0.5582326650619507]",0.5582326650619507
00042461.npy,1,1,"[-0.13811692595481873, -0.06806688755750656]","[0.48249465227127075, 0.5175053477287292]",0.5175053477287292
00042462.npy,1,1,"[-0.159346342086792, 0.05741177499294281]","[0.4460216462612152, 0.5539783239364624]",0.5539783239364624
00042463.npy,0,1,"[-0.043735016137361526, 0.23461970686912537]","[0.43085718154907227, 0.5691428184509277]",0.5691428184509277
00042464.npy,0,1,"[-0.11006323993206024, 0.12128380686044693]","[0.4424198269844055, 0.5575801730155945]",0.5575801730155945
00042465.npy,0,1,"[-0.167109876871109, 0.0754331722855568]","[0.4396597445011139, 0.5603402256965637]",0.5603402256965637
00042466.npy,0,1,"[0.002308119088411331, 0.3671175539493561]","[0.4097958207130432, 0.590204119682312]",0.590204119682312
00042467.npy,0,1,"[0.07036682218313217, 0.4547593891620636]","[0.40506789088249207, 0.5949320793151855]",0.5949320793151855
00042468.npy,0,1,"[-0.11978767812252045, 0.10893946141004562]","[0.44306623935699463, 0.5569337606430054]",0.5569337606430054
00042469.npy,1,1,"[-0.10316812247037888, 0.15366554260253906]","[0.436142235994339, 0.5638577938079834]",0.5638577938079834
00042470.npy,1,1,"[0.10550092905759811, 0.39003807306289673]","[0.42934179306030273, 0.5706582069396973]",0.5706582069396973
00042471.npy,0,1,"[-0.31384122371673584, 0.14567512273788452]","[0.38710057735443115, 0.6128994226455688]",0.6128994226455688
00042472.npy,0,1,"[-0.2044278383255005, -0.018387138843536377]","[0.453623503446579, 0.5463765263557434]",0.5463765263557434
00042473.npy,1,1,"[-0.08640024065971375, 0.24897590279579163]","[0.4169331192970276, 0.5830668807029724]",0.5830668807029724
00042474.npy,1,1,"[-0.08453589677810669, 0.2884626090526581]","[0.40781667828559875, 0.5921832919120789]",0.5921832919120789
00042475.npy,1,1,"[-0.19755053520202637, 0.06707673519849777]","[0.4342265725135803, 0.5657734274864197]",0.5657734274864197
00042476.npy,0,1,"[0.14418569207191467, 0.7247307300567627]","[0.35880720615386963, 0.6411928534507751]",0.6411928534507751
00042477.npy,1,1,"[-0.42829596996307373, 0.11349169164896011]","[0.36777180433273315, 0.6322281360626221]",0.6322281360626221
00042478.npy,0,1,"[-0.20365256071090698, 0.3605189919471741]","[0.362582802772522, 0.637417197227478]",0.637417197227478
00042479.npy,1,1,"[-0.1055171936750412, 0.13878598809242249]","[0.4392261505126953, 0.5607738494873047]",0.5607738494873047
00042480.npy,1,1,"[0.05212230235338211, 0.2884795367717743]","[0.44118425250053406, 0.5588157773017883]",0.5588157773017883
00042481.npy,1,1,"[-0.054223060607910156, 0.27003878355026245]","[0.4196374714374542, 0.5803625583648682]",0.5803625583648682
00042482.npy,1,1,"[-0.10427027195692062, 0.29510894417762756]","[0.40146151185035706, 0.5985385179519653]",0.5985385179519653
00042483.npy,1,1,"[-0.05236487090587616, 0.22423729300498962]","[0.4312869906425476, 0.5687130093574524]",0.5687130093574524
00042484.npy,0,1,"[-0.0768919512629509, 0.3907889127731323]","[0.38516533374786377, 0.614834725856781]",0.614834725856781
00042485.npy,0,1,"[0.004538450390100479, 0.16269925236701965]","[0.4605419933795929, 0.5394579768180847]",0.5394579768180847
00042486.npy,1,1,"[-0.17808619141578674, 0.13546767830848694]","[0.4222474992275238, 0.5777524709701538]",0.5777524709701538
00042487.npy,0,1,"[-0.0664692372083664, 0.1295870840549469]","[0.4511423110961914, 0.5488576889038086]",0.5488576889038086
00042488.npy,1,1,"[-0.101838119328022, 0.08947672694921494]","[0.45231664180755615, 0.5476833581924438]",0.5476833581924438
00042489.npy,0,1,"[-0.03707411140203476, 0.2757572829723358]","[0.422423779964447, 0.5775761604309082]",0.5775761604309082
00042490.npy,0,1,"[-0.2858336567878723, -0.08685266971588135]","[0.45041823387145996, 0.54958176612854]",0.54958176612854
00042491.npy,1,1,"[-0.07431721687316895, 0.10532709211111069]","[0.45520931482315063, 0.5447906851768494]",0.5447906851768494
00042492.npy,0,1,"[-0.16632428765296936, 0.12433085590600967]","[0.42784348130226135, 0.572156548500061]",0.572156548500061
00042493.npy,0,1,"[-0.06977522373199463, 0.42777884006500244]","[0.3781156539916992, 0.6218843460083008]",0.6218843460083008
00042494.npy,1,1,"[0.01794787496328354, 0.13896918296813965]","[0.4697815477848053, 0.5302184820175171]",0.5302184820175171
00042495.npy,1,1,"[-0.26268836855888367, 0.07257261127233505]","[0.41696110367774963, 0.5830389261245728]",0.5830389261245728
00042496.npy,0,1,"[-0.13533428311347961, 0.14490488171577454]","[0.43039512634277344, 0.5696048736572266]",0.5696048736572266
00042497.npy,0,1,"[-0.3650681674480438, 0.14913848042488098]","[0.37420788407325745, 0.6257920861244202]",0.6257920861244202
00042498.npy,0,1,"[-0.01707186922430992, 0.01449519395828247]","[0.49210891127586365, 0.5078911185264587]",0.5078911185264587
00042499.npy,1,1,"[-0.26640522480010986, 0.10638272017240524]","[0.40786752104759216, 0.5921324491500854]",0.5921324491500854
00042500.npy,0,1,"[-0.17634046077728271, 0.22801661491394043]","[0.40026596188545227, 0.5997340083122253]",0.5997340083122253
00042501.npy,1,1,"[-0.18307030200958252, 0.1323975920677185]","[0.42178064584732056, 0.5782193541526794]",0.5782193541526794
00042502.npy,0,1,"[-0.17449766397476196, 0.12638571858406067]","[0.42534157633781433, 0.5746584534645081]",0.5746584534645081
00042503.npy,0,1,"[-0.24321657419204712, 0.04969554394483566]","[0.42729106545448303, 0.5727089047431946]",0.5727089047431946
00042504.npy,0,1,"[-0.20424383878707886, 0.049181096255779266]","[0.4369806945323944, 0.5630192756652832]",0.5630192756652832
00042505.npy,1,1,"[-0.03420460969209671, 0.38324490189552307]","[0.397127240896225, 0.6028727889060974]",0.6028727889060974
00042506.npy,1,1,"[-0.160069078207016, 0.16173341870307922]","[0.4202365279197693, 0.5797634720802307]",0.5797634720802307
00042507.npy,1,1,"[-0.059290848672389984, 0.4358842074871063]","[0.3786751925945282, 0.6213247776031494]",0.6213247776031494
00042508.npy,0,1,"[-0.1751965880393982, 0.3491710424423218]","[0.3718315064907074, 0.628168523311615]",0.628168523311615
00042509.npy,1,1,"[0.27867552638053894, 0.6059353351593018]","[0.41890749335289, 0.5810924768447876]",0.5810924768447876
00042510.npy,1,1,"[-0.06546950340270996, 0.25766414403915405]","[0.4199122488498688, 0.5800877213478088]",0.5800877213478088
00042511.npy,0,1,"[-0.24454063177108765, 0.041960373520851135]","[0.42886069416999817, 0.5711392760276794]",0.5711392760276794
00042512.npy,1,1,"[-0.12803776562213898, 0.3310430645942688]","[0.3872039020061493, 0.6127960681915283]",0.6127960681915283
00042513.npy,1,1,"[-0.3279734253883362, 0.17512959241867065]","[0.3768117427825928, 0.623188316822052]",0.623188316822052
00042514.npy,0,1,"[-0.07750727981328964, 0.2131630778312683]","[0.4278397560119629, 0.5721602439880371]",0.5721602439880371
00042515.npy,1,1,"[-0.2075347602367401, -0.12194845080375671]","[0.47861647605895996, 0.52138352394104]",0.52138352394104
00042516.npy,1,1,"[0.022763073444366455, 0.17179909348487854]","[0.46280980110168457, 0.5371901392936707]",0.5371901392936707
00042517.npy,1,1,"[0.011684589087963104, 0.2647486627101898]","[0.43706947565078735, 0.5629305243492126]",0.5629305243492126
00042518.npy,0,1,"[-0.1147305816411972, 0.275176078081131]","[0.4037397801876068, 0.5962602496147156]",0.5962602496147156
00042519.npy,0,1,"[0.2526111602783203, 0.31729254126548767]","[0.4838353097438812, 0.5161647200584412]",0.5161647200584412
00042520.npy,1,1,"[-0.1239142045378685, 0.24874520301818848]","[0.40789857506752014, 0.5921014547348022]",0.5921014547348022
00042521.npy,1,1,"[-0.16901227831840515, 0.19714662432670593]","[0.40946948528289795, 0.590530514717102]",0.590530514717102
00042522.npy,1,1,"[-0.11857601255178452, 0.28887197375297546]","[0.39952418208122253, 0.6004757881164551]",0.6004757881164551
00042523.npy,1,1,"[-0.3527587652206421, 0.0817791298031807]","[0.39304324984550476, 0.6069567203521729]",0.6069567203521729
00042524.npy,0,1,"[0.11504974216222763, 0.3802080750465393]","[0.434096097946167, 0.5659038424491882]",0.5659038424491882
00042525.npy,0,1,"[-0.10693146288394928, 0.1676853895187378]","[0.4317740201950073, 0.5682259798049927]",0.5682259798049927
00042526.npy,1,1,"[0.02574077993631363, 0.27402016520500183]","[0.43824705481529236, 0.56175297498703]",0.56175297498703
00042527.npy,1,1,"[-0.08762598782777786, 0.26978960633277893]","[0.41158533096313477, 0.5884146690368652]",0.5884146690368652
00042528.npy,1,1,"[-0.1745593249797821, -0.0617251992225647]","[0.4718213379383087, 0.5281786322593689]",0.5281786322593689
00042529.npy,1,1,"[0.06774865090847015, 0.3717000186443329]","[0.4245918393135071, 0.5754082202911377]",0.5754082202911377
00042530.npy,0,1,"[-0.308615505695343, 0.18614667654037476]","[0.3787723481655121, 0.6212276220321655]",0.6212276220321655
00042531.npy,1,1,"[-0.20980623364448547, -0.008497431874275208]","[0.44984209537506104, 0.5501579642295837]",0.5501579642295837
00042532.npy,1,1,"[-0.0807146281003952, 0.0025218501687049866]","[0.47920286655426025, 0.520797073841095]",0.520797073841095
00042533.npy,0,1,"[-0.2733703851699829, -0.04475471377372742]","[0.4430936872959137, 0.5569062829017639]",0.5569062829017639
00042534.npy,1,1,"[0.05236382037401199, 0.24949154257774353]","[0.45087704062461853, 0.5491229891777039]",0.5491229891777039
00042535.npy,0,1,"[-0.2543143033981323, 0.1958572268486023]","[0.3893199861049652, 0.6106800436973572]",0.6106800436973572
00042536.npy,1,1,"[-0.07647567242383957, 0.22008290886878967]","[0.42639899253845215, 0.5736010074615479]",0.5736010074615479
00042537.npy,1,1,"[-0.02122769132256508, 0.09833557158708572]","[0.47014474868774414, 0.5298552513122559]",0.5298552513122559
00042538.npy,0,1,"[-0.13209611177444458, 0.28297099471092224]","[0.3976977467536926, 0.6023022532463074]",0.6023022532463074
00042539.npy,1,1,"[-0.007160983979701996, 0.18461856245994568]","[0.4522015452384949, 0.5477984547615051]",0.5477984547615051
00042540.npy,1,1,"[-0.044592440128326416, 0.12083012610673904]","[0.45873841643333435, 0.541261613368988]",0.541261613368988
00042541.npy,0,1,"[-0.16825655102729797, 0.05144693702459335]","[0.44529399275779724, 0.5547059774398804]",0.5547059774398804
00042542.npy,0,1,"[-0.4996595084667206, -0.022557158023118973]","[0.38293659687042236, 0.6170634031295776]",0.6170634031295776
00042543.npy,0,1,"[-0.03650975227355957, 0.2505214214324951]","[0.428730845451355, 0.571269154548645]",0.571269154548645
00042544.npy,1,1,"[-0.43504658341407776, -0.025866158306598663]","[0.3991086483001709, 0.6008913516998291]",0.6008913516998291
00042545.npy,1,1,"[-0.37332209944725037, 0.2282639443874359]","[0.3539808988571167, 0.6460190415382385]",0.6460190415382385
00042546.npy,0,1,"[-0.2016286551952362, 0.24906790256500244]","[0.38919517397880554, 0.6108048558235168]",0.6108048558235168
00042547.npy,1,1,"[-0.0913630798459053, 0.18300491571426392]","[0.4318350851535797, 0.5681648850440979]",0.5681648850440979
00042548.npy,1,1,"[-0.04630197957158089, 0.11987391859292984]","[0.4585513472557068, 0.5414486527442932]",0.5414486527442932
00042549.npy,0,1,"[-0.021698815748095512, 0.031746841967105865]","[0.4866417944431305, 0.5133582353591919]",0.5133582353591919
00042550.npy,1,1,"[0.1428912878036499, 0.5922996997833252]","[0.3895014524459839, 0.6104985475540161]",0.6104985475540161
00042551.npy,1,1,"[0.16129758954048157, 0.613131046295166]","[0.3889249265193939, 0.6110751032829285]",0.6110751032829285
00042552.npy,1,1,"[-0.03857065364718437, 0.16571754217147827]","[0.44910481572151184, 0.5508952140808105]",0.5508952140808105
00042553.npy,0,1,"[-0.08716703951358795, 0.03255937248468399]","[0.47010406851768494, 0.5298959016799927]",0.5298959016799927
00042554.npy,0,1,"[-0.2953987419605255, 0.2952241599559784]","[0.35649195313453674, 0.6435080766677856]",0.6435080766677856
00042555.npy,1,1,"[0.0959501788020134, 0.7228581309318542]","[0.34821197390556335, 0.6517879962921143]",0.6517879962921143
00042556.npy,1,1,"[-0.22299054265022278, 0.09917547553777695]","[0.42014795541763306, 0.5798520445823669]",0.5798520445823669
00042557.npy,1,1,"[-0.0748266875743866, 0.17158138751983643]","[0.43870779871940613, 0.5612922310829163]",0.5612922310829163
00042558.npy,1,1,"[-0.04453209415078163, 0.1016567125916481]","[0.4635177552700043, 0.5364822149276733]",0.5364822149276733
00042559.npy,1,1,"[-0.2012542486190796, -0.10837392508983612]","[0.47679659724235535, 0.5232033729553223]",0.5232033729553223
00042560.npy,0,1,"[-0.1234937384724617, 0.10458485037088394]","[0.44322624802589417, 0.5567737221717834]",0.5567737221717834
00042561.npy,1,1,"[-0.1800290048122406, 0.1804482638835907]","[0.4108440577983856, 0.5891559720039368]",0.5891559720039368
00042562.npy,0,1,"[-0.11476320773363113, 0.27243557572364807]","[0.4043918251991272, 0.5956082344055176]",0.5956082344055176
00042563.npy,1,1,"[-0.14688235521316528, 0.06591469794511795]","[0.4470005929470062, 0.5529993772506714]",0.5529993772506714
00042564.npy,1,1,"[0.062094397842884064, 0.19750535488128662]","[0.4661988914012909, 0.5338010787963867]",0.5338010787963867
00042565.npy,1,1,"[-0.20100471377372742, -0.05305863916873932]","[0.4630807936191559, 0.5369192361831665]",0.5369192361831665
00042566.npy,0,1,"[-0.2240522801876068, 0.18671324849128723]","[0.39872854948043823, 0.601271390914917]",0.601271390914917
00042567.npy,0,1,"[-0.3649703860282898, 0.1760883927345276]","[0.367941290140152, 0.6320586800575256]",0.6320586800575256
00042568.npy,0,1,"[0.011208437383174896, 0.4587614834308624]","[0.3899427056312561, 0.6100572943687439]",0.6100572943687439
00042569.npy,0,1,"[-0.14898955821990967, 0.10072677582502365]","[0.4378933310508728, 0.5621066689491272]",0.5621066689491272
00042570.npy,1,1,"[-0.0846254825592041, 0.1938430368900299]","[0.4308292865753174, 0.5691707134246826]",0.5691707134246826
00042571.npy,1,1,"[-0.2805155813694, -0.010027464479207993]","[0.43278729915618896, 0.5672127604484558]",0.5672127604484558
00042572.npy,0,1,"[-0.4466472566127777, 0.04258017987012863]","[0.380075603723526, 0.6199244260787964]",0.6199244260787964
00042573.npy,0,1,"[0.1542663276195526, 0.48070821166038513]","[0.4191066324710846, 0.5808933973312378]",0.5808933973312378
00042574.npy,0,1,"[-0.15459246933460236, 0.203772634267807]","[0.4113553762435913, 0.5886446237564087]",0.5886446237564087
00042575.npy,0,1,"[-0.2535812258720398, 0.23807930946350098]","[0.3795025050640106, 0.6204975247383118]",0.6204975247383118
00042576.npy,1,1,"[-0.1852641999721527, 0.22927647829055786]","[0.39782387018203735, 0.6021761894226074]",0.6021761894226074
00042577.npy,0,1,"[-0.050436921417713165, -0.0027194246649742126]","[0.4880729019641876, 0.5119271278381348]",0.5119271278381348
00042578.npy,1,1,"[0.20364892482757568, 0.5748419165611267]","[0.4082527756690979, 0.5917471647262573]",0.5917471647262573
00042579.npy,1,1,"[0.06585510075092316, 0.38526827096939087]","[0.4208187758922577, 0.5791811943054199]",0.5791811943054199
00042580.npy,0,1,"[0.015938609838485718, 0.346396803855896]","[0.4181291460990906, 0.5818707942962646]",0.5818707942962646
00042581.npy,1,1,"[-0.049407850950956345, 0.1631791591644287]","[0.4470524787902832, 0.552947461605072]",0.552947461605072
00042582.npy,0,1,"[-0.12739965319633484, 0.043839387595653534]","[0.4572945535182953, 0.5427054762840271]",0.5427054762840271
00042583.npy,0,1,"[-0.01725313812494278, 0.2461870312690735]","[0.4345182478427887, 0.5654817819595337]",0.5654817819595337
00042584.npy,1,1,"[-0.12182936817407608, 0.14943990111351013]","[0.43259552121162415, 0.5674045085906982]",0.5674045085906982
00042585.npy,0,1,"[-0.12541577219963074, 0.27388936281204224]","[0.4014793038368225, 0.5985206961631775]",0.5985206961631775
00042586.npy,1,1,"[0.004721608012914658, 0.28371065855026245]","[0.43070167303085327, 0.5692983865737915]",0.5692983865737915
00042587.npy,1,1,"[-0.013898652046918869, 0.22401878237724304]","[0.44079962372779846, 0.5592003464698792]",0.5592003464698792
00042588.npy,1,1,"[0.10840456932783127, 0.6336491107940674]","[0.37162670493125916, 0.6283733248710632]",0.6283733248710632
00042589.npy,1,1,"[0.031002230942249298, 0.5811158418655396]","[0.36583805084228516, 0.6341619491577148]",0.6341619491577148
00042590.npy,0,1,"[-0.5195825695991516, 0.22190570831298828]","[0.3226787745952606, 0.677321195602417]",0.677321195602417
00042591.npy,0,1,"[-0.15295961499214172, -0.057953350245952606]","[0.4762662649154663, 0.5237336754798889]",0.5237336754798889
00042592.npy,1,1,"[-0.47605350613594055, -0.00012378394603729248]","[0.38321372866630554, 0.6167863011360168]",0.6167863011360168
00042593.npy,0,1,"[0.010508369654417038, 0.3528939187526703]","[0.4152300953865051, 0.5847698450088501]",0.5847698450088501
00042594.npy,0,1,"[0.026479333639144897, 0.3506629168987274]","[0.41965651512145996, 0.58034348487854]",0.58034348487854
00042595.npy,0,1,"[-0.2998860776424408, -0.005617320537567139]","[0.42695915699005127, 0.5730409026145935]",0.5730409026145935
00042596.npy,0,1,"[-0.19195038080215454, 0.0343552827835083]","[0.4436638057231903, 0.5563361644744873]",0.5563361644744873
00042597.npy,0,1,"[-0.3180816173553467, -0.11861628293991089]","[0.45029836893081665, 0.5497016906738281]",0.5497016906738281
00042598.npy,1,1,"[-0.14615215361118317, 0.47087690234184265]","[0.35045742988586426, 0.649542510509491]",0.649542510509491
00042599.npy,0,1,"[-0.00147339329123497, 0.60719233751297]","[0.35236361622810364, 0.647636353969574]",0.647636353969574
00042600.npy,0,1,"[0.016886524856090546, 0.2350839376449585]","[0.44566601514816284, 0.5543339252471924]",0.5543339252471924
00042601.npy,1,1,"[0.017477616667747498, 0.3021771311759949]","[0.42930200695991516, 0.5706979632377625]",0.5706979632377625
00042602.npy,0,1,"[-0.30456727743148804, -0.026794109493494034]","[0.4309997856616974, 0.569000244140625]",0.569000244140625
00042603.npy,1,1,"[-0.35816866159439087, 0.06678115576505661]","[0.395332932472229, 0.604667067527771]",0.604667067527771
00042604.npy,0,1,"[0.07362420111894608, 0.34654051065444946]","[0.43219128251075745, 0.5678086876869202]",0.5678086876869202
00042605.npy,1,1,"[-0.14998561143875122, 0.003312051296234131]","[0.46175044775009155, 0.5382494926452637]",0.5382494926452637
00042606.npy,1,1,"[-0.0701497346162796, 0.1086055114865303]","[0.4554297924041748, 0.5445701479911804]",0.5445701479911804
00042607.npy,1,1,"[-0.14296647906303406, 0.3268579840660095]","[0.38465777039527893, 0.6153421998023987]",0.6153421998023987
00042608.npy,1,1,"[-0.0792611837387085, 0.38744574785232544]","[0.38539597392082214, 0.6146039962768555]",0.6146039962768555
00042609.npy,0,1,"[-0.14651766419410706, 0.3017480671405792]","[0.3897731900215149, 0.6102268099784851]",0.6102268099784851
00042610.npy,1,1,"[-0.004134625196456909, 0.4293680787086487]","[0.3932902216911316, 0.6067097187042236]",0.6067097187042236
00042611.npy,1,1,"[-0.13000667095184326, 0.06544774025678635]","[0.45129138231277466, 0.5487086176872253]",0.5487086176872253
00042612.npy,0,1,"[-0.3184693157672882, 0.05965863913297653]","[0.40657851099967957, 0.5934215188026428]",0.5934215188026428
00042613.npy,0,1,"[-0.01585429534316063, 0.2096518576145172]","[0.44386112689971924, 0.556138813495636]",0.556138813495636
00042614.npy,0,1,"[-0.05011758953332901, 0.6396279335021973]","[0.3340896964073181, 0.6659103035926819]",0.6659103035926819
00042615.npy,0,1,"[-0.2543012797832489, 0.042621806263923645]","[0.42630985379219055, 0.5736901760101318]",0.5736901760101318
00042616.npy,0,1,"[-0.2781056761741638, -0.10279998928308487]","[0.4562854766845703, 0.5437145233154297]",0.5437145233154297
00042617.npy,0,1,"[-0.3035600483417511, -0.0254729725420475]","[0.43092280626296997, 0.56907719373703]",0.56907719373703
00042618.npy,1,1,"[-0.03970924764871597, 0.32039114832878113]","[0.41093528270721436, 0.5890647172927856]",0.5890647172927856
00042619.npy,1,1,"[-0.13517451286315918, 0.03003222495317459]","[0.45879197120666504, 0.5412079691886902]",0.5412079691886902
00042620.npy,1,1,"[-0.3150550425052643, -0.018462568521499634]","[0.426390677690506, 0.5736092925071716]",0.5736092925071716
00042621.npy,1,1,"[-0.07192891091108322, 0.17704617977142334]","[0.4380757808685303, 0.5619242191314697]",0.5619242191314697
00042622.npy,1,1,"[-0.03526707738637924, 0.1898725926876068]","[0.44395166635513306, 0.5560483932495117]",0.5560483932495117
00042623.npy,1,1,"[-0.2528845965862274, 0.07882388681173325]","[0.41782498359680176, 0.5821750164031982]",0.5821750164031982
00042624.npy,1,1,"[0.07693009823560715, 0.7090812921524048]","[0.3470229208469391, 0.6529770493507385]",0.6529770493507385
00042625.npy,1,1,"[-0.14828839898109436, 0.33753931522369385]","[0.38087692856788635, 0.6191230416297913]",0.6191230416297913
00042626.npy,1,1,"[-0.23954805731773376, 0.27044034004211426]","[0.375196248292923, 0.6248037815093994]",0.6248037815093994
00042627.npy,0,1,"[-0.2245820164680481, 0.10139413923025131]","[0.4192200005054474, 0.5807799696922302]",0.5807799696922302
00042628.npy,1,1,"[-0.08389442414045334, 0.12630751729011536]","[0.44764217734336853, 0.5523578524589539]",0.5523578524589539
00042629.npy,1,1,"[-0.29163306951522827, -0.07884791493415833]","[0.4470035433769226, 0.5529964566230774]",0.5529964566230774
00042630.npy,1,1,"[-0.07544640451669693, 0.0971042737364769]","[0.4569690525531769, 0.5430309772491455]",0.5430309772491455
00042631.npy,1,1,"[-0.03651317209005356, 0.23713237047195435]","[0.4320123493671417, 0.5679876804351807]",0.5679876804351807
00042632.npy,1,1,"[-0.09749393165111542, 0.05619790405035019]","[0.4616524875164032, 0.5383474826812744]",0.5383474826812744
00042633.npy,1,1,"[-0.02752598002552986, 0.28933748602867126]","[0.42144033312797546, 0.5785596370697021]",0.5785596370697021
00042634.npy,1,1,"[0.19468370079994202, 0.3847769796848297]","[0.4526192843914032, 0.5473807454109192]",0.5473807454109192
00042635.npy,1,1,"[-0.19724631309509277, 0.13967913389205933]","[0.41655656695365906, 0.5834434628486633]",0.5834434628486633
00042636.npy,1,1,"[-0.0630262941122055, 0.23281949758529663]","[0.4265733063220978, 0.5734266638755798]",0.5734266638755798
00042637.npy,1,1,"[0.035645999014377594, 0.1551932990550995]","[0.4701487123966217, 0.5298513174057007]",0.5298513174057007
00042638.npy,0,1,"[-0.3156943917274475, 0.17249178886413574]","[0.3803209662437439, 0.6196790933609009]",0.6196790933609009
00042639.npy,0,1,"[-0.15130802989006042, 0.09480447322130203]","[0.4387805759906769, 0.5612194538116455]",0.5612194538116455
00042640.npy,0,1,"[-0.37947899103164673, -0.04565654322504997]","[0.4173108637332916, 0.582689106464386]",0.582689106464386
00042641.npy,1,1,"[-0.22583505511283875, 0.13075587153434753]","[0.4117850661277771, 0.5882149338722229]",0.5882149338722229
00042642.npy,1,1,"[0.2520308196544647, 0.4088473916053772]","[0.4608760178089142, 0.5391240119934082]",0.5391240119934082
00042643.npy,1,1,"[0.01996450126171112, 0.45942917466163635]","[0.391868531703949, 0.608131468296051]",0.608131468296051
00042644.npy,1,1,"[0.1037631705403328, 0.7022517323493958]","[0.3546895384788513, 0.6453104615211487]",0.6453104615211487
00042645.npy,1,1,"[0.022602133452892303, 0.6084221005439758]","[0.3575945198535919, 0.6424055099487305]",0.6424055099487305
00042646.npy,0,1,"[-0.2383425235748291, 0.1583833396434784]","[0.40209925174713135, 0.5979007482528687]",0.5979007482528687
00042647.npy,0,1,"[0.12266754359006882, 0.28112146258354187]","[0.46046921610832214, 0.5395308136940002]",0.5395308136940002
00042648.npy,1,1,"[-0.09439893066883087, 0.13567569851875305]","[0.4427337050437927, 0.5572662353515625]",0.5572662353515625
00042649.npy,1,1,"[-0.008464328944683075, 0.08228129893541336]","[0.47732916474342346, 0.5226708650588989]",0.5226708650588989
00042650.npy,1,1,"[0.15507173538208008, 0.24975895881652832]","[0.47634586691856384, 0.5236541032791138]",0.5236541032791138
00042651.npy,1,1,"[0.0006048902869224548, 0.29489609599113464]","[0.42695364356040955, 0.5730463862419128]",0.5730463862419128
00042652.npy,1,1,"[0.1427573263645172, 0.6246238946914673]","[0.3818114399909973, 0.6181885004043579]",0.6181885004043579
00042653.npy,0,1,"[-0.15115956962108612, 0.16090869903564453]","[0.42260998487472534, 0.5773900151252747]",0.5773900151252747
00042654.npy,1,1,"[0.03891013562679291, 0.15676850080490112]","[0.4705694615840912, 0.5294305086135864]",0.5294305086135864
00042655.npy,0,1,"[-0.28538936376571655, 0.015055648982524872]","[0.4254487156867981, 0.5745513439178467]",0.5745513439178467
00042656.npy,0,1,"[-0.18383610248565674, 0.3312259912490845]","[0.37400761246681213, 0.6259924173355103]",0.6259924173355103
00042657.npy,0,1,"[0.0455005019903183, 0.4941736161708832]","[0.3896763026714325, 0.6103237271308899]",0.6103237271308899
00042658.npy,1,1,"[0.037464872002601624, 0.21919021010398865]","[0.4546932876110077, 0.5453066825866699]",0.5453066825866699
00042659.npy,0,1,"[-0.5555551052093506, -0.18111681938171387]","[0.4074689745903015, 0.5925309658050537]",0.5925309658050537
00042660.npy,1,1,"[-0.09305083751678467, 0.2137017548084259]","[0.423907607793808, 0.5760923624038696]",0.5760923624038696
00042661.npy,1,1,"[-0.17915067076683044, 0.2853492200374603]","[0.38591885566711426, 0.6140811443328857]",0.6140811443328857
00042662.npy,1,1,"[-0.15689651668071747, 0.04831346869468689]","[0.4488767683506012, 0.5511232018470764]",0.5511232018470764
00042663.npy,1,1,"[0.11873731762170792, 0.23681890964508057]","[0.47051388025283813, 0.5294861793518066]",0.5294861793518066
00042664.npy,0,1,"[-0.3126763105392456, 0.10111237317323685]","[0.39800402522087097, 0.6019959449768066]",0.6019959449768066
00042665.npy,1,1,"[-0.04375235363841057, 0.003178313374519348]","[0.48826947808265686, 0.5117304921150208]",0.5117304921150208
00042666.npy,1,1,"[-0.09069833159446716, 0.2524653375148773]","[0.4150412082672119, 0.5849588513374329]",0.5849588513374329
00042667.npy,0,1,"[-0.20149445533752441, 0.2991933226585388]","[0.37737902998924255, 0.6226209402084351]",0.6226209402084351
00042668.npy,1,1,"[0.1404120922088623, 0.30052340030670166]","[0.46005746722221375, 0.5399425625801086]",0.5399425625801086
00042669.npy,1,1,"[-0.08645857870578766, 0.4444998800754547]","[0.37029334902763367, 0.629706621170044]",0.629706621170044
00042670.npy,1,1,"[-0.145689457654953, 0.10943727940320969]","[0.43656203150749207, 0.5634379386901855]",0.5634379386901855
00042671.npy,1,1,"[-0.3127056956291199, 0.29513880610466003]","[0.35255104303359985, 0.6474489569664001]",0.6474489569664001
00042672.npy,1,1,"[-0.18581414222717285, 0.0038499832153320312]","[0.4527256190776825, 0.5472744107246399]",0.5472744107246399
00042673.npy,1,1,"[-0.13273385167121887, 0.20052099227905273]","[0.41744890809059143, 0.582551121711731]",0.582551121711731
00042674.npy,1,1,"[-0.19508588314056396, 0.09780719131231308]","[0.4272957444190979, 0.5727042555809021]",0.5727042555809021
00042675.npy,1,1,"[-0.12658578157424927, 0.11221765726804733]","[0.44058123230934143, 0.5594187378883362]",0.5594187378883362
00042676.npy,1,1,"[-0.011986520141363144, 0.23612263798713684]","[0.43828895688056946, 0.5617110729217529]",0.5617110729217529
00042677.npy,1,1,"[-0.10104498267173767, 0.34305065870285034]","[0.3907654881477356, 0.6092344522476196]",0.6092344522476196
00042678.npy,0,1,"[-0.008186083287000656, 0.3360316753387451]","[0.4147852957248688, 0.5852146744728088]",0.5852146744728088
00042679.npy,1,1,"[-0.008831139653921127, 0.11150627583265305]","[0.46995189785957336, 0.5300480723381042]",0.5300480723381042
00042680.npy,1,1,"[-0.1665036678314209, 0.2717962861061096]","[0.39214614033699036, 0.6078538298606873]",0.6078538298606873
00042681.npy,0,1,"[-0.05799476057291031, 0.28107714653015137]","[0.4160349667072296, 0.5839650630950928]",0.5839650630950928
00042682.npy,1,1,"[-0.15366129577159882, 0.1992725133895874]","[0.41267117857933044, 0.5873288512229919]",0.5873288512229919
00042683.npy,0,1,"[0.027169547975063324, 0.61375892162323]","[0.3574177920818329, 0.6425822377204895]",0.6425822377204895
00042684.npy,1,1,"[-0.05174332112073898, 0.02656010538339615]","[0.4804341495037079, 0.5195658802986145]",0.5195658802986145
00042685.npy,1,1,"[-0.09096327424049377, 0.3263624608516693]","[0.39715686440467834, 0.6028431057929993]",0.6028431057929993
00042686.npy,1,1,"[0.037735894322395325, 0.10717036575078964]","[0.4826483726501465, 0.5173516273498535]",0.5173516273498535
00042687.npy,0,1,"[-0.06110389158129692, 0.2494804859161377]","[0.4229721128940582, 0.5770278573036194]",0.5770278573036194
00042688.npy,0,1,"[-0.19582483172416687, 0.10189678519964218]","[0.426114559173584, 0.5738855004310608]",0.5738855004310608
00042689.npy,0,1,"[0.026393890380859375, 0.19944453239440918]","[0.4568449854850769, 0.5431550145149231]",0.5431550145149231
00042690.npy,0,1,"[-0.20878866314888, -0.09910539537668228]","[0.4726066589355469, 0.5273933410644531]",0.5273933410644531
00042691.npy,0,1,"[-0.23423776030540466, 0.19753852486610413]","[0.3937022387981415, 0.6062977313995361]",0.6062977313995361
00042692.npy,1,1,"[0.0651521310210228, 0.28204089403152466]","[0.44598937034606934, 0.5540106296539307]",0.5540106296539307
00042693.npy,0,1,"[-0.021710919216275215, 0.28991588950157166]","[0.4227176904678345, 0.5772823095321655]",0.5772823095321655
00042694.npy,0,1,"[-0.04483963921666145, 0.36648640036582947]","[0.3985942304134369, 0.6014057993888855]",0.6014057993888855
00042695.npy,1,1,"[-0.31196680665016174, 0.1254197061061859]","[0.39236387610435486, 0.6076360940933228]",0.6076360940933228
00042696.npy,1,1,"[-0.2738508880138397, -0.03240526095032692]","[0.43993014097213745, 0.5600698590278625]",0.5600698590278625
00042697.npy,0,1,"[-0.015805505216121674, 0.3916078805923462]","[0.3995325267314911, 0.6004675030708313]",0.6004675030708313
00042698.npy,1,1,"[0.03574008494615555, 0.5331250429153442]","[0.3781554102897644, 0.6218445897102356]",0.6218445897102356
00042699.npy,0,1,"[-0.14825016260147095, 0.2599889636039734]","[0.3993344008922577, 0.6006655693054199]",0.6006655693054199
00042700.npy,1,1,"[-0.1437237560749054, 0.11456986516714096]","[0.4357832372188568, 0.5642167925834656]",0.5642167925834656
00042701.npy,0,1,"[0.029952488839626312, 0.4226371943950653]","[0.40307116508483887, 0.5969287753105164]",0.5969287753105164
00042702.npy,1,1,"[0.2628541588783264, 0.6290527582168579]","[0.4094598889350891, 0.5905401110649109]",0.5905401110649109
00042703.npy,0,1,"[-0.10706352442502975, 0.10287485271692276]","[0.4477073550224304, 0.5522926449775696]",0.5522926449775696
00042704.npy,1,1,"[-0.22899454832077026, 0.22919246554374695]","[0.3874160051345825, 0.6125839948654175]",0.6125839948654175
00042705.npy,0,1,"[-0.2168983519077301, 0.23126986622810364]","[0.3897963762283325, 0.6102036237716675]",0.6102036237716675
00042706.npy,0,1,"[0.011956475675106049, 0.10468930751085281]","[0.47683337330818176, 0.5231665968894958]",0.5231665968894958
00042707.npy,1,1,"[-0.014751415699720383, 0.17200106382369995]","[0.4534471035003662, 0.5465528964996338]",0.5465528964996338
00042708.npy,1,1,"[-0.33006414771080017, -0.08043508976697922]","[0.43791481852531433, 0.5620852112770081]",0.5620852112770081
00042709.npy,0,1,"[-0.19444012641906738, 0.2716910243034363]","[0.3855323791503906, 0.6144676804542542]",0.6144676804542542
00042710.npy,1,1,"[0.002231873571872711, 0.09617254883050919]","[0.47653210163116455, 0.5234678983688354]",0.5234678983688354
00042711.npy,0,1,"[-0.31820058822631836, 0.14197289943695068]","[0.3869446814060211, 0.6130553483963013]",0.6130553483963013
00042712.npy,0,1,"[-0.10628429055213928, 0.196599543094635]","[0.4248526692390442, 0.5751473307609558]",0.5751473307609558
00042713.npy,1,1,"[-0.2621990144252777, 0.15298038721084595]","[0.39767083525657654, 0.6023291349411011]",0.6023291349411011
00042714.npy,1,1,"[-0.1636834740638733, 0.25490325689315796]","[0.396854966878891, 0.6031450033187866]",0.6031450033187866
00042715.npy,1,1,"[-0.18778851628303528, 0.0016862154006958008]","[0.4527725279331207, 0.5472274422645569]",0.5472274422645569
00042716.npy,0,1,"[0.13312211632728577, 0.26393750309944153]","[0.467342734336853, 0.5326573252677917]",0.5326573252677917
00042717.npy,1,1,"[-0.1422804594039917, 0.3838997781276703]","[0.37140822410583496, 0.6285918354988098]",0.6285918354988098
00042718.npy,1,1,"[0.1537684202194214, 0.505156397819519]","[0.41304588317871094, 0.5869541168212891]",0.5869541168212891
00042719.npy,1,1,"[0.05308545380830765, 0.2765390872955322]","[0.4443678557872772, 0.5556321144104004]",0.5556321144104004
00042720.npy,1,1,"[-0.21021056175231934, 0.20430126786231995]","[0.3978307843208313, 0.6021692752838135]",0.6021692752838135
00042721.npy,1,1,"[0.21884718537330627, 0.22866225242614746]","[0.4975462555885315, 0.5024537444114685]",0.5024537444114685
00042722.npy,1,1,"[0.3119717240333557, 0.36595913767814636]","[0.4865064322948456, 0.5134935975074768]",0.5134935975074768
00042723.npy,1,1,"[-0.15726441144943237, 0.4310466945171356]","[0.3570224940776825, 0.6429775357246399]",0.6429775357246399
00042724.npy,0,1,"[-0.020278392359614372, 0.1826787292957306]","[0.44943416118621826, 0.5505658388137817]",0.5505658388137817
00042725.npy,1,1,"[-0.12047182768583298, 0.28314152359962463]","[0.40044450759887695, 0.599555492401123]",0.599555492401123
00042726.npy,0,1,"[-0.13498514890670776, 0.2785298824310303]","[0.3980695903301239, 0.6019303798675537]",0.6019303798675537
00042727.npy,0,1,"[-0.13259832561016083, 0.0775161013007164]","[0.4476637840270996, 0.5523361563682556]",0.5523361563682556
00042728.npy,1,1,"[0.10236942023038864, 0.4108552038669586]","[0.4234844148159027, 0.5765156149864197]",0.5765156149864197
00042729.npy,1,1,"[0.008794605731964111, 0.14102444052696228]","[0.46699059009552, 0.5330093502998352]",0.5330093502998352
00042730.npy,1,1,"[-0.08892979472875595, 0.19131317734718323]","[0.4303942024707794, 0.569605827331543]",0.569605827331543
00042731.npy,0,1,"[0.23104876279830933, 0.46424517035484314]","[0.44196367263793945, 0.5580363869667053]",0.5580363869667053
00042732.npy,1,1,"[-0.16574883460998535, 0.09762684255838394]","[0.43453410267829895, 0.5654659271240234]",0.5654659271240234
00042733.npy,1,1,"[-0.0916614830493927, 0.22661900520324707]","[0.4210948646068573, 0.5789051055908203]",0.5789051055908203
00042734.npy,1,1,"[0.06513998657464981, 0.31784528493881226]","[0.4371577501296997, 0.5628422498703003]",0.5628422498703003
00042735.npy,1,1,"[0.059876397252082825, 0.25759848952293396]","[0.4507298767566681, 0.5492700934410095]",0.5492700934410095
00042736.npy,1,0,"[0.04619397968053818, 0.039669185876846313]","[0.5016312003135681, 0.4983687996864319]",0.4983687996864319
00042737.npy,1,1,"[0.10675472766160965, 0.4820089638233185]","[0.4072720408439636, 0.5927279591560364]",0.5927279591560364
00042738.npy,1,1,"[-0.10875725746154785, 0.2804037928581238]","[0.4039192497730255, 0.5960807204246521]",0.5960807204246521
00042739.npy,1,1,"[-0.05858998000621796, 0.12250400334596634]","[0.45484980940818787, 0.5451501607894897]",0.5451501607894897
00042740.npy,0,1,"[0.020769111812114716, 0.1293439269065857]","[0.4728829264640808, 0.5271170735359192]",0.5271170735359192
00042741.npy,0,1,"[-0.12178260833024979, 0.12749707698822021]","[0.43800079822540283, 0.5619992017745972]",0.5619992017745972
00042742.npy,1,1,"[-0.05993019789457321, 0.030796602368354797]","[0.4773338735103607, 0.5226661562919617]",0.5226661562919617
00042743.npy,0,1,"[-0.0688289925456047, 0.48892274498939514]","[0.36406782269477844, 0.6359321475028992]",0.6359321475028992
00042744.npy,0,1,"[-0.22964757680892944, 0.2625671625137329]","[0.3793719410896301, 0.6206279993057251]",0.6206279993057251
00042745.npy,1,1,"[0.00704776868224144, 0.15962624549865723]","[0.46192920207977295, 0.538070797920227]",0.538070797920227
00042746.npy,1,0,"[0.24616163969039917, 0.07919976860284805]","[0.5416437387466431, 0.45835620164871216]",0.45835620164871216
00042747.npy,1,1,"[-0.1555887758731842, 0.264721542596817]","[0.3964425027370453, 0.6035575270652771]",0.6035575270652771
00042748.npy,0,1,"[0.05334031581878662, 0.4515828788280487]","[0.4017346501350403, 0.5982653498649597]",0.5982653498649597
00042749.npy,1,1,"[-0.04883958026766777, -0.011512696743011475]","[0.4906693398952484, 0.5093306303024292]",0.5093306303024292
00042750.npy,1,1,"[-0.045230790972709656, 0.2277059257030487]","[0.4321862757205963, 0.5678137540817261]",0.5678137540817261
00042751.npy,1,1,"[-0.04948810487985611, 0.243312269449234]","[0.42731842398643494, 0.5726816058158875]",0.5726816058158875
00042752.npy,1,1,"[-0.11661961674690247, 0.18191403150558472]","[0.42591598629951477, 0.5740839838981628]",0.5740839838981628
00042753.npy,0,1,"[0.07856353372335434, 0.343080073595047]","[0.4342537820339203, 0.5657462477684021]",0.5657462477684021
00042754.npy,1,1,"[-0.06075922027230263, 0.20279449224472046]","[0.4344903528690338, 0.5655096769332886]",0.5655096769332886
00042755.npy,1,1,"[0.12624409794807434, 0.4979143440723419]","[0.4081375002861023, 0.5918624997138977]",0.5918624997138977
00042756.npy,1,1,"[0.1411035656929016, 0.3500629961490631]","[0.4479494094848633, 0.5520505905151367]",0.5520505905151367
00042757.npy,0,1,"[-0.018028955906629562, 0.28087925910949707]","[0.42582443356513977, 0.5741755962371826]",0.5741755962371826
00042758.npy,1,1,"[-0.00364772230386734, 0.349486768245697]","[0.41262251138687134, 0.5873774886131287]",0.5873774886131287
00042759.npy,1,1,"[-0.2916681468486786, -0.05075100064277649]","[0.4400603771209717, 0.5599396228790283]",0.5599396228790283
00042760.npy,0,1,"[-0.08164317160844803, 0.16766655445098877]","[0.4379934072494507, 0.5620065927505493]",0.5620065927505493
00042761.npy,0,1,"[0.07035502046346664, 0.47694119811058044]","[0.39973095059394836, 0.6002690196037292]",0.6002690196037292
00042762.npy,1,1,"[0.018003053963184357, 0.39598292112350464]","[0.40661418437957764, 0.5933857560157776]",0.5933857560157776
00042763.npy,0,1,"[0.04145343601703644, 0.7248201966285706]","[0.3355102837085724, 0.6644896864891052]",0.6644896864891052
00042764.npy,0,1,"[-0.566201388835907, -0.09644507616758347]","[0.38467392325401306, 0.6153261065483093]",0.6153261065483093
00042765.npy,0,1,"[0.1998727023601532, 0.5279144644737244]","[0.4187171757221222, 0.5812827944755554]",0.5812827944755554
00042766.npy,1,1,"[-0.09731143712997437, -0.050888776779174805]","[0.48839640617370605, 0.511603593826294]",0.511603593826294
00042767.npy,1,1,"[-0.3595127463340759, -0.012402165681123734]","[0.4140832722187042, 0.5859167575836182]",0.5859167575836182
00042768.npy,0,1,"[0.32345515489578247, 0.7462150454521179]","[0.39585649967193604, 0.6041434407234192]",0.6041434407234192
00042769.npy,1,1,"[-0.25284963846206665, 0.1425360143184662]","[0.4024215042591095, 0.5975785255432129]",0.5975785255432129
00042770.npy,1,1,"[-0.019007179886102676, 0.5504499077796936]","[0.361362099647522, 0.6386378407478333]",0.6386378407478333
00042771.npy,1,1,"[0.48945266008377075, 1.0489739179611206]","[0.36365821957588196, 0.6363417506217957]",0.6363417506217957
00042772.npy,1,1,"[0.23472508788108826, 0.36263513565063477]","[0.46806600689888, 0.5319339632987976]",0.5319339632987976
00042773.npy,1,1,"[-0.015764333307743073, 0.13352692127227783]","[0.46274635195732117, 0.5372536182403564]",0.5372536182403564
00042774.npy,0,1,"[0.030355453491210938, 0.12094756215810776]","[0.47736746072769165, 0.5226325392723083]",0.5226325392723083
00042775.npy,1,1,"[-0.031280070543289185, 0.2095520794391632]","[0.44008129835128784, 0.5599187016487122]",0.5599187016487122
00042776.npy,1,1,"[0.0687243789434433, 0.3110184669494629]","[0.43972110748291016, 0.5602788925170898]",0.5602788925170898
00042777.npy,0,1,"[-0.12660101056098938, 0.3053934872150421]","[0.3936501741409302, 0.6063498258590698]",0.6063498258590698
00042778.npy,0,1,"[-0.17203444242477417, 0.033223457634449005]","[0.4488649368286133, 0.5511350631713867]",0.5511350631713867
00042779.npy,1,1,"[-0.20134615898132324, 0.059214428067207336]","[0.4352259337902069, 0.5647740960121155]",0.5647740960121155
00042780.npy,1,1,"[-0.3327014446258545, -0.13777613639831543]","[0.45142239332199097, 0.548577606678009]",0.548577606678009
00042781.npy,0,0,"[-0.05628418177366257, -0.12674790620803833]","[0.517608642578125, 0.482391357421875]",0.482391357421875
00042782.npy,0,1,"[-0.03115699626505375, 0.029182732105255127]","[0.48491963744163513, 0.5150803327560425]",0.5150803327560425
00042783.npy,1,1,"[-0.17340178787708282, 0.16248542070388794]","[0.4168088734149933, 0.5831910967826843]",0.5831910967826843
00042784.npy,1,1,"[-0.315991073846817, -0.03999456390738487]","[0.43143558502197266, 0.5685644745826721]",0.5685644745826721
00042785.npy,0,1,"[-0.11111998558044434, 0.11520656198263168]","[0.44365864992141724, 0.5563413500785828]",0.5563413500785828
00042786.npy,1,1,"[-0.006890974938869476, 0.22188621759414673]","[0.44305387139320374, 0.5569461584091187]",0.5569461584091187
00042787.npy,1,1,"[-0.13287416100502014, 0.1617077887058258]","[0.4268825054168701, 0.5731174945831299]",0.5731174945831299
00042788.npy,0,1,"[0.07164478302001953, 0.1033552959561348]","[0.49207305908203125, 0.5079270005226135]",0.5079270005226135
00042789.npy,1,1,"[-0.07126626372337341, 0.2266579270362854]","[0.42606499791145325, 0.5739349722862244]",0.5739349722862244
00042790.npy,1,1,"[-0.11184661090373993, 0.2510051131248474]","[0.4102694094181061, 0.5897305607795715]",0.5897305607795715
00042791.npy,1,1,"[0.41062816977500916, 0.8403711318969727]","[0.39418771862983704, 0.6058123111724854]",0.6058123111724854
00042792.npy,0,1,"[-0.1372254490852356, 0.19054871797561646]","[0.4187822937965393, 0.5812177062034607]",0.5812177062034607
00042793.npy,1,1,"[-0.011171184480190277, 0.3768763244152069]","[0.40418741106987, 0.5958125591278076]",0.5958125591278076
00042794.npy,1,1,"[0.004796162247657776, 0.26216360926628113]","[0.4360109567642212, 0.5639890432357788]",0.5639890432357788
00042795.npy,1,1,"[0.11143035441637039, 0.238977313041687]","[0.4681563973426819, 0.5318435430526733]",0.5318435430526733
00042796.npy,1,0,"[-0.048154689371585846, -0.058460891246795654]","[0.5025765299797058, 0.4974234700202942]",0.4974234700202942
00042797.npy,1,1,"[0.29947566986083984, 0.47699472308158875]","[0.4557363986968994, 0.5442635416984558]",0.5442635416984558
00042798.npy,1,1,"[0.17790186405181885, 0.4822196066379547]","[0.42450231313705444, 0.5754976272583008]",0.5754976272583008
00042799.npy,1,1,"[-0.05935096740722656, 0.10526090115308762]","[0.45893970131874084, 0.5410602688789368]",0.5410602688789368
00042800.npy,0,1,"[0.28198811411857605, 0.8192523121833801]","[0.3688242435455322, 0.6311758160591125]",0.6311758160591125
00042801.npy,1,1,"[-0.1094246506690979, 0.0959380641579628]","[0.448839008808136, 0.551160991191864]",0.551160991191864
00042802.npy,1,1,"[0.11751001328229904, 0.4628429710865021]","[0.41451460123062134, 0.5854853987693787]",0.5854853987693787
00042803.npy,1,1,"[0.04948786646127701, 0.3559100925922394]","[0.4239882826805115, 0.5760117173194885]",0.5760117173194885
00042804.npy,1,1,"[-0.12375660985708237, 0.15186461806297302]","[0.43152761459350586, 0.5684723854064941]",0.5684723854064941
00042805.npy,1,1,"[-0.1325966864824295, 0.3424958288669586]","[0.38341161608695984, 0.6165884137153625]",0.6165884137153625
00042806.npy,1,1,"[-0.004732247442007065, 0.25548774003982544]","[0.43530964851379395, 0.564690351486206]",0.564690351486206
00042807.npy,1,1,"[0.25762808322906494, 0.523509681224823]","[0.43391844630241394, 0.5660815238952637]",0.5660815238952637
00042808.npy,1,1,"[-0.12969473004341125, 0.453153520822525]","[0.35827746987342834, 0.6417225003242493]",0.6417225003242493
00042809.npy,1,1,"[-0.1657978594303131, 0.07292687147855759]","[0.4406006336212158, 0.5593993067741394]",0.5593993067741394
00042810.npy,0,1,"[0.14577287435531616, 0.3496710956096649]","[0.4492013454437256, 0.5507987141609192]",0.5507987141609192
00042811.npy,0,1,"[0.036435507237911224, 0.4063347578048706]","[0.40856537222862244, 0.5914345979690552]",0.5914345979690552
00042812.npy,1,1,"[-0.16770869493484497, 0.38691678643226624]","[0.3647919297218323, 0.6352080702781677]",0.6352080702781677
00042813.npy,0,1,"[0.038543082773685455, 0.6126233339309692]","[0.3602958619594574, 0.639704167842865]",0.639704167842865
00042814.npy,0,1,"[0.06913978606462479, 0.4892754852771759]","[0.3964843153953552, 0.6035157442092896]",0.6035157442092896
00042815.npy,0,1,"[0.4148707985877991, 0.8040027618408203]","[0.403926283121109, 0.5960736870765686]",0.5960736870765686
00042816.npy,1,1,"[0.0023394860327243805, 0.6091780066490173]","[0.35278069972991943, 0.6472193002700806]",0.6472193002700806
00042817.npy,1,1,"[-0.530857503414154, -0.0521472692489624]","[0.3825567364692688, 0.6174432635307312]",0.6174432635307312
00042818.npy,1,1,"[-0.13850459456443787, -0.049349769949913025]","[0.4777260422706604, 0.5222739577293396]",0.5222739577293396
00042819.npy,1,1,"[0.07927495986223221, 0.35770368576049805]","[0.43083903193473816, 0.5691609382629395]",0.5691609382629395
00042820.npy,1,1,"[0.03794851899147034, 0.45598194003105164]","[0.3969874382019043, 0.6030125617980957]",0.6030125617980957
00042821.npy,0,1,"[0.07749863713979721, 0.3733932077884674]","[0.4265613853931427, 0.5734385848045349]",0.5734385848045349
00042822.npy,1,1,"[-0.2862773537635803, 0.09135676175355911]","[0.4066976308822632, 0.593302309513092]",0.593302309513092
00042823.npy,1,1,"[-0.08658020198345184, 0.15918868780136108]","[0.43886518478393555, 0.5611348152160645]",0.5611348152160645
00042824.npy,1,1,"[-0.1285053938627243, 0.1982397437095642]","[0.4190328121185303, 0.5809671878814697]",0.5809671878814697
00042825.npy,0,1,"[0.1753033697605133, 0.3122686445713043]","[0.4658121168613434, 0.534187912940979]",0.534187912940979
00042826.npy,1,1,"[-0.13943004608154297, 0.08626524358987808]","[0.4438144862651825, 0.5561855435371399]",0.5561855435371399
00042827.npy,1,1,"[-0.09848854690790176, 0.18357887864112854]","[0.42994701862335205, 0.570052981376648]",0.570052981376648
00042828.npy,1,1,"[-0.04037226364016533, 0.0509859099984169]","[0.47717633843421936, 0.5228236317634583]",0.5228236317634583
00042829.npy,0,1,"[-0.1073092669248581, 0.029883399605751038]","[0.46575552225112915, 0.5342444181442261]",0.5342444181442261
00042830.npy,1,1,"[-0.05972103029489517, 0.31844061613082886]","[0.4065703749656677, 0.5934296250343323]",0.5934296250343323
00042831.npy,0,1,"[-0.24390056729316711, 0.0350320041179657]","[0.43071550130844116, 0.5692845582962036]",0.5692845582962036
00042832.npy,0,1,"[-0.12962688505649567, 0.08354058116674423]","[0.4469090402126312, 0.5530909895896912]",0.5530909895896912
00042833.npy,1,1,"[0.001491013914346695, 0.21266230940818787]","[0.4474025070667267, 0.5525975227355957]",0.5525975227355957
00042834.npy,1,1,"[-0.09557625651359558, 0.2637348473072052]","[0.41112634539604187, 0.5888736844062805]",0.5888736844062805
00042835.npy,1,1,"[0.1242871806025505, 0.3589041829109192]","[0.4416133165359497, 0.5583866238594055]",0.5583866238594055
00042836.npy,0,1,"[-0.3559611141681671, -0.0369967482984066]","[0.42092815041542053, 0.5790718197822571]",0.5790718197822571
00042837.npy,1,1,"[-0.0031801871955394745, 0.1437632441520691]","[0.46333011984825134, 0.536669909954071]",0.536669909954071
00042838.npy,1,1,"[0.061533741652965546, 0.38433966040611267]","[0.4199920892715454, 0.5800079107284546]",0.5800079107284546
00042839.npy,1,1,"[-0.14032116532325745, 0.05571816861629486]","[0.45114651322364807, 0.5488534569740295]",0.5488534569740295
00042840.npy,1,1,"[-0.03245079144835472, 0.27879539132118225]","[0.4228106141090393, 0.5771894454956055]",0.5771894454956055
00042841.npy,1,1,"[-0.09496159851551056, 0.22606143355369568]","[0.42042645812034607, 0.5795735120773315]",0.5795735120773315
00042842.npy,1,1,"[-0.25305455923080444, 0.13331681489944458]","[0.4045911133289337, 0.5954088568687439]",0.5954088568687439
00042843.npy,0,1,"[-0.18163800239562988, 0.286909282207489]","[0.3849601447582245, 0.6150398850440979]",0.6150398850440979
00042844.npy,0,1,"[-0.09070922434329987, 0.1064084991812706]","[0.4508795142173767, 0.5491204857826233]",0.5491204857826233
00042845.npy,1,1,"[-0.3341439366340637, -0.03590259701013565]","[0.42598745226860046, 0.5740125775337219]",0.5740125775337219
00042846.npy,0,1,"[0.01058226078748703, 0.4407225549221039]","[0.394092857837677, 0.6059072017669678]",0.6059072017669678
00042847.npy,1,1,"[-0.15372824668884277, 0.004194051027297974]","[0.46060124039649963, 0.539398729801178]",0.539398729801178
00042848.npy,0,1,"[-0.12824848294258118, 0.09273906797170639]","[0.4449768662452698, 0.555023193359375]",0.555023193359375
00042849.npy,1,1,"[-0.01831265538930893, 0.05808895826339722]","[0.4809088706970215, 0.5190911293029785]",0.5190911293029785
00042850.npy,0,1,"[0.3626807630062103, 0.7827694416046143]","[0.396495521068573, 0.6035044193267822]",0.6035044193267822
00042851.npy,0,1,"[-0.10124479234218597, 0.26108235120773315]","[0.4103963375091553, 0.5896036624908447]",0.5896036624908447
00042852.npy,1,1,"[0.0034335926175117493, 0.23229190707206726]","[0.4430338442325592, 0.5569661855697632]",0.5569661855697632
00042853.npy,0,1,"[-0.1874508261680603, 0.44804564118385315]","[0.3462652862071991, 0.6537347435951233]",0.6537347435951233
00042854.npy,1,1,"[0.16304492950439453, 0.31922975182533264]","[0.4610329568386078, 0.5389670133590698]",0.5389670133590698
00042855.npy,1,1,"[-0.0978008508682251, 0.20264080166816711]","[0.4254494905471802, 0.574550449848175]",0.574550449848175
00042856.npy,1,1,"[-0.14260068535804749, 0.08059654384851456]","[0.44443121552467346, 0.5555688142776489]",0.5555688142776489
00042857.npy,1,1,"[-0.2441195547580719, 0.29211172461509705]","[0.36906471848487854, 0.6309353113174438]",0.6309353113174438
00042858.npy,1,1,"[-0.36466512084007263, 0.0108121857047081]","[0.40721815824508667, 0.5927818417549133]",0.5927818417549133
00042859.npy,0,1,"[-0.03937506675720215, 0.2594815492630005]","[0.4258370101451874, 0.574163019657135]",0.574163019657135
00042860.npy,1,1,"[0.12115151435136795, 0.23537379503250122]","[0.4714754521846771, 0.5285245776176453]",0.5285245776176453
00042861.npy,1,1,"[-0.11332828551530838, 0.29926106333732605]","[0.3982914090156555, 0.6017085909843445]",0.6017085909843445
00042862.npy,1,1,"[-0.24178546667099, -0.0760493203997612]","[0.4586605429649353, 0.5413394570350647]",0.5413394570350647
00042863.npy,0,1,"[-0.07524354755878448, 0.20044583082199097]","[0.43151089549064636, 0.5684890747070312]",0.5684890747070312
00042864.npy,0,1,"[-0.09632129967212677, 0.19438645243644714]","[0.42783060669898987, 0.5721694231033325]",0.5721694231033325
00042865.npy,1,1,"[-0.1568947583436966, 0.017560139298439026]","[0.45649653673171997, 0.5435034036636353]",0.5435034036636353
00042866.npy,1,1,"[-0.061345335096120834, 0.3218764066696167]","[0.40535008907318115, 0.5946499109268188]",0.5946499109268188
00042867.npy,1,1,"[0.08719445019960403, 0.22521322965621948]","[0.4655499756336212, 0.5344500541687012]",0.5344500541687012
00042868.npy,1,1,"[0.024053290486335754, 0.49884268641471863]","[0.38348329067230225, 0.6165167689323425]",0.6165167689323425
00042869.npy,1,1,"[-0.07373747229576111, 0.06993090361356735]","[0.46414458751678467, 0.5358554720878601]",0.5358554720878601
00042870.npy,1,1,"[0.1597873568534851, 0.48889175057411194]","[0.4184585511684418, 0.5815414190292358]",0.5815414190292358
00042871.npy,1,1,"[-0.013454854488372803, 0.3929860293865204]","[0.39976584911346436, 0.6002341508865356]",0.6002341508865356
00042872.npy,0,1,"[0.22022980451583862, 0.3348407745361328]","[0.4713785946369171, 0.5286214351654053]",0.5286214351654053
00042873.npy,1,1,"[0.038122422993183136, 0.2943451404571533]","[0.43629246950149536, 0.5637075304985046]",0.5637075304985046
00042874.npy,0,1,"[-0.25711938738822937, -0.04644077271223068]","[0.4475243091583252, 0.5524757504463196]",0.5524757504463196
00042875.npy,1,1,"[-0.03301573917269707, 0.31699734926223755]","[0.4133792519569397, 0.5866207480430603]",0.5866207480430603
00042876.npy,0,1,"[0.062352001667022705, 0.4716629683971405]","[0.3990773558616638, 0.6009226441383362]",0.6009226441383362
00042877.npy,0,1,"[-0.04748918488621712, 0.3826933801174164]","[0.3940827250480652, 0.6059172749519348]",0.6059172749519348
00042878.npy,1,1,"[-0.03453093394637108, 0.07937503606081009]","[0.4715542793273926, 0.5284457206726074]",0.5284457206726074
00042879.npy,0,1,"[-0.004721146076917648, 0.4804639518260956]","[0.38102850317955017, 0.6189715266227722]",0.6189715266227722
00042880.npy,1,1,"[0.03430073708295822, 0.40155497193336487]","[0.4092046618461609, 0.5907953381538391]",0.5907953381538391
00042881.npy,1,1,"[0.0862087830901146, 0.43692880868911743]","[0.4132078289985657, 0.5867921710014343]",0.5867921710014343
00042882.npy,1,1,"[-9.812042117118835e-05, 0.19262149930000305]","[0.45196864008903503, 0.5480313301086426]",0.5480313301086426
00042883.npy,1,1,"[0.06808806210756302, 0.3945404291152954]","[0.41910409927368164, 0.5808959603309631]",0.5808959603309631
00042884.npy,1,1,"[-0.07486820966005325, -0.04691188409924507]","[0.49301138520240784, 0.5069886445999146]",0.5069886445999146
00042885.npy,1,1,"[0.10993588715791702, 0.45235463976860046]","[0.41522201895713806, 0.5847779512405396]",0.5847779512405396
00042886.npy,1,1,"[0.0678158700466156, 0.5866132974624634]","[0.37313348054885864, 0.6268665194511414]",0.6268665194511414
00042887.npy,1,1,"[-0.16156697273254395, 0.16387632489204407]","[0.4193497598171234, 0.580650269985199]",0.580650269985199
00042888.npy,1,1,"[-0.09910520911216736, 0.22101670503616333]","[0.4206460416316986, 0.5793539881706238]",0.5793539881706238
00042889.npy,1,1,"[0.018983639776706696, 0.25521257519721985]","[0.4412158727645874, 0.5587841272354126]",0.5587841272354126
00042890.npy,1,1,"[-0.06453663110733032, 0.34868019819259644]","[0.3981410562992096, 0.6018589735031128]",0.6018589735031128
00042891.npy,1,1,"[-0.23932820558547974, 0.3032572865486145]","[0.3675863444805145, 0.6324136853218079]",0.6324136853218079
00042892.npy,1,1,"[-0.13220533728599548, 0.06267265230417252]","[0.45143410563468933, 0.5485658645629883]",0.5485658645629883
00042893.npy,0,1,"[-0.37113437056541443, -0.05102933943271637]","[0.4206501543521881, 0.5793498158454895]",0.5793498158454895
00042894.npy,1,1,"[-0.11956937611103058, 0.2601936161518097]","[0.40618404746055603, 0.5938159227371216]",0.5938159227371216
00042895.npy,1,1,"[-0.016994107514619827, 0.2361137568950653]","[0.4370587170124054, 0.562941312789917]",0.562941312789917
00042896.npy,0,1,"[0.031324900686740875, 0.41121676564216614]","[0.40615296363830566, 0.5938470363616943]",0.5938470363616943
00042897.npy,1,1,"[-0.07540316134691238, 0.11446576565504074]","[0.45267483592033386, 0.5473251342773438]",0.5473251342773438
00042898.npy,0,1,"[-0.06074073910713196, 0.25928011536598206]","[0.42067068815231323, 0.5793293714523315]",0.5793293714523315
00042899.npy,1,1,"[0.15481114387512207, 0.7123801112174988]","[0.36411014199256897, 0.6358898282051086]",0.6358898282051086
00042900.npy,1,1,"[-0.08566422760486603, 0.13100340962409973]","[0.44604402780532837, 0.5539560317993164]",0.5539560317993164
00042901.npy,1,1,"[-0.11916264146566391, 0.26426923274993896]","[0.40529942512512207, 0.5947005152702332]",0.5947005152702332
00042902.npy,1,1,"[-0.06729335337877274, 0.3874987065792084]","[0.38822200894355774, 0.6117779612541199]",0.6117779612541199
00042903.npy,1,1,"[-0.04953693598508835, 0.5030893683433533]","[0.36525532603263855, 0.6347447037696838]",0.6347447037696838
00042904.npy,1,1,"[-0.08948816359043121, 0.14938107132911682]","[0.4405650496482849, 0.5594349503517151]",0.5594349503517151
00042905.npy,1,1,"[-0.0822412446141243, 0.0685010626912117]","[0.4623856544494629, 0.5376144051551819]",0.5376144051551819
00042906.npy,0,1,"[-0.24904516339302063, 0.09232421964406967]","[0.41547685861587524, 0.58452308177948]",0.58452308177948
00042907.npy,1,1,"[-0.09446759521961212, 0.25476890802383423]","[0.41356757283210754, 0.5864323973655701]",0.5864323973655701
00042908.npy,0,1,"[-0.1950123906135559, 0.14394235610961914]","[0.41606342792510986, 0.5839365720748901]",0.5839365720748901
00042909.npy,1,1,"[0.2520042061805725, 0.4063282310962677]","[0.46149536967277527, 0.5385046005249023]",0.5385046005249023
00042910.npy,0,1,"[-0.23270490765571594, 0.12901601195335388]","[0.4105430245399475, 0.5894569754600525]",0.5894569754600525
00042911.npy,1,1,"[-0.09126385301351547, 0.18378475308418274]","[0.43166810274124146, 0.5683318972587585]",0.5683318972587585
00042912.npy,1,1,"[-0.08147396147251129, 0.38572341203689575]","[0.3852797746658325, 0.6147201657295227]",0.6147201657295227
00042913.npy,1,1,"[-0.18638381361961365, 0.14501169323921204]","[0.41790109872817993, 0.5820988416671753]",0.5820988416671753
00042914.npy,1,1,"[-0.005421429872512817, 0.2930656969547272]","[0.42592737078666687, 0.5740726590156555]",0.5740726590156555
00042915.npy,0,1,"[-0.1977957785129547, 0.1396752893924713]","[0.4164239168167114, 0.5835760831832886]",0.5835760831832886
00042916.npy,0,1,"[0.025003649294376373, 0.15005183219909668]","[0.4687786102294922, 0.5312213897705078]",0.5312213897705078
00042917.npy,0,1,"[-0.13522930443286896, 0.18365409970283508]","[0.4209478795528412, 0.5790520906448364]",0.5790520906448364
00042918.npy,1,1,"[-0.0688791275024414, 0.2867167294025421]","[0.4120260775089264, 0.5879738926887512]",0.5879738926887512
00042919.npy,1,1,"[0.11497535556554794, 0.2374434769153595]","[0.4694211781024933, 0.5305787920951843]",0.5305787920951843
00042920.npy,0,1,"[0.012004926800727844, 0.18374916911125183]","[0.45716917514801025, 0.5428308248519897]",0.5428308248519897
00042921.npy,1,1,"[0.10551448911428452, 0.547228991985321]","[0.3913325369358063, 0.6086674928665161]",0.6086674928665161
00042922.npy,1,1,"[-0.21841666102409363, 0.20112571120262146]","[0.3966262638568878, 0.6033737063407898]",0.6033737063407898
00042923.npy,1,1,"[0.05046343803405762, 0.5216091275215149]","[0.3843451142311096, 0.6156548857688904]",0.6156548857688904
00042924.npy,0,1,"[0.15504565834999084, 0.39790523052215576]","[0.4395817518234253, 0.5604182481765747]",0.5604182481765747
00042925.npy,1,1,"[-0.20006594061851501, 0.06857118755578995]","[0.43324172496795654, 0.5667582750320435]",0.5667582750320435
00042926.npy,0,1,"[0.05061957240104675, 0.36738479137420654]","[0.42146429419517517, 0.5785356760025024]",0.5785356760025024
00042927.npy,0,1,"[-0.1963101029396057, 0.19977086782455444]","[0.4022543132305145, 0.5977457165718079]",0.5977457165718079
00042928.npy,0,1,"[-0.13539956510066986, 0.12621894478797913]","[0.43496590852737427, 0.5650340914726257]",0.5650340914726257
00042929.npy,0,1,"[-0.13035278022289276, 0.27360665798187256]","[0.40036141872406006, 0.5996385812759399]",0.5996385812759399
00042930.npy,1,1,"[-0.1629350185394287, 0.21688207983970642]","[0.4061710238456726, 0.5938290357589722]",0.5938290357589722
00042931.npy,1,1,"[-0.14012974500656128, 0.1582527458667755]","[0.4259529113769531, 0.5740470290184021]",0.5740470290184021
00042932.npy,1,1,"[0.13436812162399292, 0.5164821743965149]","[0.4056171178817749, 0.5943828821182251]",0.5943828821182251
00042933.npy,1,1,"[-0.14415794610977173, 0.07076022773981094]","[0.4464763104915619, 0.5535236597061157]",0.5535236597061157
00042934.npy,1,1,"[-0.4650680720806122, 0.03340215981006622]","[0.37790024280548096, 0.622099757194519]",0.622099757194519
00042935.npy,1,1,"[-0.28142479062080383, 0.10978364199399948]","[0.4034264087677002, 0.596573531627655]",0.596573531627655
00042936.npy,0,1,"[-0.020784657448530197, 0.12108663469552994]","[0.4645915627479553, 0.5354084372520447]",0.5354084372520447
00042937.npy,1,1,"[0.05139581114053726, 0.38551658391952515]","[0.4172383248806, 0.5827617049217224]",0.5827617049217224
00042938.npy,1,1,"[0.03558185696601868, 0.1264995038509369]","[0.4772862493991852, 0.5227137804031372]",0.5227137804031372
00042939.npy,0,1,"[0.1409272849559784, 0.181493878364563]","[0.48985975980758667, 0.5101402401924133]",0.5101402401924133
00042940.npy,1,1,"[-0.09228295832872391, 0.08225635439157486]","[0.4564756155014038, 0.5435243844985962]",0.5435243844985962
00042941.npy,0,1,"[0.10015330463647842, 0.36514177918434143]","[0.43413782119750977, 0.5658621788024902]",0.5658621788024902
00042942.npy,1,1,"[0.08689404278993607, 0.29430124163627625]","[0.4483332931995392, 0.5516666769981384]",0.5516666769981384
00042943.npy,1,1,"[-0.12060394138097763, 0.3458864390850067]","[0.38544726371765137, 0.6145527362823486]",0.6145527362823486
00042944.npy,0,1,"[0.0028844624757766724, 0.4630337655544281]","[0.38695043325424194, 0.6130495667457581]",0.6130495667457581
00042945.npy,0,1,"[0.008408252149820328, 0.2718670666217804]","[0.434513658285141, 0.5654863715171814]",0.5654863715171814
00042946.npy,1,1,"[0.02441229671239853, 0.2578730583190918]","[0.4418984651565552, 0.5581015348434448]",0.5581015348434448
00042947.npy,0,1,"[-0.24553731083869934, -0.13519132137298584]","[0.4724414646625519, 0.5275585055351257]",0.5275585055351257
00042948.npy,1,1,"[0.2035156786441803, 0.5862070918083191]","[0.405477911233902, 0.5945221185684204]",0.5945221185684204
00042949.npy,1,1,"[-0.07491517812013626, 0.23447349667549133]","[0.4232639670372009, 0.5767360329627991]",0.5767360329627991
00042950.npy,1,1,"[-0.21711379289627075, 0.047277309000492096]","[0.43428459763526917, 0.5657154321670532]",0.5657154321670532
00042951.npy,1,1,"[0.10385137051343918, 0.45833149552345276]","[0.4122963845729828, 0.5877035856246948]",0.5877035856246948
00042952.npy,0,1,"[-0.2998681366443634, 0.1104254201054573]","[0.3988417387008667, 0.6011582612991333]",0.6011582612991333
00042953.npy,1,1,"[-0.15157151222229004, 0.2288077175617218]","[0.406035453081131, 0.5939645767211914]",0.5939645767211914
00042954.npy,0,1,"[0.2638837397098541, 0.42012810707092285]","[0.4610181748867035, 0.5389817953109741]",0.5389817953109741
00042955.npy,1,1,"[-0.07567968219518661, 0.2505313754081726]","[0.4191628098487854, 0.5808371901512146]",0.5808371901512146
00042956.npy,1,1,"[-0.3513862192630768, 0.06588440388441086]","[0.3971700668334961, 0.6028299331665039]",0.6028299331665039
00042957.npy,1,1,"[0.032572418451309204, 0.4348335564136505]","[0.4007692039012909, 0.5992308259010315]",0.5992308259010315
00042958.npy,1,1,"[-0.22244474291801453, 0.1074155941605568]","[0.4182746112346649, 0.5817253589630127]",0.5817253589630127
00042959.npy,1,1,"[-0.08773173391819, 0.1968412697315216]","[0.42933300137519836, 0.570667028427124]",0.570667028427124
00042960.npy,1,1,"[0.15394800901412964, 0.4429526627063751]","[0.4282475709915161, 0.5717524886131287]",0.5717524886131287
00042961.npy,0,1,"[-0.07387276738882065, 0.28166812658309937]","[0.4120394289493561, 0.5879606008529663]",0.5879606008529663
00042962.npy,1,1,"[-0.016944188624620438, 0.0241253599524498]","[0.48973408341407776, 0.5102659463882446]",0.5102659463882446
00042963.npy,1,1,"[-0.13101056218147278, 0.06549321860074997]","[0.45103150606155396, 0.5489684343338013]",0.5489684343338013
00042964.npy,1,1,"[-0.012948624789714813, 0.10999754816293716]","[0.46930211782455444, 0.5306978821754456]",0.5306978821754456
00042965.npy,1,1,"[-0.022046944126486778, 0.01983175426721573]","[0.48953187465667725, 0.5104681849479675]",0.5104681849479675
00042966.npy,0,1,"[0.04001093655824661, 0.1894269585609436]","[0.4627153277397156, 0.5372846722602844]",0.5372846722602844
00042967.npy,1,1,"[-0.13558214902877808, 0.3394615948200226]","[0.38342317938804626, 0.6165768504142761]",0.6165768504142761
00042968.npy,1,0,"[-0.10000200569629669, -0.12487158179283142]","[0.5062170624732971, 0.4937829077243805]",0.4937829077243805
00042969.npy,0,1,"[-0.15946465730667114, 0.1810445487499237]","[0.4156858026981354, 0.584314227104187]",0.584314227104187
00042970.npy,1,1,"[-0.05220944806933403, 0.28284263610839844]","[0.41701191663742065, 0.5829881429672241]",0.5829881429672241
00042971.npy,1,1,"[0.07951847463846207, 0.23432999849319458]","[0.4613742232322693, 0.5386257171630859]",0.5386257171630859
00042972.npy,1,1,"[0.006640937179327011, 0.1728379726409912]","[0.45854613184928894, 0.5414538383483887]",0.5414538383483887
00042973.npy,1,1,"[0.09220250695943832, 0.4705292880535126]","[0.4065305292606354, 0.593469500541687]",0.593469500541687
00042974.npy,0,1,"[-0.10375905781984329, 0.2749744951725006]","[0.4064323902130127, 0.5935676097869873]",0.5935676097869873
00042975.npy,1,1,"[-0.05397581309080124, 0.23181936144828796]","[0.4290336072444916, 0.5709664225578308]",0.5709664225578308
00042976.npy,0,1,"[-0.1847820281982422, 0.0385555699467659]","[0.4443965554237366, 0.5556035041809082]",0.5556035041809082
00042977.npy,0,1,"[-0.0886886715888977, 0.3986169695854187]","[0.3805285096168518, 0.6194714903831482]",0.6194714903831482
00042978.npy,0,1,"[-0.350607305765152, -0.0799206793308258]","[0.4327385425567627, 0.5672614574432373]",0.5672614574432373
00042979.npy,1,1,"[-0.24035245180130005, 0.14902997016906738]","[0.4038659632205963, 0.5961340069770813]",0.5961340069770813
00042980.npy,1,1,"[0.10558412224054337, 0.40115493535995483]","[0.4266405999660492, 0.5733593702316284]",0.5733593702316284
00042981.npy,0,1,"[-0.0824815183877945, 0.37843087315559387]","[0.3867693841457367, 0.6132305860519409]",0.6132305860519409
00042982.npy,0,1,"[-0.2739254832267761, 0.1824163794517517]","[0.3878540098667145, 0.6121459603309631]",0.6121459603309631
00042983.npy,1,1,"[0.1118127778172493, 0.17139467597007751]","[0.4851089119911194, 0.5148910284042358]",0.5148910284042358
00042984.npy,1,1,"[-0.05041007325053215, 0.42328599095344543]","[0.3837418258190155, 0.6162582039833069]",0.6162582039833069
00042985.npy,0,1,"[-0.2162889838218689, 0.052079908549785614]","[0.43330758810043335, 0.5666924118995667]",0.5666924118995667
00042986.npy,0,1,"[0.1144057884812355, 0.4914540946483612]","[0.4068390130996704, 0.5931609869003296]",0.5931609869003296
00042987.npy,1,1,"[-0.13390092551708221, 0.1913931965827942]","[0.4193860590457916, 0.580613911151886]",0.580613911151886
00042988.npy,1,1,"[0.16177162528038025, 0.5093320608139038]","[0.4139741361141205, 0.5860258340835571]",0.5860258340835571
00042989.npy,1,1,"[0.12058702856302261, 0.13959291577339172]","[0.4952486753463745, 0.5047513246536255]",0.5047513246536255
00042990.npy,1,1,"[-0.013555530458688736, 0.40823036432266235]","[0.39608946442604065, 0.603910505771637]",0.603910505771637
00042991.npy,0,1,"[-0.08433125913143158, 0.19914421439170837]","[0.42960190773010254, 0.5703980326652527]",0.5703980326652527
00042992.npy,1,1,"[0.198043555021286, 0.4838353097438812]","[0.42903441190719604, 0.570965588092804]",0.570965588092804
00042993.npy,1,1,"[-0.09333236515522003, 0.1632397472858429]","[0.43620654940605164, 0.563793420791626]",0.563793420791626
00042994.npy,1,1,"[0.08441136032342911, 0.15894648432731628]","[0.4813748300075531, 0.5186251401901245]",0.5186251401901245
00042995.npy,1,1,"[0.005325954407453537, 0.16886234283447266]","[0.45920678973197937, 0.540793240070343]",0.540793240070343
00042996.npy,1,1,"[-0.11223746091127396, 0.12523981928825378]","[0.44090813398361206, 0.5590918660163879]",0.5590918660163879
00042997.npy,1,1,"[-0.12606306374073029, 0.08530036360025406]","[0.4473550021648407, 0.5526449680328369]",0.5526449680328369
00042998.npy,0,1,"[-0.17538535594940186, 0.5083930492401123]","[0.3354185223579407, 0.6645814776420593]",0.6645814776420593
00042999.npy,0,1,"[0.238153874874115, 0.5640686750411987]","[0.419234961271286, 0.5807650685310364]",0.5807650685310364
00043000.npy,1,1,"[-0.3151957392692566, 0.28103527426719666]","[0.3552064597606659, 0.6447935700416565]",0.6447935700416565
00043001.npy,1,1,"[0.19986635446548462, 0.3036979138851166]","[0.4740653932094574, 0.5259345769882202]",0.5259345769882202
00043002.npy,1,1,"[-0.09190360456705093, 0.0973295196890831]","[0.4528324007987976, 0.5471675992012024]",0.5471675992012024
00043003.npy,1,1,"[-0.3697259724140167, -0.022057950496673584]","[0.41394802927970886, 0.5860519409179688]",0.5860519409179688
00043004.npy,1,1,"[0.13208076357841492, 0.8025551438331604]","[0.33839064836502075, 0.6616093516349792]",0.6616093516349792
00043005.npy,1,1,"[-0.03769783303141594, 0.194950133562088]","[0.4420989155769348, 0.5579010248184204]",0.5579010248184204
00043006.npy,0,1,"[0.22526371479034424, 0.6802486181259155]","[0.38817623257637024, 0.6118237972259521]",0.6118237972259521
00043007.npy,1,1,"[0.057871684432029724, 0.33963504433631897]","[0.4300214946269989, 0.5699784755706787]",0.5699784755706787
00043008.npy,1,1,"[-0.26981768012046814, -0.15886802971363068]","[0.4722910225391388, 0.5277089476585388]",0.5277089476585388
00043009.npy,0,1,"[-0.23416155576705933, 0.03377694636583328]","[0.4334132969379425, 0.5665867328643799]",0.5665867328643799
00043010.npy,1,1,"[-0.11064036190509796, 0.10890568047761917]","[0.44533291459083557, 0.5546671152114868]",0.5546671152114868
00043011.npy,1,1,"[-0.36431455612182617, 0.0573907271027565]","[0.3961087763309479, 0.6038911938667297]",0.6038911938667297
00043012.npy,1,1,"[-0.19116082787513733, 0.03505156189203262]","[0.4436868131160736, 0.556313157081604]",0.556313157081604
00043013.npy,0,1,"[-0.12850284576416016, 0.2050647735595703]","[0.41737285256385803, 0.5826271772384644]",0.5826271772384644
00043014.npy,1,1,"[-0.37122267484664917, -0.09576359391212463]","[0.43156740069389343, 0.568432629108429]",0.568432629108429
00043015.npy,1,1,"[0.0010157860815525055, 0.033809296786785126]","[0.4918023347854614, 0.5081976652145386]",0.5081976652145386
00043016.npy,1,1,"[0.07803573459386826, 0.5030907988548279]","[0.3953077793121338, 0.604692280292511]",0.604692280292511
00043017.npy,1,1,"[0.09870810061693192, 0.1525110900402069]","[0.48655250668525696, 0.5134475231170654]",0.5134475231170654
00043018.npy,1,1,"[0.06441733241081238, 0.2644824981689453]","[0.45014989376068115, 0.5498501062393188]",0.5498501062393188
00043019.npy,1,1,"[0.05818196386098862, 0.5525176525115967]","[0.37887272238731384, 0.6211272478103638]",0.6211272478103638
00043020.npy,1,1,"[-0.03962374106049538, 0.3590472638607025]","[0.4016316831111908, 0.5983682870864868]",0.5983682870864868
00043021.npy,1,1,"[0.030716829001903534, 0.07774438709020615]","[0.48824527859687805, 0.5117546916007996]",0.5117546916007996
00043022.npy,1,1,"[-0.061231814324855804, 0.27387735247612]","[0.4169979691505432, 0.583001971244812]",0.583001971244812
00043023.npy,1,1,"[-0.1668994426727295, 0.1667807698249817]","[0.41734546422958374, 0.5826545357704163]",0.5826545357704163
00043024.npy,0,1,"[-0.5608643889427185, -0.25549957156181335]","[0.42424654960632324, 0.5757534503936768]",0.5757534503936768
00043025.npy,0,1,"[-0.1285625845193863, 0.17877507209777832]","[0.423764705657959, 0.5762352347373962]",0.5762352347373962
00043026.npy,0,1,"[-0.0533008836209774, 0.5819010138511658]","[0.34633195400238037, 0.6536680459976196]",0.6536680459976196
00043027.npy,1,1,"[-0.015376348048448563, 0.20864230394363403]","[0.4442284107208252, 0.5557716488838196]",0.5557716488838196
00043028.npy,1,1,"[-0.02822347730398178, 0.15493199229240417]","[0.4543386995792389, 0.5456612706184387]",0.5456612706184387
00043029.npy,1,1,"[-0.022714052349328995, 0.6730976700782776]","[0.33274146914482117, 0.6672585010528564]",0.6672585010528564
00043030.npy,1,1,"[0.1460326611995697, 0.5011152029037476]","[0.41215047240257263, 0.587849497795105]",0.587849497795105
00043031.npy,1,1,"[0.13332632184028625, 0.5188157558441162]","[0.404803603887558, 0.5951964259147644]",0.5951964259147644
00043032.npy,1,1,"[0.0258554145693779, 0.3240557014942169]","[0.4259974956512451, 0.5740025043487549]",0.5740025043487549
00043033.npy,0,1,"[-0.22587722539901733, 0.3494092524051666]","[0.36001789569854736, 0.6399821043014526]",0.6399821043014526
00043034.npy,1,1,"[-0.04305947571992874, 0.3526637554168701]","[0.4023403525352478, 0.597659707069397]",0.597659707069397
00043035.npy,0,1,"[0.0603092685341835, 0.4169304668903351]","[0.41177770495414734, 0.5882222652435303]",0.5882222652435303
00043036.npy,1,1,"[-0.06777217984199524, 0.3693991005420685]","[0.39241519570350647, 0.6075847744941711]",0.6075847744941711
00043037.npy,0,1,"[-0.11051404476165771, 0.1756347119808197]","[0.42894697189331055, 0.5710530281066895]",0.5710530281066895
00043038.npy,1,1,"[-0.1171671450138092, 0.06323809921741486]","[0.45502060651779175, 0.5449793934822083]",0.5449793934822083
00043039.npy,1,1,"[-0.18576014041900635, 0.19217538833618164]","[0.4066249132156372, 0.5933750867843628]",0.5933750867843628
00043040.npy,1,1,"[-0.027108024805784225, 0.16604381799697876]","[0.4518616199493408, 0.5481383800506592]",0.5481383800506592
00043041.npy,1,1,"[-0.2423560917377472, -0.03900173306465149]","[0.44933587312698364, 0.5506641268730164]",0.5506641268730164
00043042.npy,1,1,"[0.19450199604034424, 0.3494500517845154]","[0.4613403081893921, 0.5386596918106079]",0.5386596918106079
00043043.npy,1,1,"[0.036838456988334656, 0.13349443674087524]","[0.4758547842502594, 0.5241451859474182]",0.5241451859474182
00043044.npy,1,1,"[-0.19701632857322693, -0.037597764283418655]","[0.4602295160293579, 0.5397704243659973]",0.5397704243659973
00043045.npy,0,1,"[-0.33452650904655457, -0.08718915283679962]","[0.4384789764881134, 0.5615209937095642]",0.5615209937095642
00043046.npy,1,1,"[0.03375762701034546, 0.4156668782234192]","[0.4056665003299713, 0.5943335294723511]",0.5943335294723511
00043047.npy,1,1,"[-0.07220988720655441, 0.2846558094024658]","[0.411718487739563, 0.5882814526557922]",0.5882814526557922
00043048.npy,1,1,"[-0.08596868813037872, 0.04426414519548416]","[0.46748772263526917, 0.5325123071670532]",0.5325123071670532
00043049.npy,1,1,"[0.1176077201962471, 0.5884802937507629]","[0.38440972566604614, 0.6155902743339539]",0.6155902743339539
00043050.npy,1,1,"[-0.08667738735675812, 0.3726615309715271]","[0.3871426582336426, 0.6128573417663574]",0.6128573417663574
00043051.npy,1,1,"[-0.22060123085975647, 0.2636967897415161]","[0.3812377154827118, 0.6187622547149658]",0.6187622547149658
00043052.npy,1,1,"[0.3097372055053711, 0.6390992403030396]","[0.41839587688446045, 0.5816041231155396]",0.5816041231155396
00043053.npy,1,1,"[-0.03144926577806473, 0.39096876978874207]","[0.39593827724456787, 0.6040617227554321]",0.6040617227554321
00043054.npy,1,1,"[0.19608992338180542, 0.27561020851135254]","[0.4801304042339325, 0.5198696255683899]",0.5198696255683899
00043055.npy,0,1,"[-0.1582484245300293, 0.36362960934638977]","[0.3724132180213928, 0.627586841583252]",0.627586841583252
00043056.npy,1,1,"[-0.2251652181148529, 0.04757296293973923]","[0.4322350025177002, 0.5677649974822998]",0.5677649974822998
00043057.npy,1,1,"[-0.043428920209407806, 0.3068394362926483]","[0.41331735253334045, 0.5866826772689819]",0.5866826772689819
00043058.npy,1,1,"[0.020794257521629333, 0.3089889585971832]","[0.42844587564468384, 0.5715541243553162]",0.5715541243553162
00043059.npy,1,1,"[0.03394455462694168, 0.33539819717407227]","[0.4252021610736847, 0.5747978687286377]",0.5747978687286377
00043060.npy,1,1,"[0.0965915247797966, 0.5182666182518005]","[0.3961159884929657, 0.6038839817047119]",0.6038839817047119
00043061.npy,1,1,"[-0.14384648203849792, 0.3178381621837616]","[0.3865862488746643, 0.6134137511253357]",0.6134137511253357
00043062.npy,1,1,"[0.0675133615732193, 0.23919111490249634]","[0.45718568563461304, 0.542814314365387]",0.542814314365387
00043063.npy,1,1,"[-0.019265126436948776, 0.2538580000400543]","[0.4321405291557312, 0.5678594708442688]",0.5678594708442688
00043064.npy,1,1,"[0.07947070151567459, 0.21220317482948303]","[0.46686553955078125, 0.5331345200538635]",0.5331345200538635
00043065.npy,1,1,"[-0.3054772913455963, 0.405110239982605]","[0.32946905493736267, 0.6705309748649597]",0.6705309748649597
00043066.npy,1,1,"[-0.15707632899284363, 0.24019113183021545]","[0.4019690752029419, 0.5980309844017029]",0.5980309844017029
00043067.npy,0,1,"[-0.13115531206130981, 0.0710885301232338]","[0.4496106803417206, 0.550389289855957]",0.550389289855957
00043068.npy,1,1,"[-0.05707867071032524, 0.10561687499284744]","[0.45941558480262756, 0.54058438539505]",0.54058438539505
00043069.npy,0,1,"[0.21427124738693237, 0.6906996369361877]","[0.3830958604812622, 0.6169041395187378]",0.6169041395187378
00043070.npy,1,1,"[-0.09903741627931595, 0.09515596181154251]","[0.45160365104675293, 0.5483963489532471]",0.5483963489532471
00043071.npy,0,1,"[-0.1107943207025528, 0.2742816209793091]","[0.40490326285362244, 0.5950967669487]",0.5950967669487
00043072.npy,0,1,"[0.07410764694213867, 0.3820701539516449]","[0.42361214756965637, 0.5763878226280212]",0.5763878226280212
00043073.npy,1,1,"[-0.2398281693458557, 0.23802179098129272]","[0.3827599287033081, 0.6172400116920471]",0.6172400116920471
00043074.npy,1,1,"[-0.17889612913131714, 0.03985767811536789]","[0.44552862644195557, 0.5544714331626892]",0.5544714331626892
00043075.npy,0,1,"[-0.006620977073907852, 0.4516300857067108]","[0.3874008059501648, 0.6125991940498352]",0.6125991940498352
00043076.npy,1,1,"[-0.10668650269508362, 0.21164411306381226]","[0.42108264565467834, 0.578917384147644]",0.578917384147644
00043077.npy,1,1,"[0.07712581008672714, 0.291027307510376]","[0.44672757387161255, 0.5532724261283875]",0.5532724261283875
00043078.npy,1,1,"[-0.025484608486294746, 0.38010939955711365]","[0.39996907114982605, 0.6000309586524963]",0.6000309586524963
00043079.npy,0,1,"[-0.2182389199733734, 0.13909435272216797]","[0.41160523891448975, 0.5883947610855103]",0.5883947610855103
00043080.npy,1,1,"[-0.1477086991071701, 0.007984355092048645]","[0.4611551761627197, 0.5388448238372803]",0.5388448238372803
00043081.npy,1,1,"[-0.0944780707359314, 0.03046680986881256]","[0.46880435943603516, 0.5311956405639648]",0.5311956405639648
00043082.npy,1,1,"[-0.024741295725107193, 0.27087923884391785]","[0.4266284108161926, 0.5733715295791626]",0.5733715295791626
00043083.npy,1,1,"[-0.1771547496318817, 0.322397917509079]","[0.3776458203792572, 0.6223542094230652]",0.6223542094230652
00043084.npy,0,1,"[-0.10907165706157684, 0.23209407925605774]","[0.4155263304710388, 0.5844736695289612]",0.5844736695289612
00043085.npy,1,1,"[-0.1202637255191803, 0.29272645711898804]","[0.39819538593292236, 0.6018046736717224]",0.6018046736717224
00043086.npy,0,1,"[0.13255470991134644, 0.22575780749320984]","[0.4767160713672638, 0.5232838988304138]",0.5232838988304138
00043087.npy,1,1,"[-0.023168690502643585, 0.08181535452604294]","[0.47377809882164, 0.5262219309806824]",0.5262219309806824
00043088.npy,0,1,"[-0.3156338334083557, 0.0219171941280365]","[0.41640451550483704, 0.5835955142974854]",0.5835955142974854
00043089.npy,0,1,"[-0.339645117521286, 0.08589718490839005]","[0.3951912820339203, 0.6048086881637573]",0.6048086881637573
00043090.npy,1,1,"[-0.10768698900938034, 0.13953736424446106]","[0.4385067820549011, 0.5614932179450989]",0.5614932179450989
00043091.npy,1,1,"[0.1302010715007782, 0.6487171649932861]","[0.3731992840766907, 0.6268007159233093]",0.6268007159233093
00043092.npy,1,1,"[-0.012619312852621078, 0.18818849325180054]","[0.44996604323387146, 0.5500339269638062]",0.5500339269638062
00043093.npy,1,1,"[-0.31144165992736816, 0.09808319061994553]","[0.3990260362625122, 0.600973904132843]",0.600973904132843
00043094.npy,1,1,"[-0.1766851842403412, 0.14135733246803284]","[0.42115288972854614, 0.5788471102714539]",0.5788471102714539
00043095.npy,1,1,"[0.07061108946800232, 0.3526262640953064]","[0.42995983362197876, 0.570040225982666]",0.570040225982666
00043096.npy,0,1,"[-0.07314170897006989, 0.2978726327419281]","[0.40829595923423767, 0.5917040109634399]",0.5917040109634399
00043097.npy,0,1,"[-0.13028547167778015, 0.1839924454689026]","[0.4220708906650543, 0.5779290795326233]",0.5779290795326233
00043098.npy,1,1,"[-0.13878971338272095, 0.17454156279563904]","[0.4223018288612366, 0.5776981711387634]",0.5776981711387634
00043099.npy,1,1,"[0.15354639291763306, 0.633972704410553]","[0.38215145468711853, 0.6178485155105591]",0.6178485155105591
00043100.npy,1,1,"[-0.20232146978378296, 0.16762396693229675]","[0.40855422616004944, 0.591445803642273]",0.591445803642273
00043101.npy,1,1,"[-0.12850163877010345, 0.1704581081867218]","[0.4258117973804474, 0.5741881728172302]",0.5741881728172302
00043102.npy,1,1,"[0.11843160539865494, 0.3823660910129547]","[0.43439677357673645, 0.5656032562255859]",0.5656032562255859
00043103.npy,1,1,"[0.046889133751392365, 0.25015509128570557]","[0.4493577480316162, 0.550642192363739]",0.550642192363739
00043104.npy,1,1,"[-0.22094836831092834, -0.0009922124445438385]","[0.4452316164970398, 0.5547683835029602]",0.5547683835029602
00043105.npy,1,1,"[0.21353498101234436, 0.2667694091796875]","[0.4866945147514343, 0.5133054256439209]",0.5133054256439209
00043106.npy,0,1,"[-0.1173102930188179, 0.21016398072242737]","[0.41885530948638916, 0.5811446905136108]",0.5811446905136108
00043107.npy,1,1,"[-0.16261225938796997, -0.005791805684566498]","[0.4608750343322754, 0.5391249656677246]",0.5391249656677246
00043108.npy,0,1,"[-0.12894859910011292, 0.13078460097312927]","[0.43542927503585815, 0.5645706653594971]",0.5645706653594971
00043109.npy,1,1,"[0.13904502987861633, 0.4789048135280609]","[0.41584354639053345, 0.5841564536094666]",0.5841564536094666
00043110.npy,1,1,"[-0.2920363247394562, -0.04095865786075592]","[0.43755826354026794, 0.5624417066574097]",0.5624417066574097
00043111.npy,1,1,"[-0.24640116095542908, -0.03874959051609039]","[0.44827285408973694, 0.5517271757125854]",0.5517271757125854
00043112.npy,1,1,"[-0.15567797422409058, 0.21737739443778992]","[0.407802939414978, 0.592197060585022]",0.592197060585022
00043113.npy,1,1,"[-0.09081446379423141, 0.06357050687074661]","[0.4614802300930023, 0.5385197401046753]",0.5385197401046753
00043114.npy,1,1,"[-0.05060915648937225, 0.08132762461900711]","[0.4670635759830475, 0.5329364538192749]",0.5329364538192749
00043115.npy,1,1,"[-0.26240047812461853, -0.029749061912298203]","[0.44209808111190796, 0.557901918888092]",0.557901918888092
00043116.npy,0,1,"[-0.16553160548210144, 0.1544710397720337]","[0.4206750988960266, 0.5793249011039734]",0.5793249011039734
00043117.npy,1,1,"[-0.11928531527519226, 0.12408419698476791]","[0.43945613503456116, 0.5605438351631165]",0.5605438351631165
00043118.npy,1,1,"[-0.17599806189537048, 0.043157994747161865]","[0.4454292356967926, 0.554570734500885]",0.554570734500885
00043119.npy,1,1,"[-0.11477167159318924, 0.14322444796562195]","[0.43585634231567383, 0.5641435980796814]",0.5641435980796814
00043120.npy,1,1,"[-0.02861691452562809, 0.2815493047237396]","[0.4230741858482361, 0.5769258737564087]",0.5769258737564087
00043121.npy,1,1,"[-0.2316398322582245, 0.08071527630090714]","[0.42253997921943665, 0.577459990978241]",0.577459990978241
00043122.npy,1,1,"[-0.11026531457901001, 0.10372462123632431]","[0.44670572876930237, 0.5532942414283752]",0.5532942414283752
00043123.npy,1,1,"[-0.13315929472446442, 0.2071141004562378]","[0.41574305295944214, 0.5842569470405579]",0.5842569470405579
00043124.npy,1,1,"[-0.011888328939676285, 0.044451288878917694]","[0.4859188199043274, 0.5140811800956726]",0.5140811800956726
00043125.npy,1,1,"[-0.12437742203474045, 0.04813934862613678]","[0.4569774866104126, 0.5430225729942322]",0.5430225729942322
00043126.npy,1,1,"[-0.044802647083997726, 0.3322254419326782]","[0.4068438708782196, 0.593156099319458]",0.593156099319458
00043127.npy,1,1,"[-0.10560500621795654, 0.1650334596633911]","[0.4327503442764282, 0.5672496557235718]",0.5672496557235718
00043128.npy,0,1,"[-0.29941606521606445, -0.03325235843658447]","[0.43384915590286255, 0.5661508440971375]",0.5661508440971375
00043129.npy,1,1,"[-0.3109624981880188, 0.20226344466209412]","[0.3744376003742218, 0.6255624294281006]",0.6255624294281006
00043130.npy,0,1,"[-0.051373548805713654, 0.08595696836709976]","[0.4657212197780609, 0.5342787504196167]",0.5342787504196167
00043131.npy,1,1,"[-0.1942254900932312, -0.0186990387737751]","[0.45623070001602173, 0.5437692999839783]",0.5437692999839783
00043132.npy,1,1,"[-0.09002520143985748, 0.08010701090097427]","[0.4575692117214203, 0.5424307584762573]",0.5424307584762573
00043133.npy,0,1,"[-0.08789580315351486, 0.18008652329444885]","[0.43340250849723816, 0.5665975213050842]",0.5665975213050842
00043134.npy,1,1,"[-0.03390337899327278, 0.27592071890830994]","[0.423157662153244, 0.5768423676490784]",0.5768423676490784
00043135.npy,1,1,"[-0.4685651957988739, -0.06105343624949455]","[0.39950889348983765, 0.6004911065101624]",0.6004911065101624
00043136.npy,1,1,"[-0.09024754166603088, 0.2147272229194641]","[0.4243417978286743, 0.5756582021713257]",0.5756582021713257
00043137.npy,1,1,"[-0.22353997826576233, 0.3466160297393799]","[0.36120080947875977, 0.6387991905212402]",0.6387991905212402
00043138.npy,1,1,"[0.19295096397399902, 0.2836010456085205]","[0.4773530066013336, 0.5226470232009888]",0.5226470232009888
00043139.npy,0,1,"[-0.24986886978149414, 0.009302675724029541]","[0.43556734919548035, 0.5644326210021973]",0.5644326210021973
00043140.npy,1,1,"[0.07501447945833206, 0.22207015752792358]","[0.4633021652698517, 0.5366978049278259]",0.5366978049278259
00043141.npy,1,1,"[-0.28365206718444824, 0.2113017439842224]","[0.3787272572517395, 0.6212726831436157]",0.6212726831436157
00043142.npy,0,1,"[0.00040783360600471497, 0.6378583312034607]","[0.3458230793476105, 0.6541768908500671]",0.6541768908500671
00043143.npy,0,1,"[-0.07661131769418716, 0.41955307126045227]","[0.3784424960613251, 0.6215575337409973]",0.6215575337409973
00043144.npy,1,1,"[-0.2031896412372589, -0.03389837220311165]","[0.4577779769897461, 0.5422220230102539]",0.5422220230102539
00043145.npy,1,1,"[-0.0985700935125351, 0.3555724322795868]","[0.38837629556655884, 0.6116237044334412]",0.6116237044334412
00043146.npy,0,1,"[-0.16025736927986145, 0.17379999160766602]","[0.4172537624835968, 0.5827462673187256]",0.5827462673187256
00043147.npy,1,1,"[0.2179352045059204, 0.2296990156173706]","[0.4970591068267822, 0.5029409527778625]",0.5029409527778625
00043148.npy,1,1,"[-0.3712586462497711, 0.10498236864805222]","[0.3831401467323303, 0.6168598532676697]",0.6168598532676697
00043149.npy,0,1,"[-0.32293519377708435, 0.19871023297309875]","[0.372467577457428, 0.6275324821472168]",0.6275324821472168
00043150.npy,1,1,"[-0.145056813955307, 0.23278477787971497]","[0.40664759278297424, 0.5933524370193481]",0.5933524370193481
00043151.npy,0,1,"[0.21325883269309998, 0.45017942786216736]","[0.4410453736782074, 0.558954656124115]",0.558954656124115
00043152.npy,0,1,"[0.08585727959871292, 0.3413904309272766]","[0.43646207451820374, 0.5635378956794739]",0.5635378956794739
00043153.npy,1,1,"[-0.26669299602508545, 0.012602470815181732]","[0.4306264817714691, 0.5693734884262085]",0.5693734884262085
00043154.npy,0,1,"[-0.057237111032009125, 0.05829751491546631]","[0.47114843130111694, 0.5288515686988831]",0.5288515686988831
00043155.npy,0,1,"[-0.08573299646377563, 0.5243900418281555]","[0.3520311415195465, 0.6479688286781311]",0.6479688286781311
00043156.npy,1,1,"[-0.06602292507886887, -0.01932073011994362]","[0.4883265793323517, 0.5116734504699707]",0.5116734504699707
00043157.npy,1,1,"[-0.18135884404182434, 0.08314608782529831]","[0.4342566132545471, 0.5657433867454529]",0.5657433867454529
00043158.npy,1,1,"[-0.07168640941381454, 0.09797152131795883]","[0.4576869606971741, 0.5423130393028259]",0.5423130393028259
00043159.npy,1,1,"[-0.07684837281703949, 0.20144760608673096]","[0.4308715760707855, 0.5691283941268921]",0.5691283941268921
00043160.npy,1,1,"[-0.13916632533073425, 0.08650312572717667]","[0.44382086396217346, 0.5561791658401489]",0.5561791658401489
00043161.npy,1,1,"[0.016197629272937775, 0.11344508081674576]","[0.4757072925567627, 0.5242927074432373]",0.5242927074432373
00043162.npy,1,1,"[-0.020355304703116417, 0.2469688057899475]","[0.433564156293869, 0.5664358735084534]",0.5664358735084534
00043163.npy,1,1,"[-0.2944938838481903, 0.22242066264152527]","[0.37357398867607117, 0.6264259815216064]",0.6264259815216064
00043164.npy,1,1,"[-0.1475575864315033, 0.4242717921733856]","[0.36081480979919434, 0.6391851902008057]",0.6391851902008057
00043165.npy,1,1,"[-0.011410266160964966, 0.25220561027526855]","[0.4344750940799713, 0.5655249357223511]",0.5655249357223511
00043166.npy,1,1,"[0.0027742907404899597, 0.17554712295532227]","[0.45691391825675964, 0.543086051940918]",0.543086051940918
00043167.npy,0,1,"[-0.20897525548934937, 0.14348402619361877]","[0.41278618574142456, 0.5872138142585754]",0.5872138142585754
00043168.npy,0,1,"[-0.21677762269973755, 0.09054981917142868]","[0.42376723885536194, 0.5762327909469604]",0.5762327909469604
00043169.npy,1,1,"[0.26777398586273193, 0.377925306558609]","[0.47249001264572144, 0.5275100469589233]",0.5275100469589233
00043170.npy,1,1,"[-0.22375738620758057, -0.026598207652568817]","[0.45086926221847534, 0.5491307377815247]",0.5491307377815247
00043171.npy,0,1,"[-0.25923970341682434, 0.24404019117355347]","[0.37677016854286194, 0.6232298016548157]",0.6232298016548157
00043172.npy,1,1,"[0.009091775864362717, 0.22877487540245056]","[0.44529902935028076, 0.5547009110450745]",0.5547009110450745
00043173.npy,1,1,"[-0.14526382088661194, 0.4748704731464386]","[0.34975090622901917, 0.6502490639686584]",0.6502490639686584
00043174.npy,1,1,"[-0.10205012559890747, 0.29869145154953003]","[0.401134192943573, 0.598865807056427]",0.598865807056427
00043175.npy,1,1,"[-0.18414321541786194, 0.26349759101867676]","[0.3899218440055847, 0.6100782155990601]",0.6100782155990601
00043176.npy,1,1,"[0.12690800428390503, 0.46162793040275574]","[0.41709262132644653, 0.5829073786735535]",0.5829073786735535
00043177.npy,1,1,"[-0.3326290249824524, 0.02066504955291748]","[0.4125838577747345, 0.5874161720275879]",0.5874161720275879
00043178.npy,0,1,"[-0.013196133077144623, 0.11580175906419754]","[0.46779516339302063, 0.532204806804657]",0.532204806804657
00043179.npy,1,1,"[-0.14446350932121277, 0.25453290343284607]","[0.40155351161956787, 0.5984465479850769]",0.5984465479850769
00043180.npy,1,1,"[-0.13785743713378906, 0.26534315943717957]","[0.40054357051849365, 0.5994563698768616]",0.5994563698768616
00043181.npy,1,1,"[0.007356330752372742, 0.24261796474456787]","[0.4414544105529785, 0.5585456490516663]",0.5585456490516663
00043182.npy,1,1,"[-0.17502820491790771, 0.24996152520179749]","[0.39532336592674255, 0.6046766042709351]",0.6046766042709351
00043183.npy,0,1,"[-0.03710341453552246, 0.13901007175445557]","[0.45608505606651306, 0.5439149141311646]",0.5439149141311646
00043184.npy,0,1,"[-0.03623519837856293, 0.5948193669319153]","[0.34727147221565247, 0.6527285575866699]",0.6527285575866699
00043185.npy,0,1,"[-0.3011719286441803, -0.0697532519698143]","[0.442402184009552, 0.5575978755950928]",0.5575978755950928
00043186.npy,1,1,"[-0.028595009818673134, 0.1537248194217682]","[0.45454588532447815, 0.5454541444778442]",0.5454541444778442
00043187.npy,0,1,"[0.0099136121571064, 0.4558427035808563]","[0.3903290927410126, 0.609670877456665]",0.609670877456665
00043188.npy,0,1,"[-0.03373561054468155, 0.6190028190612793]","[0.34237268567085266, 0.657627284526825]",0.657627284526825
00043189.npy,0,1,"[-0.21829575300216675, 0.03324431926012039]","[0.4374444782733917, 0.5625555515289307]",0.5625555515289307
00043190.npy,1,1,"[-0.03342018648982048, 0.405321329832077]","[0.3920409083366394, 0.6079591512680054]",0.6079591512680054
00043191.npy,0,1,"[-0.09721161425113678, 0.1466183066368103]","[0.43934276700019836, 0.560657262802124]",0.560657262802124
00043192.npy,1,1,"[-0.1601262092590332, 0.26656123995780945]","[0.3949175775051117, 0.6050823926925659]",0.6050823926925659
00043193.npy,1,1,"[0.010234031826257706, 0.11828313022851944]","[0.4730139970779419, 0.5269860625267029]",0.5269860625267029
00043194.npy,1,1,"[-0.1371525526046753, 0.020065434277057648]","[0.46077626943588257, 0.5392237305641174]",0.5392237305641174
00043195.npy,0,1,"[0.002257462590932846, 0.06853552907705307]","[0.4834365248680115, 0.5165634155273438]",0.5165634155273438
00043196.npy,1,1,"[-0.20330390334129333, 0.21794062852859497]","[0.3962189853191376, 0.6037810444831848]",0.6037810444831848
00043197.npy,1,1,"[-0.12487023323774338, 0.10999172180891037]","[0.44155293703079224, 0.5584470629692078]",0.5584470629692078
00043198.npy,0,1,"[-0.14719510078430176, 0.2643434405326843]","[0.39854326844215393, 0.6014567017555237]",0.6014567017555237
00043199.npy,1,1,"[-0.09020272642374039, 0.10834281891584396]","[0.45052602887153625, 0.5494739413261414]",0.5494739413261414
00043200.npy,1,1,"[-0.028025031089782715, 0.3537033200263977]","[0.4057101011276245, 0.5942898988723755]",0.5942898988723755
00043201.npy,0,1,"[-0.2947743535041809, -0.013109397143125534]","[0.4300456643104553, 0.5699543952941895]",0.5699543952941895
00043202.npy,1,1,"[-0.16560082137584686, -0.014882713556289673]","[0.4623916447162628, 0.5376083850860596]",0.5376083850860596
00043203.npy,1,1,"[-0.14810004830360413, 0.03457989543676376]","[0.4544565975666046, 0.545543372631073]",0.545543372631073
00043204.npy,1,1,"[-0.060089681297540665, 0.18974241614341736]","[0.4378648102283478, 0.5621351599693298]",0.5621351599693298
00043205.npy,1,1,"[0.21556788682937622, 0.28103965520858765]","[0.48363789916038513, 0.5163620710372925]",0.5163620710372925
00043206.npy,1,1,"[-0.31384265422821045, -0.0604233592748642]","[0.43698209524154663, 0.5630179047584534]",0.5630179047584534
00043207.npy,1,1,"[0.005362369120121002, 0.1409168839454651]","[0.46616315841674805, 0.533836841583252]",0.533836841583252
00043208.npy,1,1,"[0.0886361226439476, 0.2022758424282074]","[0.4716205894947052, 0.5283793807029724]",0.5283793807029724
00043209.npy,1,1,"[0.09291341155767441, 0.4066501259803772]","[0.4222028851509094, 0.5777971148490906]",0.5777971148490906
00043210.npy,1,1,"[-0.28457173705101013, 0.05176055431365967]","[0.41670066118240356, 0.5832992792129517]",0.5832992792129517
00043211.npy,1,1,"[-0.21049147844314575, 0.1540190875530243]","[0.40986815094947815, 0.5901318788528442]",0.5901318788528442
00043212.npy,1,1,"[0.037281714379787445, 0.3927401602268219]","[0.41205936670303345, 0.5879406332969666]",0.5879406332969666
00043213.npy,1,1,"[-0.03219618648290634, 0.17799809575080872]","[0.44764405488967896, 0.552355945110321]",0.552355945110321
00043214.npy,1,1,"[-0.21889403462409973, 0.14868909120559692]","[0.4091251790523529, 0.5908748507499695]",0.5908748507499695
00043215.npy,0,1,"[-0.16864866018295288, 0.11609262973070145]","[0.4292917549610138, 0.5707082152366638]",0.5707082152366638
00043216.npy,1,1,"[-0.0265907384455204, 0.1417313814163208]","[0.45801854133605957, 0.5419814586639404]",0.5419814586639404
00043217.npy,1,1,"[-0.0533362478017807, -0.021067123860120773]","[0.4919334352016449, 0.5080665946006775]",0.5080665946006775
00043218.npy,1,1,"[0.01360485702753067, 0.27064213156700134]","[0.4360921382904053, 0.5639078617095947]",0.5639078617095947
00043219.npy,1,1,"[-0.09822403639554977, 0.15155097842216492]","[0.43787890672683716, 0.5621210932731628]",0.5621210932731628
00043220.npy,1,1,"[-0.053896475583314896, 0.27732983231544495]","[0.4179422855377197, 0.5820577144622803]",0.5820577144622803
00043221.npy,1,1,"[0.01667163521051407, 0.34245699644088745]","[0.4192664623260498, 0.5807335376739502]",0.5807335376739502
00043222.npy,1,1,"[0.17764559388160706, 0.22486087679862976]","[0.4881983995437622, 0.5118016600608826]",0.5118016600608826
00043223.npy,1,1,"[-0.11104224622249603, 0.059007756412029266]","[0.45758962631225586, 0.5424103140830994]",0.5424103140830994
00043224.npy,1,1,"[-0.3344182074069977, -0.09732832759618759]","[0.4410036504268646, 0.5589963793754578]",0.5589963793754578
00043225.npy,0,1,"[-0.07598040997982025, 0.3360772728919983]","[0.3984188437461853, 0.6015811562538147]",0.6015811562538147
00043226.npy,1,1,"[0.11024951189756393, 0.3067164123058319]","[0.451040655374527, 0.5489593148231506]",0.5489593148231506
00043227.npy,1,1,"[0.01734233647584915, 0.43492624163627625]","[0.39709505438804626, 0.6029049754142761]",0.6029049754142761
00043228.npy,1,1,"[-0.13845282793045044, 0.05290868133306503]","[0.45230504870414734, 0.5476949214935303]",0.5476949214935303
00043229.npy,1,0,"[0.08723615854978561, -0.0171978697180748]","[0.5260847806930542, 0.4739151895046234]",0.4739151895046234
00043230.npy,1,1,"[-0.15514090657234192, 0.06021881848573685]","[0.44636720418930054, 0.5536327958106995]",0.5536327958106995
00043231.npy,1,1,"[0.07586472481489182, 0.1536780595779419]","[0.4805564880371094, 0.5194435119628906]",0.5194435119628906
00043232.npy,1,1,"[0.3909239172935486, 0.758031964302063]","[0.4092400074005127, 0.5907599925994873]",0.5907599925994873
00043233.npy,1,1,"[0.0677332878112793, 0.08534061163663864]","[0.4955982565879822, 0.504401683807373]",0.504401683807373
00043234.npy,1,1,"[-0.04312945157289505, 0.1330934464931488]","[0.45605793595314026, 0.5439420342445374]",0.5439420342445374
00043235.npy,1,1,"[-0.02754601091146469, 0.05373524874448776]","[0.4796908497810364, 0.5203091502189636]",0.5203091502189636
00043236.npy,0,1,"[-0.22342607378959656, 0.6903952956199646]","[0.286218523979187, 0.7137815356254578]",0.7137815356254578
00043237.npy,1,1,"[0.1178298369050026, 0.44829127192497253]","[0.4181283414363861, 0.5818716287612915]",0.5818716287612915
00043238.npy,1,1,"[0.18664151430130005, 0.4446401298046112]","[0.4358557462692261, 0.5641442537307739]",0.5641442537307739
00043239.npy,1,1,"[0.04641042649745941, 0.40334707498550415]","[0.4117013216018677, 0.5882986783981323]",0.5882986783981323
00043240.npy,1,1,"[-0.2005152404308319, 0.11264217644929886]","[0.42234423756599426, 0.5776557326316833]",0.5776557326316833
00043241.npy,0,1,"[-0.28728172183036804, 0.09110426157712936]","[0.40651625394821167, 0.5934837460517883]",0.5934837460517883
00043242.npy,1,1,"[-0.026841096580028534, 0.22958707809448242]","[0.43624192476272583, 0.5637580156326294]",0.5637580156326294
00043243.npy,1,1,"[-0.1582910567522049, 0.11822246760129929]","[0.431308776140213, 0.5686912536621094]",0.5686912536621094
00043244.npy,1,1,"[-0.07741821557283401, 0.15244647860527039]","[0.4427855312824249, 0.5572144389152527]",0.5572144389152527
00043245.npy,1,1,"[-0.08599305152893066, 0.0911162868142128]","[0.45583805441856384, 0.5441619753837585]",0.5441619753837585
00043246.npy,1,1,"[-0.10045759379863739, 0.2155424952507019]","[0.42165085673332214, 0.5783491730690002]",0.5783491730690002
00043247.npy,1,1,"[-0.1554756611585617, 0.32246333360671997]","[0.38273894786834717, 0.6172611117362976]",0.6172611117362976
00043248.npy,1,1,"[-0.04352803900837898, 0.25127702951431274]","[0.42682790756225586, 0.5731720328330994]",0.5731720328330994
00043249.npy,1,1,"[0.14025330543518066, 0.4435533583164215]","[0.424750953912735, 0.5752490162849426]",0.5752490162849426
00043250.npy,1,1,"[0.07353708148002625, 0.1946466565132141]","[0.4697595536708832, 0.5302404165267944]",0.5302404165267944
00043251.npy,1,1,"[0.2972910404205322, 0.6342220306396484]","[0.41655516624450684, 0.5834448337554932]",0.5834448337554932
00043252.npy,0,0,"[0.14502695202827454, 0.11829868704080582]","[0.5066816806793213, 0.4933183193206787]",0.4933183193206787
00043253.npy,1,1,"[-0.012021806091070175, 0.13024717569351196]","[0.4644926190376282, 0.535507321357727]",0.535507321357727
00043254.npy,0,1,"[-0.0631665512919426, 0.231542706489563]","[0.4268513321876526, 0.5731486082077026]",0.5731486082077026
00043255.npy,1,1,"[-0.03358611464500427, 0.23770928382873535]","[0.4325890839099884, 0.5674108862876892]",0.5674108862876892
00043256.npy,1,1,"[-0.14377763867378235, 0.25496813654899597]","[0.401613712310791, 0.598386287689209]",0.598386287689209
00043257.npy,1,1,"[-0.04359958693385124, -0.02910017967224121]","[0.4963752031326294, 0.5036247968673706]",0.5036247968673706
00043258.npy,1,1,"[0.003520336002111435, 0.26422369480133057]","[0.4351908266544342, 0.5648092031478882]",0.5648092031478882
00043259.npy,0,1,"[-0.2811734974384308, 0.3272513151168823]","[0.35241860151290894, 0.6475813984870911]",0.6475813984870911
00043260.npy,1,1,"[0.07102064788341522, 0.23052597045898438]","[0.460207998752594, 0.539792001247406]",0.539792001247406
00043261.npy,1,1,"[-0.26163017749786377, 0.05362170189619064]","[0.421833336353302, 0.578166663646698]",0.578166663646698
00043262.npy,1,1,"[-0.09807230532169342, 0.2165793776512146]","[0.421979695558548, 0.5780202746391296]",0.5780202746391296
00043263.npy,0,1,"[-0.10603517293930054, 0.16941440105438232]","[0.4315697252750397, 0.5684302449226379]",0.5684302449226379
00043264.npy,1,1,"[0.11211403459310532, 0.35842353105545044]","[0.4387320578098297, 0.5612679719924927]",0.5612679719924927
00043265.npy,1,1,"[-0.27970561385154724, 0.19927117228507996]","[0.3824937641620636, 0.617506206035614]",0.617506206035614
00043266.npy,1,1,"[-0.4193415641784668, -0.052587464451789856]","[0.40932559967041016, 0.5906744003295898]",0.5906744003295898
00043267.npy,1,1,"[-0.1185339167714119, 0.11587757617235184]","[0.4416640102863312, 0.5583360195159912]",0.5583360195159912
00043268.npy,0,1,"[-0.15833009779453278, 0.06685004383325577]","[0.4439416527748108, 0.5560583472251892]",0.5560583472251892
00043269.npy,1,1,"[-0.088703453540802, 0.31562840938568115]","[0.400272011756897, 0.599727988243103]",0.599727988243103
00043270.npy,1,1,"[-0.09440860152244568, 0.0688239112496376]","[0.459282249212265, 0.5407177209854126]",0.5407177209854126
00043271.npy,0,1,"[-0.10749531537294388, 0.3230002224445343]","[0.3940080404281616, 0.6059920191764832]",0.6059920191764832
00043272.npy,1,1,"[0.24123769998550415, 0.42538633942604065]","[0.45409253239631653, 0.5459074974060059]",0.5459074974060059
00043273.npy,1,1,"[-0.03482069820165634, 0.009793348610401154]","[0.4888482987880707, 0.5111516714096069]",0.5111516714096069
00043274.npy,1,1,"[-0.15615803003311157, 0.07195966690778732]","[0.44321662187576294, 0.5567834377288818]",0.5567834377288818
00043275.npy,1,1,"[-0.0652732253074646, 0.1159355565905571]","[0.4548213481903076, 0.5451786518096924]",0.5451786518096924
00043276.npy,1,1,"[-0.26435720920562744, 0.13452264666557312]","[0.4015815258026123, 0.5984185338020325]",0.5984185338020325
00043277.npy,1,1,"[-0.20211514830589294, 0.03379777818918228]","[0.44129377603530884, 0.5587061643600464]",0.5587061643600464
00043278.npy,0,1,"[-0.15987975895404816, -0.07022525370121002]","[0.47760137915611267, 0.5223985910415649]",0.5223985910415649
00043279.npy,1,1,"[0.13087615370750427, 0.6373711824417114]","[0.3760155439376831, 0.6239845156669617]",0.6239845156669617
00043280.npy,1,1,"[-0.09211169183254242, -0.08704207837581635]","[0.4987325966358185, 0.5012674331665039]",0.5012674331665039
00043281.npy,1,1,"[0.07102388888597488, 0.4503754675388336]","[0.40628331899642944, 0.5937167406082153]",0.5937167406082153
00043282.npy,1,1,"[-0.04408658295869827, 0.296950101852417]","[0.4155576825141907, 0.5844423174858093]",0.5844423174858093
00043283.npy,1,1,"[-0.038564540445804596, 0.5342074036598206]","[0.3605974614620209, 0.6394025087356567]",0.6394025087356567
00043284.npy,1,1,"[-0.17319926619529724, 0.08244270831346512]","[0.4364353120326996, 0.5635647177696228]",0.5635647177696228
00043285.npy,1,1,"[0.1232689693570137, 0.6726075410842896]","[0.3660178780555725, 0.6339821219444275]",0.6339821219444275
00043286.npy,1,1,"[-0.11094103008508682, 0.4449358880519867]","[0.3645019829273224, 0.6354979872703552]",0.6354979872703552
00043287.npy,1,1,"[-0.15789580345153809, 0.523356556892395]","[0.3359818756580353, 0.6640181541442871]",0.6640181541442871
00043288.npy,0,1,"[0.29411011934280396, 0.8475774526596069]","[0.36506032943725586, 0.6349396705627441]",0.6349396705627441
00043289.npy,1,1,"[-0.14299935102462769, 0.21491068601608276]","[0.4114655554294586, 0.588534414768219]",0.588534414768219
00043290.npy,1,1,"[-0.08393117785453796, 0.24183133244514465]","[0.4192720353603363, 0.5807279944419861]",0.5807279944419861
00043291.npy,1,1,"[-0.12735190987586975, 0.1934768557548523]","[0.42047378420829773, 0.5795261859893799]",0.5795261859893799
00043292.npy,1,1,"[-0.39241036772727966, -0.058957960456609726]","[0.41740086674690247, 0.5825991630554199]",0.5825991630554199
00043293.npy,1,1,"[-0.16873079538345337, 0.2572832703590393]","[0.39507853984832764, 0.6049214601516724]",0.6049214601516724
00043294.npy,1,0,"[0.20451590418815613, 0.196274071931839]","[0.5020604729652405, 0.4979395270347595]",0.4979395270347595
00043295.npy,1,1,"[-0.05625121295452118, 0.17680585384368896]","[0.44199803471565247, 0.5580019354820251]",0.5580019354820251
00043296.npy,1,1,"[-0.045701198279857635, 0.34033703804016113]","[0.4046713709831238, 0.5953286290168762]",0.5953286290168762
00043297.npy,1,1,"[-0.14470744132995605, 0.24160385131835938]","[0.40460556745529175, 0.5953943729400635]",0.5953943729400635
00043298.npy,1,1,"[0.19629791378974915, 0.4793477952480316]","[0.4297062158584595, 0.5702937841415405]",0.5702937841415405
00043299.npy,1,1,"[-0.27290070056915283, 0.08601538091897964]","[0.4112219512462616, 0.588778018951416]",0.588778018951416
00043300.npy,1,1,"[-0.026448523625731468, 0.09244845062494278]","[0.4703107178211212, 0.5296892523765564]",0.5296892523765564
00043301.npy,1,1,"[-0.18148323893547058, -0.005987077951431274]","[0.4562382400035858, 0.5437617897987366]",0.5437617897987366
00043302.npy,1,1,"[-0.014841742813587189, 0.16623294353485107]","[0.4548546075820923, 0.5451453924179077]",0.5451453924179077
00043303.npy,1,1,"[-0.18953701853752136, -0.08002650737762451]","[0.4726496934890747, 0.5273503065109253]",0.5273503065109253
00043304.npy,1,1,"[-0.2795664668083191, 0.26598018407821655]","[0.36689823865890503, 0.6331017017364502]",0.6331017017364502
00043305.npy,1,1,"[-0.135623037815094, 0.33663344383239746]","[0.3840823173522949, 0.6159176826477051]",0.6159176826477051
00043306.npy,1,1,"[0.13501015305519104, 0.20405584573745728]","[0.4827454388141632, 0.5172545909881592]",0.5172545909881592
00043307.npy,0,1,"[-0.1755775362253189, 0.09282379597425461]","[0.43329960107803345, 0.5667003989219666]",0.5667003989219666
00043308.npy,1,1,"[-0.2307107150554657, 0.10897286981344223]","[0.4158863425254822, 0.5841136574745178]",0.5841136574745178
00043309.npy,1,1,"[-0.10014268755912781, 0.12255101650953293]","[0.44455552101135254, 0.5554444789886475]",0.5554444789886475
00043310.npy,0,1,"[0.05850045382976532, 0.4752141535282135]","[0.39730340242385864, 0.6026965379714966]",0.6026965379714966
00043311.npy,0,1,"[-0.05278857797384262, 0.299815833568573]","[0.4127510190010071, 0.5872490406036377]",0.5872490406036377
00043312.npy,1,1,"[-0.12672467529773712, 0.23290684819221497]","[0.4110487699508667, 0.5889512300491333]",0.5889512300491333
00043313.npy,1,1,"[0.08909092098474503, 0.35769039392471313]","[0.43325093388557434, 0.5667490363121033]",0.5667490363121033
00043314.npy,1,1,"[0.0951058641076088, 0.2470828890800476]","[0.46207869052886963, 0.5379212498664856]",0.5379212498664856
00043315.npy,1,1,"[0.08176671713590622, 0.3453511893749237]","[0.43448278307914734, 0.565517246723175]",0.565517246723175
00043316.npy,1,1,"[0.21739113330841064, 0.23979923129081726]","[0.49439817667007446, 0.5056017637252808]",0.5056017637252808
00043317.npy,1,1,"[-0.1253642588853836, 0.09280822426080704]","[0.4456722140312195, 0.5543277859687805]",0.5543277859687805
00043318.npy,1,1,"[-0.2858201563358307, 0.0028742030262947083]","[0.42832356691360474, 0.57167649269104]",0.57167649269104
00043319.npy,1,1,"[0.3156050443649292, 0.5794064998626709]","[0.43442949652671814, 0.5655705332756042]",0.5655705332756042
00043320.npy,1,1,"[-0.35880810022354126, -0.053994547575712204]","[0.42438119649887085, 0.5756188035011292]",0.5756188035011292
00043321.npy,1,1,"[0.03867108374834061, 0.3807505965232849]","[0.41530442237854004, 0.58469557762146]",0.58469557762146
00043322.npy,1,1,"[0.05399104952812195, 0.11229952424764633]","[0.48542705178260803, 0.5145729780197144]",0.5145729780197144
00043323.npy,1,1,"[0.07771549373865128, 0.2723294794559479]","[0.45149949193000793, 0.5485005378723145]",0.5485005378723145
00043324.npy,1,1,"[0.01199796050786972, 0.19352629780769348]","[0.4547421336174011, 0.5452578663825989]",0.5452578663825989
00043325.npy,1,1,"[-0.3120754659175873, -0.11512361466884613]","[0.45092058181762695, 0.549079418182373]",0.549079418182373
00043326.npy,1,1,"[-0.027858087792992592, 0.15569806098937988]","[0.4542393684387207, 0.5457606315612793]",0.5457606315612793
00043327.npy,1,1,"[0.0849587544798851, 0.4831148087978363]","[0.4017554819583893, 0.5982445478439331]",0.5982445478439331
00043328.npy,1,1,"[-0.029425615444779396, 0.0650370642542839]","[0.4764018654823303, 0.5235981345176697]",0.5235981345176697
00043329.npy,1,1,"[0.02803593873977661, 0.22654637694358826]","[0.4505347013473511, 0.5494652390480042]",0.5494652390480042
00043330.npy,1,1,"[0.041732482612133026, 0.4934522211551666]","[0.38895195722579956, 0.6110480427742004]",0.6110480427742004
00043331.npy,1,1,"[-0.033561982214450836, 0.2967263162136078]","[0.4181704819202423, 0.5818294882774353]",0.5818294882774353
00043332.npy,1,1,"[0.08653675764799118, 0.22814705967903137]","[0.46465644240379333, 0.5353435277938843]",0.5353435277938843
00043333.npy,1,1,"[-0.16902855038642883, 0.056339770555496216]","[0.4438951909542084, 0.5561047792434692]",0.5561047792434692
00043334.npy,1,1,"[-0.0830312967300415, 0.19330239295959473]","[0.4313528537750244, 0.5686471462249756]",0.5686471462249756
00043335.npy,1,1,"[0.17342066764831543, 0.4348854422569275]","[0.43500369787216187, 0.5649963617324829]",0.5649963617324829
00043336.npy,1,1,"[-0.19894638657569885, 0.07091710716485977]","[0.43294060230255127, 0.5670593976974487]",0.5670593976974487
00043337.npy,0,1,"[-0.10784538835287094, 0.07125440984964371]","[0.45534437894821167, 0.5446556210517883]",0.5446556210517883
00043338.npy,1,1,"[-0.22385796904563904, -0.03212331607937813]","[0.4522126317024231, 0.5477873682975769]",0.5477873682975769
00043339.npy,1,1,"[-0.0888461172580719, 0.24289914965629578]","[0.41781604290008545, 0.5821839570999146]",0.5821839570999146
00043340.npy,1,1,"[-0.2201162874698639, 0.13102278113365173]","[0.413106232881546, 0.5868937969207764]",0.5868937969207764
00043341.npy,1,1,"[0.07793646305799484, 0.23759615421295166]","[0.46016964316368103, 0.5398303270339966]",0.5398303270339966
00043342.npy,1,1,"[-0.12214642763137817, 0.23576918244361877]","[0.41146424412727356, 0.5885357856750488]",0.5885357856750488
00043343.npy,1,1,"[-0.05669201910495758, 0.038973912596702576]","[0.47610175609588623, 0.5238982439041138]",0.5238982439041138
00043344.npy,1,1,"[0.12334229797124863, 0.5096544027328491]","[0.4046053886413574, 0.5953946113586426]",0.5953946113586426
00043345.npy,1,1,"[-0.056877970695495605, 0.31248995661735535]","[0.40869376063346863, 0.5913062691688538]",0.5913062691688538
00043346.npy,1,1,"[-0.29832592606544495, -0.10562105476856232]","[0.4519723057746887, 0.5480276942253113]",0.5480276942253113
00043347.npy,1,1,"[-0.1253620684146881, 0.18184912204742432]","[0.4237956404685974, 0.5762043595314026]",0.5762043595314026
00043348.npy,1,1,"[-0.10427439212799072, 0.0706314966082573]","[0.45638465881347656, 0.5436153411865234]",0.5436153411865234
00043349.npy,1,1,"[0.28292763233184814, 0.7210662364959717]","[0.39218461513519287, 0.6078153848648071]",0.6078153848648071
00043350.npy,1,1,"[-0.18237772583961487, 0.14913958311080933]","[0.41787150502204895, 0.5821285247802734]",0.5821285247802734
00043351.npy,1,1,"[-0.12070545554161072, -0.020411700010299683]","[0.4749475419521332, 0.5250524282455444]",0.5250524282455444
00043352.npy,1,1,"[-0.11503174901008606, 0.13880127668380737]","[0.43688029050827026, 0.5631197094917297]",0.5631197094917297
00043353.npy,1,1,"[-0.13748887181282043, 0.17952466011047363]","[0.42140376567840576, 0.5785962343215942]",0.5785962343215942
00043354.npy,1,1,"[-0.24527454376220703, 0.0065052807331085205]","[0.4373854696750641, 0.5626145601272583]",0.5626145601272583
00043355.npy,1,1,"[-0.009479288011789322, 0.34489673376083374]","[0.41232165694236755, 0.5876783728599548]",0.5876783728599548
00043356.npy,1,1,"[-0.14415086805820465, 0.20771631598472595]","[0.4129297137260437, 0.5870703458786011]",0.5870703458786011
00043357.npy,1,1,"[-0.17950394749641418, 0.07550237327814102]","[0.4365916848182678, 0.5634083151817322]",0.5634083151817322
00043358.npy,1,1,"[-0.13783720135688782, 0.03871060907840729]","[0.45597735047340393, 0.5440226793289185]",0.5440226793289185
00043359.npy,1,1,"[-0.09532514959573746, 0.05974067747592926]","[0.46131107211112976, 0.5386889576911926]",0.5386889576911926
00043360.npy,1,1,"[-0.31731846928596497, -0.012986458837985992]","[0.4244988262653351, 0.5755011439323425]",0.5755011439323425
00043361.npy,1,1,"[-0.1105930507183075, 0.264924556016922]","[0.4072084426879883, 0.5927916169166565]",0.5927916169166565
00043362.npy,1,1,"[-0.21145328879356384, 0.07808446139097214]","[0.428117036819458, 0.571882963180542]",0.571882963180542
00043363.npy,1,1,"[-0.11152246594429016, 0.10023383051156998]","[0.4472578763961792, 0.5527421236038208]",0.5527421236038208
00043364.npy,0,0,"[-0.09400849044322968, -0.0950889140367508]","[0.5002700686454773, 0.49972987174987793]",0.49972987174987793
00043365.npy,1,1,"[-0.269997239112854, -0.10617765039205551]","[0.4591364562511444, 0.5408635139465332]",0.5408635139465332
00043366.npy,1,1,"[-0.280290812253952, -0.15423643589019775]","[0.46852806210517883, 0.5314719676971436]",0.5314719676971436
00043367.npy,1,1,"[-0.33589595556259155, -0.1998910903930664]","[0.4660511016845703, 0.5339488983154297]",0.5339488983154297
00043368.npy,1,1,"[-0.3607761263847351, 0.1473187804222107]","[0.37564024329185486, 0.6243597865104675]",0.6243597865104675
00043369.npy,0,1,"[-0.22075307369232178, 0.0028632953763008118]","[0.444327712059021, 0.555672287940979]",0.555672287940979
00043370.npy,1,1,"[0.3983897268772125, 0.7233505249023438]","[0.4194672405719757, 0.5805327892303467]",0.5805327892303467
00043371.npy,1,1,"[0.20751401782035828, 0.45556172728538513]","[0.43830406665802, 0.5616958737373352]",0.5616958737373352
00043372.npy,1,1,"[-0.22432559728622437, 0.1049240455031395]","[0.41842323541641235, 0.5815767645835876]",0.5815767645835876
00043373.npy,1,1,"[-0.0420895591378212, 0.26342543959617615]","[0.4242098331451416, 0.5757901072502136]",0.5757901072502136
00043374.npy,1,1,"[-0.326013445854187, 0.17372098565101624]","[0.37760308384895325, 0.6223968863487244]",0.6223968863487244
00043375.npy,1,1,"[-0.013944275677204132, 0.20050284266471863]","[0.4465927183628082, 0.5534072518348694]",0.5534072518348694
00043376.npy,1,1,"[0.03942302614450455, 0.20350462198257446]","[0.4590713679790497, 0.5409286022186279]",0.5409286022186279
00043377.npy,1,1,"[-0.10132213681936264, -0.0700957402586937]","[0.4921940565109253, 0.5078059434890747]",0.5078059434890747
00043378.npy,1,1,"[0.004914321005344391, 0.21515995264053345]","[0.4476313292980194, 0.5523686408996582]",0.5523686408996582
00043379.npy,1,1,"[0.08574914187192917, 0.6777365207672119]","[0.35617896914482117, 0.6438210010528564]",0.6438210010528564
00043380.npy,1,1,"[-0.29387784004211426, 0.052332594990730286]","[0.41430166363716125, 0.5856983065605164]",0.5856983065605164
00043381.npy,0,1,"[0.07124371081590652, 0.34047457575798035]","[0.43309593200683594, 0.5669040679931641]",0.5669040679931641
00043382.npy,1,1,"[0.09873179346323013, 0.4136124849319458]","[0.4219238758087158, 0.5780761241912842]",0.5780761241912842
00043383.npy,0,1,"[-0.15535911917686462, 0.1402260661125183]","[0.42663708329200745, 0.5733629465103149]",0.5733629465103149
00043384.npy,1,1,"[-0.31061771512031555, -0.11134439706802368]","[0.450345903635025, 0.5496541261672974]",0.5496541261672974
00043385.npy,1,1,"[0.11379771679639816, 0.35694679617881775]","[0.43951043486595154, 0.5604895353317261]",0.5604895353317261
00043386.npy,1,1,"[0.10166513174772263, 0.13237449526786804]","[0.49232327938079834, 0.5076767802238464]",0.5076767802238464
00043387.npy,1,1,"[-0.04307613521814346, 0.2906721234321594]","[0.4173288941383362, 0.5826711058616638]",0.5826711058616638
00043388.npy,0,1,"[-0.2775060832500458, 0.13331148028373718]","[0.3987160921096802, 0.6012839078903198]",0.6012839078903198
00043389.npy,1,1,"[0.048592254519462585, 0.5246875286102295]","[0.3831745982170105, 0.6168254017829895]",0.6168254017829895
00043390.npy,0,1,"[-0.04296845570206642, 0.3386593461036682]","[0.4057343602180481, 0.5942656397819519]",0.5942656397819519
00043391.npy,1,1,"[-0.13003352284431458, 0.10573825985193253]","[0.44132861495018005, 0.5586714148521423]",0.5586714148521423
00043392.npy,1,1,"[-0.3412947952747345, 0.0868336483836174]","[0.3945733308792114, 0.6054266691207886]",0.6054266691207886
00043393.npy,1,1,"[-0.11214937269687653, 0.1873009204864502]","[0.4256918728351593, 0.5743080973625183]",0.5743080973625183
00043394.npy,1,1,"[0.02495838701725006, 0.47436806559562683]","[0.3895011246204376, 0.61049884557724]",0.61049884557724
00043395.npy,1,1,"[0.05450693517923355, 0.1361573338508606]","[0.4795987010002136, 0.5204012393951416]",0.5204012393951416
00043396.npy,0,1,"[-0.014670118689537048, 0.31107571721076965]","[0.41927608847618103, 0.5807238817214966]",0.5807238817214966
00043397.npy,1,1,"[0.029573693871498108, 0.16141963005065918]","[0.46708616614341736, 0.5329138040542603]",0.5329138040542603
00043398.npy,1,1,"[-0.2702625095844269, 0.35180678963661194]","[0.349310964345932, 0.6506890654563904]",0.6506890654563904
00043399.npy,1,1,"[-0.026390627026557922, 0.4398846924304962]","[0.38549819588661194, 0.6145017743110657]",0.6145017743110657
00043400.npy,1,1,"[-0.14750981330871582, 0.2870219647884369]","[0.39304471015930176, 0.6069552898406982]",0.6069552898406982
00043401.npy,1,1,"[0.1788724958896637, 0.4055788218975067]","[0.4435649514198303, 0.5564350485801697]",0.5564350485801697
00043402.npy,0,1,"[-0.05916476249694824, 0.26241862773895264]","[0.42028990387916565, 0.5797101259231567]",0.5797101259231567
00043403.npy,1,1,"[-0.23783373832702637, 0.09377145022153854]","[0.4178501069545746, 0.5821499228477478]",0.5821499228477478
00043404.npy,0,1,"[-0.22468659281730652, 0.11454368382692337]","[0.4159964621067047, 0.5840035080909729]",0.5840035080909729
00043405.npy,1,1,"[-0.011912845075130463, 0.24126887321472168]","[0.4370405077934265, 0.5629594922065735]",0.5629594922065735
00043406.npy,1,1,"[-0.07956994324922562, 0.19427365064620972]","[0.4319637417793274, 0.5680362582206726]",0.5680362582206726
00043407.npy,1,1,"[0.06651314347982407, 0.2394857406616211]","[0.4568643569946289, 0.5431356430053711]",0.5431356430053711
00043408.npy,1,1,"[-0.03509536758065224, 0.40154901146888733]","[0.3925408720970154, 0.6074591279029846]",0.6074591279029846
00043409.npy,1,1,"[0.022906281054019928, 0.10449893027544022]","[0.47961315512657166, 0.5203868746757507]",0.5203868746757507
00043410.npy,1,1,"[-0.044980790466070175, 0.18305280804634094]","[0.4432373642921448, 0.5567626357078552]",0.5567626357078552
00043411.npy,0,1,"[-0.024476103484630585, 0.2331199049949646]","[0.435954749584198, 0.564045250415802]",0.564045250415802
00043412.npy,1,1,"[-0.17633622884750366, 0.00491517037153244]","[0.45481076836586, 0.5451892018318176]",0.5451892018318176
00043413.npy,1,1,"[-0.2580014169216156, 0.012409932911396027]","[0.432806134223938, 0.567193865776062]",0.567193865776062
00043414.npy,1,1,"[0.14966267347335815, 0.5609912872314453]","[0.39859357476234436, 0.6014063954353333]",0.6014063954353333
00043415.npy,1,1,"[-0.1425233781337738, 0.13181519508361816]","[0.43184229731559753, 0.5681576728820801]",0.5681576728820801
00043416.npy,1,1,"[-0.07147569954395294, 0.07445728033781052]","[0.4635813534259796, 0.536418616771698]",0.536418616771698
00043417.npy,1,1,"[0.08992604166269302, 0.29948633909225464]","[0.44780081510543823, 0.5521991848945618]",0.5521991848945618
00043418.npy,1,1,"[-0.02352290414273739, 0.392912894487381]","[0.39736995100975037, 0.602630078792572]",0.602630078792572
00043419.npy,1,1,"[-0.0007972940802574158, 0.12107344716787338]","[0.46956998109817505, 0.530430018901825]",0.530430018901825
00043420.npy,1,1,"[-0.22467312216758728, 0.006702326238155365]","[0.4424128234386444, 0.5575871467590332]",0.5575871467590332
00043421.npy,1,1,"[-0.08510582149028778, 0.1967344582080841]","[0.4300026595592499, 0.5699973106384277]",0.5699973106384277
00043422.npy,0,1,"[0.06069188565015793, 0.3624540865421295]","[0.4251267611980438, 0.5748732686042786]",0.5748732686042786
00043423.npy,0,1,"[-0.20949476957321167, 0.012255728244781494]","[0.4447884261608124, 0.5552115440368652]",0.5552115440368652
00043424.npy,1,1,"[-0.16506239771842957, 0.07919979840517044]","[0.43923625349998474, 0.5607637166976929]",0.5607637166976929
00043425.npy,1,1,"[-0.3695221245288849, -0.03695288300514221]","[0.4176156222820282, 0.5823843479156494]",0.5823843479156494
00043426.npy,1,1,"[0.014553390443325043, 0.1882135272026062]","[0.45669373869895935, 0.5433062314987183]",0.5433062314987183
00043427.npy,1,1,"[-0.11098271608352661, 0.14301833510398865]","[0.43683892488479614, 0.5631610155105591]",0.5631610155105591
00043428.npy,1,1,"[0.07542290538549423, 0.28241199254989624]","[0.4484367072582245, 0.5515632629394531]",0.5515632629394531
00043429.npy,1,1,"[-0.15458256006240845, 0.16273799538612366]","[0.4213288724422455, 0.5786710977554321]",0.5786710977554321
00043430.npy,1,1,"[-0.2778240144252777, -0.07239560782909393]","[0.4488227069377899, 0.5511772632598877]",0.5511772632598877
00043431.npy,1,1,"[0.053614675998687744, 0.3404175639152527]","[0.4287867546081543, 0.5712132453918457]",0.5712132453918457
00043432.npy,1,1,"[-0.2525395154953003, 0.19582366943359375]","[0.38975000381469727, 0.6102499961853027]",0.6102499961853027
00043433.npy,1,1,"[-0.0861620306968689, 0.2126278281211853]","[0.42585334181785583, 0.5741466879844666]",0.5741466879844666
00043434.npy,1,1,"[-0.02155289426445961, 0.3410642147064209]","[0.410326212644577, 0.5896738171577454]",0.5896738171577454
00043435.npy,0,1,"[-0.01648387312889099, 0.19285696744918823]","[0.4478550851345062, 0.5521449446678162]",0.5521449446678162
00043436.npy,1,1,"[-0.12550488114356995, 0.2230021357536316]","[0.4137445390224457, 0.5862554907798767]",0.5862554907798767
00043437.npy,0,1,"[0.019847147166728973, 0.2957229018211365]","[0.43146517872810364, 0.5685348510742188]",0.5685348510742188
00043438.npy,0,1,"[0.00520237535238266, 0.20520645380020142]","[0.4501649737358093, 0.5498349666595459]",0.5498349666595459
00043439.npy,0,1,"[-0.2812469005584717, 0.08300281316041946]","[0.4099312424659729, 0.5900688171386719]",0.5900688171386719
00043440.npy,1,1,"[-0.0850362777709961, 0.10235164314508438]","[0.45328962802886963, 0.5467103719711304]",0.5467103719711304
00043441.npy,1,1,"[-0.15742523968219757, 0.11096545308828354]","[0.43330222368240356, 0.5666977763175964]",0.5666977763175964
00043442.npy,1,1,"[-0.18401944637298584, 0.19106420874595642]","[0.40731319785118103, 0.5926867723464966]",0.5926867723464966
00043443.npy,1,1,"[-0.2630700469017029, 0.11034715920686722]","[0.4077155590057373, 0.5922844409942627]",0.5922844409942627
00043444.npy,1,1,"[-0.2216264009475708, 0.011060215532779694]","[0.44208940863609314, 0.5579106211662292]",0.5579106211662292
00043445.npy,1,1,"[-0.0637681856751442, 0.23553916811943054]","[0.4257268011569977, 0.5742731690406799]",0.5742731690406799
00043446.npy,1,1,"[0.025463923811912537, 0.18064436316490173]","[0.46128255128860474, 0.5387173891067505]",0.5387173891067505
00043447.npy,1,1,"[-0.04671946167945862, 0.2443968653678894]","[0.42773059010505676, 0.5722694396972656]",0.5722694396972656
00043448.npy,1,1,"[0.021627679467201233, 0.42038655281066895]","[0.4016105532646179, 0.5983893871307373]",0.5983893871307373
00043449.npy,0,1,"[-0.0627700537443161, 0.03812728822231293]","[0.4747970700263977, 0.5252029895782471]",0.5252029895782471
00043450.npy,1,1,"[-0.056953269988298416, 0.336203008890152]","[0.4029577374458313, 0.5970423221588135]",0.5970423221588135
00043451.npy,0,1,"[-0.1006760373711586, 0.19615817070007324]","[0.4263315796852112, 0.5736684203147888]",0.5736684203147888
00043452.npy,1,1,"[-0.2212599515914917, 0.04709801822900772]","[0.43331024050712585, 0.5666897296905518]",0.5666897296905518
00043453.npy,1,1,"[-0.06355531513690948, 0.24277985095977783]","[0.4240095615386963, 0.5759904384613037]",0.5759904384613037
00043454.npy,1,1,"[-0.1671735644340515, 0.03337503969669342]","[0.45003023743629456, 0.5499697923660278]",0.5499697923660278
00043455.npy,0,1,"[-0.17750778794288635, -0.06465449929237366]","[0.4718165695667267, 0.5281834006309509]",0.5281834006309509
00043456.npy,1,1,"[0.024589844048023224, 0.3436983823776245]","[0.42089301347732544, 0.5791069865226746]",0.5791069865226746
00043457.npy,1,1,"[-0.32884734869003296, -0.015005912631750107]","[0.42217734456062317, 0.5778226256370544]",0.5778226256370544
00043458.npy,1,1,"[-0.04857772961258888, 0.13657346367835999]","[0.45384398102760315, 0.5461559891700745]",0.5461559891700745
00043459.npy,1,1,"[0.15237250924110413, 0.3831230401992798]","[0.44256699085235596, 0.557433009147644]",0.557433009147644
00043460.npy,1,1,"[-0.44593489170074463, -0.042553260922431946]","[0.4005001187324524, 0.5994998812675476]",0.5994998812675476
00043461.npy,1,1,"[-0.24733591079711914, 0.04312930256128311]","[0.42789000272750854, 0.5721100568771362]",0.5721100568771362
00043462.npy,1,1,"[-0.2476072907447815, 0.14730492234230042]","[0.4025353491306305, 0.5974646210670471]",0.5974646210670471
00043463.npy,1,1,"[0.033884622156620026, 0.4673484265804291]","[0.39329952001571655, 0.6067004799842834]",0.6067004799842834
00043464.npy,1,1,"[-0.18623819947242737, 0.1322302222251892]","[0.421049028635025, 0.5789509415626526]",0.5789509415626526
00043465.npy,0,1,"[-0.0993846207857132, 0.16237834095954895]","[0.43493038415908813, 0.5650696158409119]",0.5650696158409119
00043466.npy,1,1,"[-0.10226944088935852, 0.1449146568775177]","[0.4385167062282562, 0.5614832639694214]",0.5614832639694214
00043467.npy,1,1,"[-0.1594214141368866, -0.0917239561676979]","[0.4830820858478546, 0.516917884349823]",0.516917884349823
00043468.npy,1,1,"[-0.10813222825527191, 0.10440216213464737]","[0.4470655024051666, 0.5529345273971558]",0.5529345273971558
00043469.npy,1,1,"[0.1527816355228424, 0.1901436448097229]","[0.49066057801246643, 0.5093393921852112]",0.5093393921852112
00043470.npy,1,1,"[-0.18590912222862244, 0.08052296191453934]","[0.43378326296806335, 0.566216766834259]",0.566216766834259
00043471.npy,1,1,"[-0.0432717390358448, 0.24641567468643188]","[0.42808037996292114, 0.5719196200370789]",0.5719196200370789
00043472.npy,1,1,"[-0.1017196848988533, 0.2708730697631836]","[0.4079146683216095, 0.5920853018760681]",0.5920853018760681
00043473.npy,1,1,"[-0.07647477090358734, -0.004219118505716324]","[0.48194393515586853, 0.5180560350418091]",0.5180560350418091
00043474.npy,1,1,"[-0.30905070900917053, 0.022220194339752197]","[0.4179314374923706, 0.5820685625076294]",0.5820685625076294
00043475.npy,1,1,"[-0.27285143733024597, 0.15355458855628967]","[0.3949848711490631, 0.6050151586532593]",0.6050151586532593
00043476.npy,0,1,"[-0.2861049473285675, 0.11929348856210709]","[0.40001603960990906, 0.5999839901924133]",0.5999839901924133
00043477.npy,0,1,"[-0.3373512327671051, -0.026962630450725555]","[0.4230199158191681, 0.5769801139831543]",0.5769801139831543
00043478.npy,1,1,"[0.02607613056898117, 0.2176239788532257]","[0.4522589147090912, 0.5477410554885864]",0.5477410554885864
00043479.npy,0,1,"[-0.13810506463050842, 0.05188310146331787]","[0.45264530181884766, 0.5473546981811523]",0.5473546981811523
00043480.npy,1,1,"[-0.10271283984184265, 0.05464821308851242]","[0.46074071526527405, 0.5392593145370483]",0.5392593145370483
00043481.npy,1,1,"[-0.01887735351920128, 0.03018374741077423]","[0.48773717880249023, 0.5122628211975098]",0.5122628211975098
00043482.npy,1,1,"[-0.5146384239196777, -0.05936725065112114]","[0.3881082236766815, 0.6118918061256409]",0.6118918061256409
00043483.npy,1,1,"[-0.35665416717529297, -0.1557694375514984]","[0.4499469995498657, 0.5500529408454895]",0.5500529408454895
00043484.npy,1,1,"[-0.2299693524837494, 0.06030697375535965]","[0.4279361963272095, 0.5720637440681458]",0.5720637440681458
00043485.npy,0,1,"[0.11770568042993546, 0.35936129093170166]","[0.4398784041404724, 0.5601216554641724]",0.5601216554641724
00043486.npy,1,1,"[-0.20717352628707886, 0.06689462810754776]","[0.43190863728523254, 0.5680913329124451]",0.5680913329124451
00043487.npy,1,1,"[-0.30207762122154236, -0.08571064472198486]","[0.4461182951927185, 0.5538817048072815]",0.5538817048072815
00043488.npy,1,1,"[-0.03209785372018814, 0.40503260493278503]","[0.39242497086524963, 0.6075750589370728]",0.6075750589370728
00043489.npy,1,1,"[-0.0688624158501625, -0.00420745462179184]","[0.4838418662548065, 0.5161581039428711]",0.5161581039428711
00043490.npy,0,1,"[-0.2846846878528595, 0.13704201579093933]","[0.3961036205291748, 0.6038963794708252]",0.6038963794708252
00043491.npy,0,1,"[-0.02514500916004181, 0.29800519347190857]","[0.41990822553634644, 0.5800918340682983]",0.5800918340682983
00043492.npy,1,1,"[-0.21066918969154358, 0.37212005257606506]","[0.35829102993011475, 0.6417089700698853]",0.6417089700698853
00043493.npy,1,1,"[-0.08217713236808777, 0.06817392259836197]","[0.46248289942741394, 0.5375171303749084]",0.5375171303749084
00043494.npy,0,1,"[-0.13602837920188904, 0.1822497844696045]","[0.42109543085098267, 0.5789045691490173]",0.5789045691490173
00043495.npy,1,1,"[-0.172171488404274, 0.027065828442573547]","[0.45035478472709656, 0.549645185470581]",0.549645185470581
00043496.npy,1,1,"[0.04102656990289688, 0.5728695392608643]","[0.3700871467590332, 0.6299128532409668]",0.6299128532409668
00043497.npy,1,1,"[-0.11373617500066757, 5.7719647884368896e-05]","[0.47158217430114746, 0.5284177660942078]",0.5284177660942078
00043498.npy,0,1,"[-0.00822538509964943, 0.3605453073978424]","[0.40883809328079224, 0.5911619067192078]",0.5911619067192078
00043499.npy,0,1,"[-0.14265289902687073, 0.2251259684562683]","[0.40907785296440125, 0.5909221768379211]",0.5909221768379211
00043500.npy,1,1,"[-0.036951661109924316, 0.24899137020111084]","[0.42899736762046814, 0.5710026621818542]",0.5710026621818542
00043501.npy,1,1,"[0.09363847225904465, 0.27636730670928955]","[0.4544444680213928, 0.5455555319786072]",0.5455555319786072
00043502.npy,0,1,"[-0.3141198754310608, -0.18237349390983582]","[0.46711093187332153, 0.5328890085220337]",0.5328890085220337
00043503.npy,1,1,"[-0.002124182879924774, 0.10694202035665512]","[0.472760409116745, 0.5272395610809326]",0.5272395610809326
00043504.npy,1,1,"[-0.07555201649665833, 0.42413079738616943]","[0.37761521339416504, 0.622384786605835]",0.622384786605835
00043505.npy,0,1,"[-0.37789037823677063, -0.11372844874858856]","[0.4343408942222595, 0.5656591057777405]",0.5656591057777405
00043506.npy,0,1,"[-0.009261932224035263, 0.09515804797410965]","[0.4739186763763428, 0.5260812640190125]",0.5260812640190125
00043507.npy,0,1,"[0.080861397087574, 0.09106328338384628]","[0.4974495470523834, 0.502550482749939]",0.502550482749939
00043508.npy,1,1,"[-0.07439349591732025, 0.12372297793626785]","[0.450632244348526, 0.5493677258491516]",0.5493677258491516
00043509.npy,1,1,"[0.11019941419363022, 0.4425124228000641]","[0.41767796874046326, 0.5823220610618591]",0.5823220610618591
00043510.npy,0,1,"[-0.10960793495178223, 0.3266172707080841]","[0.3926407992839813, 0.6073591709136963]",0.6073591709136963
00043511.npy,1,1,"[-0.232014000415802, 0.05030004680156708]","[0.42988651990890503, 0.5701134204864502]",0.5701134204864502
00043512.npy,1,1,"[-0.16073408722877502, 0.18015536665916443]","[0.4155934453010559, 0.5844065546989441]",0.5844065546989441
00043513.npy,1,1,"[-0.1841055452823639, 0.05963033437728882]","[0.4393659234046936, 0.5606340765953064]",0.5606340765953064
00043514.npy,1,1,"[-0.09676109254360199, 0.32608968019485474]","[0.3958348035812378, 0.6041651964187622]",0.6041651964187622
00043515.npy,1,1,"[-0.05690475553274155, 0.32983407378196716]","[0.40450260043144226, 0.5954973697662354]",0.5954973697662354
00043516.npy,1,1,"[0.0053552016615867615, 0.065798319876194]","[0.4848938286304474, 0.5151061415672302]",0.5151061415672302
00043517.npy,0,1,"[-0.302139550447464, 0.15926837921142578]","[0.3866519033908844, 0.613348126411438]",0.613348126411438
00043518.npy,1,1,"[-0.18065065145492554, 0.06279049068689346]","[0.43943852186203003, 0.56056147813797]",0.56056147813797
00043519.npy,1,1,"[-0.058790937066078186, 0.2619602382183075]","[0.4204927086830139, 0.5795072913169861]",0.5795072913169861
00043520.npy,1,1,"[-0.11709661781787872, 0.46745339035987854]","[0.35788631439208984, 0.6421136856079102]",0.6421136856079102
00043521.npy,0,1,"[-0.3328758776187897, 0.3124646544456482]","[0.34404030442237854, 0.6559596657752991]",0.6559596657752991
00043522.npy,1,1,"[-0.11360791325569153, 0.08450371772050858]","[0.4506334662437439, 0.5493665337562561]",0.5493665337562561
00043523.npy,1,1,"[0.07207929342985153, 0.34914249181747437]","[0.4311739504337311, 0.5688260793685913]",0.5688260793685913
00043524.npy,1,1,"[-0.4003709852695465, 0.11460208147764206]","[0.37402844429016113, 0.6259714961051941]",0.6259714961051941
00043525.npy,1,1,"[-0.15507270395755768, 0.0009743906557559967]","[0.46106719970703125, 0.5389328002929688]",0.5389328002929688
00043526.npy,1,1,"[0.07762367278337479, 0.4372962415218353]","[0.4110388159751892, 0.5889611840248108]",0.5889611840248108
00043527.npy,1,1,"[-0.41769009828567505, -0.06965018808841705]","[0.4138578474521637, 0.5861421823501587]",0.5861421823501587
00043528.npy,0,1,"[0.06662619858980179, 0.15928897261619568]","[0.47685086727142334, 0.5231491327285767]",0.5231491327285767
00043529.npy,0,1,"[-0.34177881479263306, 0.09721434861421585]","[0.3919808864593506, 0.6080190539360046]",0.6080190539360046
00043530.npy,1,1,"[0.2099628448486328, 0.3536800742149353]","[0.4641323983669281, 0.5358675718307495]",0.5358675718307495
00043531.npy,1,1,"[-0.108672596514225, 0.05467373877763748]","[0.4592539668083191, 0.5407460331916809]",0.5407460331916809
00043532.npy,1,1,"[-0.05031623691320419, 0.2202364206314087]","[0.4327714145183563, 0.5672286152839661]",0.5672286152839661
00043533.npy,1,1,"[-0.08056759834289551, -0.01989377662539482]","[0.484836220741272, 0.515163779258728]",0.515163779258728
00043534.npy,1,1,"[-0.06135945022106171, 0.10503736883401871]","[0.4584965109825134, 0.5415034890174866]",0.5415034890174866
00043535.npy,1,1,"[-0.01215418055653572, 0.4151797294616699]","[0.39476317167282104, 0.605236828327179]",0.605236828327179
00043536.npy,1,1,"[-0.5050778985023499, -0.23868560791015625]","[0.43379300832748413, 0.5662069916725159]",0.5662069916725159
00043537.npy,1,1,"[0.22892698645591736, 0.3137931525707245]","[0.47879618406295776, 0.5212038159370422]",0.5212038159370422
00043538.npy,1,1,"[-0.21415725350379944, 0.008171521127223969]","[0.44464564323425293, 0.5553543567657471]",0.5553543567657471
00043539.npy,1,1,"[-0.024460166692733765, 0.24573498964309692]","[0.4328591525554657, 0.5671408176422119]",0.5671408176422119
00043540.npy,1,1,"[-0.1921069622039795, 0.15798458456993103]","[0.41336023807525635, 0.5866397619247437]",0.5866397619247437
00043541.npy,1,1,"[-0.056714385747909546, 0.33960381150245667]","[0.4021972417831421, 0.5978026986122131]",0.5978026986122131
00043542.npy,1,1,"[-0.18826889991760254, 0.031798288226127625]","[0.4452041685581207, 0.5547958016395569]",0.5547958016395569
00043543.npy,1,1,"[0.01566386967897415, 0.21700149774551392]","[0.449834942817688, 0.550165057182312]",0.550165057182312
00043544.npy,1,1,"[-0.029281897470355034, 0.45529863238334656]","[0.3811710774898529, 0.6188288927078247]",0.6188288927078247
00043545.npy,1,1,"[-0.16207073628902435, -0.04009810835123062]","[0.46954455971717834, 0.5304554104804993]",0.5304554104804993
00043546.npy,1,1,"[-0.1392872929573059, 0.08998196572065353]","[0.44293245673179626, 0.5570675134658813]",0.5570675134658813
00043547.npy,1,1,"[0.008715920150279999, 0.22455239295959473]","[0.446249395608902, 0.5537506341934204]",0.5537506341934204
00043548.npy,0,1,"[-0.35975906252861023, -0.12385164946317673]","[0.44129514694213867, 0.5587048530578613]",0.5587048530578613
00043549.npy,0,1,"[-0.012279603630304337, 0.26823142170906067]","[0.43032851815223694, 0.5696715116500854]",0.5696715116500854
00043550.npy,0,1,"[0.07733672112226486, 0.16180148720741272]","[0.4788963794708252, 0.5211036801338196]",0.5211036801338196
00043551.npy,1,1,"[-0.04016023129224777, 0.19870340824127197]","[0.44056639075279236, 0.5594335794448853]",0.5594335794448853
00043552.npy,0,1,"[-0.08531051129102707, 0.32381948828697205]","[0.3991207480430603, 0.6008792519569397]",0.6008792519569397
00043553.npy,1,1,"[-0.43817275762557983, -0.23564857244491577]","[0.449541300535202, 0.5504586696624756]",0.5504586696624756
00043554.npy,1,1,"[-0.1604832261800766, -0.08566171675920486]","[0.4813033640384674, 0.518696665763855]",0.518696665763855
00043555.npy,1,1,"[-0.13514724373817444, 0.145003080368042]","[0.43041694164276123, 0.5695830583572388]",0.5695830583572388
00043556.npy,1,1,"[-0.06525211036205292, 0.17784383893013]","[0.4395235478878021, 0.5604764819145203]",0.5604764819145203
00043557.npy,0,1,"[-0.24773037433624268, 0.20582908391952515]","[0.38851478695869446, 0.6114851832389832]",0.6114851832389832
00043558.npy,0,1,"[-0.046608876436948776, 0.1703895628452301]","[0.4459622800350189, 0.5540376901626587]",0.5540376901626587
00043559.npy,1,1,"[-0.1734919250011444, 0.009110070765018463]","[0.45447593927383423, 0.5455241203308105]",0.5455241203308105
00043560.npy,1,1,"[-0.4941856563091278, -0.19864478707313538]","[0.42664793133735657, 0.5733520984649658]",0.5733520984649658
00043561.npy,1,1,"[0.16993448138237, 0.36785343289375305]","[0.4506811499595642, 0.5493188500404358]",0.5493188500404358
00043562.npy,1,1,"[-0.3794088065624237, -0.014782212674617767]","[0.40984007716178894, 0.5901599526405334]",0.5901599526405334
00043563.npy,0,1,"[-0.2925884425640106, 0.37951698899269104]","[0.3380255699157715, 0.6619744896888733]",0.6619744896888733
00043564.npy,1,1,"[-0.13030530512332916, 0.08756952732801437]","[0.4457457363605499, 0.5542542338371277]",0.5542542338371277
00043565.npy,0,1,"[-0.15670430660247803, 0.1891057789325714]","[0.41439881920814514, 0.5856011509895325]",0.5856011509895325
00043566.npy,1,1,"[0.0385483056306839, 0.1696268916130066]","[0.4672771990299225, 0.5327227711677551]",0.5327227711677551
00043567.npy,0,1,"[-0.21550971269607544, -0.09757115691900253]","[0.47054949402809143, 0.529450535774231]",0.529450535774231
00043568.npy,1,1,"[-0.33976149559020996, 0.08651595562696457]","[0.3950155973434448, 0.6049844026565552]",0.6049844026565552
00043569.npy,0,1,"[-0.12409129738807678, 0.2419995665550232]","[0.40948596596717834, 0.590514063835144]",0.590514063835144
00043570.npy,1,1,"[0.05952038615942001, 0.3567882776260376]","[0.426225483417511, 0.5737744569778442]",0.5737744569778442
00043571.npy,1,1,"[-0.2349274456501007, -0.04807954654097557]","[0.45342347025871277, 0.5465765595436096]",0.5465765595436096
00043572.npy,1,1,"[-0.15174788236618042, 0.0224636048078537]","[0.45655694603919983, 0.5434430837631226]",0.5434430837631226
00043573.npy,1,1,"[-0.20411381125450134, -0.017413146793842316]","[0.4534599184989929, 0.5465400218963623]",0.5465400218963623
00043574.npy,1,1,"[-0.09189409017562866, 0.26108551025390625]","[0.41266006231307983, 0.5873399376869202]",0.5873399376869202
00043575.npy,1,1,"[0.04076344519853592, 0.22877410054206848]","[0.45313534140586853, 0.5468646883964539]",0.5468646883964539
00043576.npy,0,1,"[-0.011839132755994797, 0.2764076888561249]","[0.4284331202507019, 0.5715668797492981]",0.5715668797492981
00043577.npy,1,1,"[-0.222878098487854, 0.22584351897239685]","[0.38966476917266846, 0.6103352308273315]",0.6103352308273315
00043578.npy,1,1,"[0.011317092925310135, 0.25345897674560547]","[0.4397585690021515, 0.5602414011955261]",0.5602414011955261
00043579.npy,1,1,"[-0.06913144141435623, 0.0355563759803772]","[0.4738519489765167, 0.5261480808258057]",0.5261480808258057
00043580.npy,1,1,"[-0.1516188085079193, 0.28320544958114624]","[0.39297494292259216, 0.6070250868797302]",0.6070250868797302
00043581.npy,1,1,"[-0.12510326504707336, 0.0466463640332222]","[0.4571678340435028, 0.5428321361541748]",0.5428321361541748
00043582.npy,1,1,"[-0.11764570325613022, 0.3477461040019989]","[0.3857075273990631, 0.6142925024032593]",0.6142925024032593
00043583.npy,0,1,"[-0.22846877574920654, 0.18595579266548157]","[0.3978516459465027, 0.6021483540534973]",0.6021483540534973
00043584.npy,1,1,"[0.11222923547029495, 0.45138660073280334]","[0.416014164686203, 0.5839858055114746]",0.5839858055114746
00043585.npy,1,1,"[-0.04275590181350708, 0.23114222288131714]","[0.4319503605365753, 0.5680496096611023]",0.5680496096611023
00043586.npy,1,1,"[-0.09556536376476288, 0.1478179395198822]","[0.43945276737213135, 0.5605472326278687]",0.5605472326278687
00043587.npy,0,1,"[-0.2319442331790924, 0.1668296754360199]","[0.4016069769859314, 0.5983930230140686]",0.5983930230140686
00043588.npy,1,1,"[0.03760969638824463, 0.20323410630226135]","[0.45868831872940063, 0.5413117408752441]",0.5413117408752441
00043589.npy,1,1,"[-0.29190850257873535, -0.15528249740600586]","[0.4658965468406677, 0.534103512763977]",0.534103512763977
00043590.npy,1,1,"[-0.21492642164230347, 0.29783961176872253]","[0.3745453357696533, 0.6254546642303467]",0.6254546642303467
00043591.npy,1,1,"[-0.13038858771324158, -0.021788697689771652]","[0.4728766977787018, 0.5271233320236206]",0.5271233320236206
00043592.npy,0,1,"[-0.047451525926589966, 0.36086657643318176]","[0.3993154764175415, 0.6006845235824585]",0.6006845235824585
00043593.npy,1,1,"[0.8632388114929199, 1.2669774293899536]","[0.40041443705558777, 0.5995855927467346]",0.5995855927467346
00043594.npy,1,1,"[-0.04005806893110275, 0.18503978848457336]","[0.4439619779586792, 0.5560380220413208]",0.5560380220413208
00043595.npy,1,1,"[-0.22683978080749512, -0.07645566761493683]","[0.46247467398643494, 0.5375253558158875]",0.5375253558158875
00043596.npy,1,1,"[-0.12690187990665436, 0.17323648929595947]","[0.42552363872528076, 0.5744763612747192]",0.5744763612747192
00043597.npy,1,1,"[-0.038425907492637634, 0.21995395421981812]","[0.4357620179653168, 0.5642380118370056]",0.5642380118370056
00043598.npy,1,1,"[0.015849575400352478, 0.19220629334449768]","[0.45602473616600037, 0.543975293636322]",0.543975293636322
00043599.npy,1,1,"[-0.06560280174016953, 0.23817601799964905]","[0.4246339797973633, 0.5753660202026367]",0.5753660202026367
00043600.npy,1,1,"[-0.2795400023460388, 0.14471936225891113]","[0.39549797773361206, 0.6045020222663879]",0.6045020222663879
00043601.npy,1,1,"[-0.11667458713054657, 0.24029943346977234]","[0.4116922914981842, 0.5883077383041382]",0.5883077383041382
00043602.npy,1,1,"[-0.05341813340783119, 0.1345817744731903]","[0.45313799381256104, 0.546862006187439]",0.546862006187439
00043603.npy,1,1,"[-0.1702931821346283, 0.03818715363740921]","[0.44806790351867676, 0.551932156085968]",0.551932156085968
00043604.npy,1,1,"[-0.14166045188903809, 0.12484494596719742]","[0.4337652325630188, 0.5662347674369812]",0.5662347674369812
00043605.npy,1,1,"[-0.024352993816137314, 0.28389254212379456]","[0.4235430359840393, 0.5764569044113159]",0.5764569044113159
00043606.npy,1,1,"[-0.1469811648130417, 0.22811856865882874]","[0.40730932354927063, 0.592690646648407]",0.592690646648407
00043607.npy,1,1,"[0.09412775188684464, 0.19466763734817505]","[0.4748861789703369, 0.5251138210296631]",0.5251138210296631
00043608.npy,0,1,"[0.1922987699508667, 0.687835693359375]","[0.37859007716178894, 0.6214099526405334]",0.6214099526405334
00043609.npy,1,1,"[-0.11358968913555145, 0.07218392938375473]","[0.45368972420692444, 0.546310305595398]",0.546310305595398
00043610.npy,1,1,"[-0.08968576788902283, 0.12243484705686569]","[0.4471677839756012, 0.5528321862220764]",0.5528321862220764
00043611.npy,1,1,"[-0.1542462706565857, 0.2526395618915558]","[0.39965909719467163, 0.6003409028053284]",0.6003409028053284
00043612.npy,0,1,"[-0.09156179428100586, 0.33309563994407654]","[0.39540278911590576, 0.6045971512794495]",0.6045971512794495
00043613.npy,1,1,"[0.1955326795578003, 0.33501729369163513]","[0.465185284614563, 0.534814715385437]",0.534814715385437
00043614.npy,1,1,"[-0.12554889917373657, 0.26594215631484985]","[0.40335842967033386, 0.5966416001319885]",0.5966416001319885
00043615.npy,1,1,"[0.2063128650188446, 0.5096414685249329]","[0.42474398016929626, 0.5752560496330261]",0.5752560496330261
00043616.npy,1,1,"[-0.22659257054328918, -0.06728548556566238]","[0.46025723218917847, 0.5397427678108215]",0.5397427678108215
00043617.npy,1,1,"[-0.03294074907898903, 0.137516051530838]","[0.45748868584632874, 0.5425112843513489]",0.5425112843513489
00043618.npy,1,1,"[-0.13031865656375885, -0.0722750574350357]","[0.48549318313598633, 0.5145068168640137]",0.5145068168640137
00043619.npy,1,1,"[-0.10497799515724182, 0.22987514734268188]","[0.4170602858066559, 0.5829397439956665]",0.5829397439956665
00043620.npy,1,1,"[-0.31033214926719666, -0.11210258305072784]","[0.45060423016548157, 0.549395740032196]",0.549395740032196
00043621.npy,1,1,"[-0.16001754999160767, 0.16494449973106384]","[0.41946694254875183, 0.5805330872535706]",0.5805330872535706
00043622.npy,1,1,"[-0.13080047070980072, 0.035922594368457794]","[0.45841550827026367, 0.5415844917297363]",0.5415844917297363
00043623.npy,1,1,"[-0.04260387271642685, 0.12753042578697205]","[0.4575687348842621, 0.5424312949180603]",0.5424312949180603
00043624.npy,0,1,"[0.003614969551563263, 0.4463716447353363]","[0.39108431339263916, 0.6089156866073608]",0.6089156866073608
00043625.npy,1,1,"[-0.06123602017760277, 0.2501903176307678]","[0.4227665960788727, 0.5772333741188049]",0.5772333741188049
00043626.npy,1,1,"[-0.16632461547851562, 0.1710047423839569]","[0.4164583384990692, 0.5835416316986084]",0.5835416316986084
00043627.npy,1,1,"[0.09478890150785446, 0.19105961918830872]","[0.4759508967399597, 0.5240491032600403]",0.5240491032600403
00043628.npy,1,1,"[0.023029930889606476, 0.23418721556663513]","[0.44740596413612366, 0.5525940656661987]",0.5525940656661987
00043629.npy,1,1,"[-0.05117504298686981, 0.23639103770256042]","[0.42859983444213867, 0.5714001655578613]",0.5714001655578613
00043630.npy,1,1,"[-0.19423192739486694, 0.14253494143486023]","[0.41659507155418396, 0.5834049582481384]",0.5834049582481384
00043631.npy,1,1,"[-0.14799922704696655, -0.09709745645523071]","[0.4872772991657257, 0.5127227306365967]",0.5127227306365967
00043632.npy,0,1,"[-0.0890512764453888, 0.2360256314277649]","[0.4194389879703522, 0.5805610418319702]",0.5805610418319702
00043633.npy,1,1,"[-0.19969934225082397, -0.04308054596185684]","[0.4609251320362091, 0.5390748381614685]",0.5390748381614685
00043634.npy,0,1,"[-0.13073420524597168, -0.05116838216781616]","[0.4801190197467804, 0.5198809504508972]",0.5198809504508972
00043635.npy,0,1,"[-0.021915430203080177, 0.10161950439214706]","[0.4691554605960846, 0.530844509601593]",0.530844509601593
00043636.npy,1,1,"[-0.1948884129524231, 0.2603365182876587]","[0.3881192207336426, 0.6118807792663574]",0.6118807792663574
00043637.npy,1,1,"[-0.17675882577896118, 0.4685501754283905]","[0.3440474271774292, 0.6559526324272156]",0.6559526324272156
00043638.npy,1,1,"[-0.2952393889427185, -0.002148907631635666]","[0.42724743485450745, 0.5727525949478149]",0.5727525949478149
00043639.npy,1,1,"[-0.10141023993492126, 0.20617330074310303]","[0.42370468378067017, 0.5762953162193298]",0.5762953162193298
00043640.npy,1,1,"[-0.16011179983615875, 0.21822994947433472]","[0.40652692317962646, 0.5934730768203735]",0.5934730768203735
00043641.npy,0,1,"[0.18377947807312012, 0.28240329027175903]","[0.47536399960517883, 0.5246359705924988]",0.5246359705924988
00043642.npy,1,1,"[0.07629363983869553, 0.3466632068157196]","[0.43281635642051697, 0.5671836137771606]",0.5671836137771606
00043643.npy,1,1,"[-0.015066266059875488, 0.09502489119768143]","[0.47250500321388245, 0.5274950265884399]",0.5274950265884399
00043644.npy,1,1,"[-0.022065376862883568, 0.5808561444282532]","[0.35367557406425476, 0.6463243961334229]",0.6463243961334229
00043645.npy,0,1,"[-0.20532038807868958, -0.04459821432828903]","[0.4599057137966156, 0.540094256401062]",0.540094256401062
00043646.npy,1,1,"[-0.07634655386209488, 0.26708853244781494]","[0.41497528553009033, 0.5850246548652649]",0.5850246548652649
00043647.npy,1,1,"[-0.013242106884717941, 0.21377325057983398]","[0.44348862767219543, 0.5565113425254822]",0.5565113425254822
00043648.npy,1,1,"[-0.11221112310886383, 0.20375186204910278]","[0.4216599464416504, 0.5783401131629944]",0.5783401131629944
00043649.npy,0,1,"[0.1320902705192566, 0.25312548875808716]","[0.4697780907154083, 0.5302219390869141]",0.5302219390869141
00043650.npy,0,1,"[0.05722963809967041, 0.32338351011276245]","[0.43385156989097595, 0.5661484599113464]",0.5661484599113464
00043651.npy,1,1,"[0.01470649242401123, 0.21085751056671143]","[0.4511188566684723, 0.5488811135292053]",0.5488811135292053
00043652.npy,0,1,"[-1.2915581464767456e-05, 0.3337041735649109]","[0.41733649373054504, 0.5826635360717773]",0.5826635360717773
00043653.npy,1,1,"[-0.10012166202068329, 0.04974241554737091]","[0.46260392665863037, 0.5373960733413696]",0.5373960733413696
00043654.npy,1,1,"[-0.23661303520202637, 0.14188769459724426]","[0.4064885675907135, 0.5935114622116089]",0.5935114622116089
00043655.npy,1,1,"[-0.27472031116485596, 0.08840779215097427]","[0.4102025628089905, 0.5897974967956543]",0.5897974967956543
00043656.npy,1,1,"[0.025757499039173126, 0.35780465602874756]","[0.41774263978004456, 0.5822573900222778]",0.5822573900222778
00043657.npy,1,1,"[-0.293560653924942, -0.04971691593527794]","[0.4393393099308014, 0.5606606602668762]",0.5606606602668762
00043658.npy,1,1,"[-0.2833889126777649, 0.10581938177347183]","[0.4039078950881958, 0.5960921049118042]",0.5960921049118042
00043659.npy,0,1,"[-0.10197125375270844, 0.18377017974853516]","[0.42904675006866455, 0.5709531903266907]",0.5709531903266907
00043660.npy,1,1,"[-0.2551496922969818, -0.04415302723646164]","[0.44744566082954407, 0.5525543093681335]",0.5525543093681335
00043661.npy,0,1,"[-0.2010667622089386, 0.04976467043161392]","[0.4376188814640045, 0.5623810887336731]",0.5623810887336731
00043662.npy,1,1,"[-0.12569117546081543, 0.3133796155452728]","[0.3919624388217926, 0.6080375909805298]",0.6080375909805298
00043663.npy,1,1,"[-0.04597630351781845, 0.14740422368049622]","[0.4518049657344818, 0.5481950640678406]",0.5481950640678406
00043664.npy,1,1,"[0.004211936146020889, 0.11642422527074814]","[0.4719763398170471, 0.5280236601829529]",0.5280236601829529
00043665.npy,1,1,"[0.001813884824514389, 0.028154142200946808]","[0.49341532588005066, 0.506584644317627]",0.506584644317627
00043666.npy,1,1,"[-0.03211336210370064, 0.313016414642334]","[0.414563924074173, 0.5854360461235046]",0.5854360461235046
00043667.npy,1,1,"[-0.12372762709856033, 0.1439291536808014]","[0.43348246812820435, 0.5665175914764404]",0.5665175914764404
00043668.npy,1,1,"[-0.2753944396972656, 0.0847688689827919]","[0.41092002391815186, 0.5890799164772034]",0.5890799164772034
00043669.npy,1,1,"[-0.2235916554927826, 0.10274822264909744]","[0.41913145780563354, 0.5808685421943665]",0.5808685421943665
00043670.npy,1,1,"[-0.2562621533870697, 0.045348770916461945]","[0.42516374588012695, 0.5748363137245178]",0.5748363137245178
00043671.npy,1,1,"[0.06393873691558838, 0.5118067860603333]","[0.3898678123950958, 0.6101322174072266]",0.6101322174072266
00043672.npy,1,1,"[0.032274842262268066, 0.2105180025100708]","[0.45555680990219116, 0.5444431900978088]",0.5444431900978088
00043673.npy,1,1,"[-0.13100561499595642, 0.1307380199432373]","[0.4349351227283478, 0.5650648474693298]",0.5650648474693298
00043674.npy,0,1,"[-0.02070922963321209, 0.17001104354858398]","[0.45246392488479614, 0.5475360751152039]",0.5475360751152039
00043675.npy,1,1,"[-0.10626311600208282, 0.2998639941215515]","[0.39984115958213806, 0.6001588702201843]",0.6001588702201843
00043676.npy,1,1,"[-0.2067801058292389, 0.15198472142219543]","[0.41125860810279846, 0.5887414216995239]",0.5887414216995239
00043677.npy,1,1,"[-0.24216464161872864, -0.07094515860080719]","[0.4572994112968445, 0.5427005887031555]",0.5427005887031555
00043678.npy,1,1,"[-0.23704588413238525, -0.04273631051182747]","[0.4515748918056488, 0.5484251379966736]",0.5484251379966736
00043679.npy,1,1,"[-0.08617931604385376, 0.06381057947874069]","[0.4625726640224457, 0.5374273657798767]",0.5374273657798767
00043680.npy,1,1,"[-0.23270851373672485, 0.11585576087236404]","[0.4137306213378906, 0.5862693190574646]",0.5862693190574646
00043681.npy,1,1,"[-0.07350018620491028, 0.15659675002098083]","[0.4427282214164734, 0.5572717785835266]",0.5572717785835266
00043682.npy,1,1,"[0.0788990780711174, 0.46536949276924133]","[0.40456727147102356, 0.5954327583312988]",0.5954327583312988
00043683.npy,1,1,"[-0.07432191073894501, -0.023603040724992752]","[0.48732301592826843, 0.512677013874054]",0.512677013874054
00043684.npy,0,1,"[-0.2787361443042755, -0.029893020167946815]","[0.43810826539993286, 0.5618917346000671]",0.5618917346000671
00043685.npy,1,1,"[-0.019134521484375, 0.05110182613134384]","[0.48244810104370117, 0.517551839351654]",0.517551839351654
00043686.npy,1,1,"[-0.26146289706230164, 0.24079513549804688]","[0.37701016664505005, 0.62298983335495]",0.62298983335495
00043687.npy,1,1,"[-0.022404935210943222, 0.18491017818450928]","[0.44835609197616577, 0.551643967628479]",0.551643967628479
00043688.npy,0,1,"[0.07185014337301254, 0.42358705401420593]","[0.41296127438545227, 0.5870386958122253]",0.5870386958122253
00043689.npy,1,1,"[-0.20790550112724304, 0.025579415261745453]","[0.4418925344944, 0.5581074953079224]",0.5581074953079224
00043690.npy,1,0,"[0.06342553347349167, 0.013524070382118225]","[0.5124728083610535, 0.4875272214412689]",0.4875272214412689
00043691.npy,1,1,"[-0.10654768347740173, 0.057955965399742126]","[0.45896658301353455, 0.5410334467887878]",0.5410334467887878
00043692.npy,1,1,"[-0.23967614769935608, 0.02124280482530594]","[0.4351378381252289, 0.5648621916770935]",0.5648621916770935
00043693.npy,1,1,"[-0.2023034393787384, 0.1513320803642273]","[0.41250112652778625, 0.5874989032745361]",0.5874989032745361
00043694.npy,1,1,"[-0.04717670753598213, 0.038323961198329926]","[0.47863784432411194, 0.5213621854782104]",0.5213621854782104
00043695.npy,1,1,"[-0.06786765158176422, 0.0666050985455513]","[0.4664323925971985, 0.5335676074028015]",0.5335676074028015
00043696.npy,1,1,"[-0.22573524713516235, 0.21174058318138123]","[0.39234259724617004, 0.6076573729515076]",0.6076573729515076
00043697.npy,1,1,"[-0.10302433371543884, 0.026897907257080078]","[0.46756505966186523, 0.5324349403381348]",0.5324349403381348
00043698.npy,1,1,"[0.051847174763679504, 0.21733629703521729]","[0.4587218761444092, 0.5412781238555908]",0.5412781238555908
00043699.npy,1,1,"[-0.033954109996557236, 0.1989770233631134]","[0.44202908873558044, 0.5579708814620972]",0.5579708814620972
00043700.npy,1,1,"[-0.040156010538339615, 0.26574891805648804]","[0.4241146147251129, 0.5758854150772095]",0.5758854150772095
00043701.npy,1,1,"[0.4383726716041565, 0.7780042290687561]","[0.41589900851249695, 0.5841010212898254]",0.5841010212898254
00043702.npy,0,1,"[-0.08226694166660309, 0.19757509231567383]","[0.43049249053001404, 0.5695074796676636]",0.5695074796676636
00043703.npy,1,1,"[-0.1954665184020996, 0.03425324708223343]","[0.44282129406929016, 0.5571786761283875]",0.5571786761283875
00043704.npy,1,1,"[-0.02801423892378807, 0.10417982190847397]","[0.46699953079223633, 0.5330004692077637]",0.5330004692077637
00043705.npy,1,1,"[0.11419274657964706, 0.3469580113887787]","[0.44207000732421875, 0.5579299926757812]",0.5579299926757812
00043706.npy,1,1,"[0.047300271689891815, 0.3655446767807007]","[0.42110365629196167, 0.5788963437080383]",0.5788963437080383
00043707.npy,1,1,"[-0.25459304451942444, 0.026153795421123505]","[0.4302706718444824, 0.5697293281555176]",0.5697293281555176
00043708.npy,1,1,"[-0.21580103039741516, 0.19199782609939575]","[0.3994400203227997, 0.6005600094795227]",0.6005600094795227
00043709.npy,1,1,"[-0.08731596916913986, -0.005812369287014008]","[0.4796353876590729, 0.5203646421432495]",0.5203646421432495
00043710.npy,1,1,"[-0.024335017427802086, 0.13788899779319763]","[0.4595327079296112, 0.5404673218727112]",0.5404673218727112
00043711.npy,0,1,"[0.21388208866119385, 0.4219573736190796]","[0.4481680393218994, 0.5518319606781006]",0.5518319606781006
00043712.npy,1,1,"[-0.15141162276268005, 0.16056817770004272]","[0.4226315915584564, 0.577368438243866]",0.577368438243866
00043713.npy,1,1,"[0.11872199922800064, 0.3222050964832306]","[0.4493040144443512, 0.5506959557533264]",0.5506959557533264
00043714.npy,0,1,"[0.03505702316761017, 0.31003841757774353]","[0.43168458342552185, 0.5683153867721558]",0.5683153867721558
00043715.npy,1,1,"[-0.08815877139568329, 0.2200322151184082]","[0.4235563576221466, 0.576443612575531]",0.576443612575531
00043716.npy,1,1,"[-0.202754944562912, 0.28003743290901184]","[0.3815929591655731, 0.6184070110321045]",0.6184070110321045
00043717.npy,1,1,"[-0.22645142674446106, 0.034262560307979584]","[0.4351882040500641, 0.5648118257522583]",0.5648118257522583
00043718.npy,0,1,"[-0.2965420186519623, -0.07696229219436646]","[0.445324569940567, 0.5546754002571106]",0.5546754002571106
00043719.npy,1,1,"[0.18864259123802185, 0.4045840799808502]","[0.4462234377861023, 0.5537765622138977]",0.5537765622138977
00043720.npy,0,1,"[-0.32832950353622437, -0.14291679859161377]","[0.4537791609764099, 0.5462208390235901]",0.5462208390235901
00043721.npy,1,1,"[-0.0949893519282341, 0.039677366614341736]","[0.4663841426372528, 0.5336158871650696]",0.5336158871650696
00043722.npy,0,1,"[-0.3755286931991577, 0.22164016962051392]","[0.3549916744232178, 0.6450083255767822]",0.6450083255767822
00043723.npy,1,1,"[-0.15623480081558228, 0.17621469497680664]","[0.417644739151001, 0.582355260848999]",0.582355260848999
00043724.npy,0,1,"[0.05721888691186905, 0.26135993003845215]","[0.4491412341594696, 0.5508587956428528]",0.5508587956428528
00043725.npy,1,1,"[-0.06368854641914368, 0.13269701600074768]","[0.45106083154678345, 0.5489392280578613]",0.5489392280578613
00043726.npy,0,1,"[-0.17866620421409607, 0.19199472665786743]","[0.40838131308555603, 0.5916186571121216]",0.5916186571121216
00043727.npy,0,1,"[-0.06312551349401474, 0.21106493473052979]","[0.43187862634658813, 0.5681213736534119]",0.5681213736534119
00043728.npy,1,1,"[-0.3144703507423401, -0.13753929734230042]","[0.4558822810649872, 0.5441177487373352]",0.5441177487373352
00043729.npy,1,1,"[-0.26798632740974426, -0.0758184865117073]","[0.452105313539505, 0.5478946566581726]",0.5478946566581726
00043730.npy,1,1,"[0.14136210083961487, 0.47193023562431335]","[0.4181024134159088, 0.5818976163864136]",0.5818976163864136
00043731.npy,1,1,"[-0.13877227902412415, -0.09914702922105789]","[0.49009498953819275, 0.5099050402641296]",0.5099050402641296
00043732.npy,0,1,"[-0.017895754426717758, 0.19436892867088318]","[0.4471321702003479, 0.5528678297996521]",0.5528678297996521
00043733.npy,1,1,"[-0.05196308344602585, 0.31036725640296936]","[0.4103955924510956, 0.5896044373512268]",0.5896044373512268
00043734.npy,0,1,"[0.01639208197593689, 0.20949310064315796]","[0.4518741965293884, 0.5481258034706116]",0.5481258034706116
00043735.npy,1,1,"[0.15941861271858215, 0.3244630694389343]","[0.4588322639465332, 0.541167676448822]",0.541167676448822
00043736.npy,1,1,"[0.08069216459989548, 0.2383417785167694]","[0.46066901087760925, 0.5393309593200684]",0.5393309593200684
00043737.npy,0,1,"[-0.07696318626403809, 0.12415436655282974]","[0.4498893916606903, 0.5501105785369873]",0.5501105785369873
00043738.npy,1,1,"[-0.22572177648544312, 0.20951148867607117]","[0.39287737011909485, 0.6071226596832275]",0.6071226596832275
00043739.npy,1,1,"[0.11239980906248093, 0.37989702820777893]","[0.43352165818214417, 0.5664783716201782]",0.5664783716201782
00043740.npy,1,1,"[-0.1580485701560974, 0.1332208812236786]","[0.42769312858581543, 0.5723068714141846]",0.5723068714141846
00043741.npy,0,1,"[-0.10560762882232666, 0.3103583753108978]","[0.3974824547767639, 0.6025175452232361]",0.6025175452232361
00043742.npy,1,1,"[-0.1737583577632904, -0.14229756593704224]","[0.4921354651451111, 0.5078645348548889]",0.5078645348548889
00043743.npy,1,1,"[-0.07305493950843811, 0.31734395027160645]","[0.40362125635147095, 0.5963786840438843]",0.5963786840438843
00043744.npy,0,1,"[-0.07532289624214172, 0.15957075357437134]","[0.44154512882232666, 0.5584548711776733]",0.5584548711776733
00043745.npy,1,1,"[-0.2870922386646271, 0.11729710549116135]","[0.40025821328163147, 0.5997417569160461]",0.5997417569160461
00043746.npy,1,1,"[-0.17235969007015228, 0.07026373594999313]","[0.43963998556137085, 0.5603600740432739]",0.5603600740432739
00043747.npy,1,1,"[-0.15419498085975647, -0.015704423189163208]","[0.46543261408805847, 0.5345674157142639]",0.5345674157142639
00043748.npy,1,1,"[-0.12985339760780334, -0.08849063515663147]","[0.48966076970100403, 0.5103392004966736]",0.5103392004966736
00043749.npy,1,1,"[-0.20285066962242126, 0.09547517448663712]","[0.4259668290615082, 0.5740332007408142]",0.5740332007408142
00043750.npy,1,1,"[-0.06063803285360336, 0.33112019300460815]","[0.40329408645629883, 0.5967058539390564]",0.5967058539390564
00043751.npy,1,1,"[-0.1465512216091156, 0.2786605656147003]","[0.39527028799057007, 0.6047297120094299]",0.6047297120094299
00043752.npy,1,1,"[-0.03280287981033325, 0.19127577543258667]","[0.4442135691642761, 0.5557864308357239]",0.5557864308357239
00043753.npy,1,1,"[-0.1715574413537979, -0.14913615584373474]","[0.4943948984146118, 0.5056050419807434]",0.5056050419807434
00043754.npy,1,1,"[-0.3719806373119354, -0.10419207811355591]","[0.4334501028060913, 0.5665499567985535]",0.5665499567985535
00043755.npy,1,1,"[-0.3586035370826721, 0.005076594650745392]","[0.4100690186023712, 0.5899310111999512]",0.5899310111999512
00043756.npy,1,1,"[0.003423694521188736, 0.22601419687271118]","[0.444581001996994, 0.5554189682006836]",0.5554189682006836
00043757.npy,1,1,"[-0.25316891074180603, 0.550484836101532]","[0.3092445135116577, 0.6907554864883423]",0.6907554864883423
00043758.npy,1,1,"[-0.16680055856704712, 0.29383978247642517]","[0.38683393597602844, 0.6131660342216492]",0.6131660342216492
00043759.npy,0,1,"[-0.10426799207925797, 0.20764616131782532]","[0.4226475656032562, 0.5773524045944214]",0.5773524045944214
00043760.npy,1,1,"[0.0744587704539299, 0.19008207321166992]","[0.47112634778022766, 0.5288736820220947]",0.5288736820220947
00043761.npy,1,1,"[-0.07157016545534134, 0.5008167028427124]","[0.3606862425804138, 0.6393136978149414]",0.6393136978149414
00043762.npy,1,1,"[0.15104630589485168, 0.9928488731384277]","[0.3011552691459656, 0.6988447308540344]",0.6988447308540344
00043763.npy,0,1,"[-0.14758291840553284, 0.11774321645498276]","[0.4340548813343048, 0.5659450888633728]",0.5659450888633728
00043764.npy,0,1,"[-0.04216480627655983, 0.2454100251197815]","[0.42859768867492676, 0.5714023113250732]",0.5714023113250732
00043765.npy,1,1,"[0.04228143393993378, 0.37389424443244934]","[0.41784825921058655, 0.5821517109870911]",0.5821517109870911
00043766.npy,0,1,"[-0.07198009639978409, 0.002701401710510254]","[0.4813382923603058, 0.5186616778373718]",0.5186616778373718
00043767.npy,1,1,"[0.08191145211458206, 0.4324020445346832]","[0.4132634699344635, 0.5867365598678589]",0.5867365598678589
00043768.npy,1,1,"[-0.20974990725517273, -0.1734490990638733]","[0.49092578887939453, 0.5090742111206055]",0.5090742111206055
00043769.npy,1,1,"[0.031612835824489594, 0.23405665159225464]","[0.449561208486557, 0.5504388213157654]",0.5504388213157654
00043770.npy,1,1,"[-0.2991669774055481, 0.17354491353034973]","[0.3839745819568634, 0.616025447845459]",0.616025447845459
00043771.npy,1,1,"[-0.21523496508598328, 0.16541787981987]","[0.40596944093704224, 0.594030499458313]",0.594030499458313
00043772.npy,0,1,"[-0.16760149598121643, 0.12446675449609756]","[0.42749759554862976, 0.5725023746490479]",0.5725023746490479
00043773.npy,1,1,"[-0.30703046917915344, 0.41169944405555725]","[0.32767271995544434, 0.6723272800445557]",0.6723272800445557
00043774.npy,1,1,"[0.33721598982810974, 0.7395763993263245]","[0.40074536204338074, 0.5992546677589417]",0.5992546677589417
00043775.npy,0,1,"[-0.12872165441513062, -0.02262887731194496]","[0.47350165247917175, 0.5264983773231506]",0.5264983773231506
00043776.npy,1,1,"[-0.014391429722309113, 0.113246850669384]","[0.4681336581707001, 0.5318663120269775]",0.5318663120269775
00043777.npy,1,1,"[-0.05737274885177612, 0.2171388566493988]","[0.43179982900619507, 0.5682001113891602]",0.5682001113891602
00043778.npy,0,1,"[-0.18101397156715393, 0.22869443893432617]","[0.3989820182323456, 0.601017951965332]",0.601017951965332
00043779.npy,1,1,"[-0.15580688416957855, 0.1972646713256836]","[0.41263777017593384, 0.5873622298240662]",0.5873622298240662
00043780.npy,1,1,"[-0.2403717339038849, 0.15372547507286072]","[0.40273135900497437, 0.5972686409950256]",0.5972686409950256
00043781.npy,1,1,"[-0.12082391232252121, 0.13304641842842102]","[0.43687111139297485, 0.5631288886070251]",0.5631288886070251
00043782.npy,1,1,"[-0.09461063146591187, 0.1828906536102295]","[0.43106648325920105, 0.5689335465431213]",0.5689335465431213
00043783.npy,1,1,"[0.042874887585639954, 0.17726513743400574]","[0.4664529263973236, 0.5335471034049988]",0.5335471034049988
00043784.npy,0,1,"[-0.12129389494657516, 0.18044421076774597]","[0.4251326322555542, 0.5748673677444458]",0.5748673677444458
00043785.npy,1,1,"[-0.018515601754188538, 0.32987216114997864]","[0.41377344727516174, 0.5862265825271606]",0.5862265825271606
00043786.npy,1,1,"[-0.02527916431427002, 0.01908665895462036]","[0.48891037702560425, 0.5110896229743958]",0.5110896229743958
00043787.npy,0,1,"[-0.03754507750272751, 0.21434974670410156]","[0.4373571574687958, 0.5626428127288818]",0.5626428127288818
00043788.npy,1,1,"[-0.16197073459625244, 0.26198193430900574]","[0.3955712914466858, 0.6044287085533142]",0.6044287085533142
00043789.npy,1,1,"[-0.129479318857193, 0.2924853265285492]","[0.3960467576980591, 0.6039533019065857]",0.6039533019065857
00043790.npy,1,1,"[-0.017414957284927368, 0.23482251167297363]","[0.437272846698761, 0.5627270936965942]",0.5627270936965942
00043791.npy,1,1,"[-0.07504327595233917, 0.3160833418369293]","[0.40344613790512085, 0.5965538620948792]",0.5965538620948792
00043792.npy,1,1,"[-0.12623539566993713, 0.31505680084228516]","[0.39143311977386475, 0.6085668802261353]",0.6085668802261353
00043793.npy,1,1,"[-0.33712437748908997, -0.1575436294078827]","[0.4552250802516937, 0.5447749495506287]",0.5447749495506287
00043794.npy,1,1,"[0.15333527326583862, 0.45446792244911194]","[0.4252806305885315, 0.5747194290161133]",0.5747194290161133
00043795.npy,1,1,"[-0.012008368968963623, 0.334002286195755]","[0.4143501818180084, 0.585649847984314]",0.585649847984314
00043796.npy,1,1,"[-0.06287533789873123, 0.36159607768058777]","[0.3954472839832306, 0.6045527458190918]",0.6045527458190918
00043797.npy,1,1,"[0.16704833507537842, 0.3972650170326233]","[0.4426986873149872, 0.5573012828826904]",0.5573012828826904
00043798.npy,1,1,"[-0.005068767815828323, 0.21401137113571167]","[0.44544798135757446, 0.5545520186424255]",0.5545520186424255
00043799.npy,1,1,"[0.06915675848722458, 0.4410127103328705]","[0.4080926179885864, 0.5919073224067688]",0.5919073224067688
00043800.npy,0,1,"[-0.08395423740148544, 0.03675480931997299]","[0.4698593020439148, 0.5301406979560852]",0.5301406979560852
00043801.npy,1,1,"[-0.1765802800655365, 0.030454576015472412]","[0.4484253525733948, 0.5515745878219604]",0.5515745878219604
00043802.npy,1,1,"[-0.11389508098363876, 0.10071919113397598]","[0.4465514123439789, 0.5534485578536987]",0.5534485578536987
00043803.npy,1,1,"[-0.30405545234680176, -0.08549998700618744]","[0.44557759165763855, 0.5544223785400391]",0.5544223785400391
00043804.npy,1,1,"[-0.2008863091468811, -0.06341695785522461]","[0.46568670868873596, 0.5343133211135864]",0.5343133211135864
00043805.npy,0,1,"[-0.35727939009666443, -0.08077412843704224]","[0.431310772895813, 0.568689227104187]",0.568689227104187
00043806.npy,1,1,"[-0.036413051187992096, 0.09818197041749954]","[0.46640193462371826, 0.5335980653762817]",0.5335980653762817
00043807.npy,1,1,"[0.12603089213371277, 0.3628140091896057]","[0.4410792291164398, 0.5589207410812378]",0.5589207410812378
00043808.npy,1,1,"[0.07040794938802719, 0.4687090218067169]","[0.4017205834388733, 0.5982793569564819]",0.5982793569564819
00043809.npy,1,1,"[-0.23318609595298767, 0.11220058053731918]","[0.4145015776157379, 0.5854983925819397]",0.5854983925819397
00043810.npy,0,1,"[-0.3551844358444214, 0.023122161626815796]","[0.4065353572368622, 0.5934646129608154]",0.5934646129608154
00043811.npy,1,1,"[-0.02222387120127678, 0.4507594406604767]","[0.3839103877544403, 0.6160895824432373]",0.6160895824432373
00043812.npy,0,1,"[-0.0418899841606617, 0.270309180021286]","[0.42257803678512573, 0.5774219036102295]",0.5774219036102295
00043813.npy,0,1,"[-0.321441113948822, 0.2041105031967163]","[0.371554970741272, 0.6284449696540833]",0.6284449696540833
00043814.npy,1,1,"[-0.0945703387260437, 0.22939112782478333]","[0.419710636138916, 0.5802894234657288]",0.5802894234657288
00043815.npy,1,1,"[0.04154166579246521, 0.32011303305625916]","[0.430804044008255, 0.5691959261894226]",0.5691959261894226
00043816.npy,1,1,"[-0.06183777377009392, 0.20734617114067078]","[0.4331074357032776, 0.5668925046920776]",0.5668925046920776
00043817.npy,1,1,"[-0.2797057032585144, 0.25489556789398193]","[0.369444340467453, 0.6305556893348694]",0.6305556893348694
00043818.npy,1,1,"[-0.09418176859617233, 0.08532219380140305]","[0.45524412393569946, 0.5447559356689453]",0.5447559356689453
00043819.npy,0,1,"[-0.1713794767856598, 0.1015419140458107]","[0.43219003081321716, 0.5678099393844604]",0.5678099393844604
00043820.npy,1,1,"[-0.31927722692489624, 0.04835887998342514]","[0.4091123640537262, 0.5908876657485962]",0.5908876657485962
00043821.npy,1,1,"[-0.3032372295856476, 0.03589693456888199]","[0.4160197973251343, 0.5839802026748657]",0.5839802026748657
00043822.npy,1,1,"[-0.21872588992118835, 0.13813385367393494]","[0.4117199778556824, 0.5882800221443176]",0.5882800221443176
00043823.npy,1,1,"[-0.15877795219421387, 0.25773176550865173]","[0.3973522484302521, 0.6026477813720703]",0.6026477813720703
00043824.npy,1,1,"[-0.13228754699230194, 0.20399928092956543]","[0.4167117476463318, 0.5832882523536682]",0.5832882523536682
00043825.npy,1,1,"[-0.34030017256736755, -0.1208098977804184]","[0.4453466832637787, 0.5546533465385437]",0.5546533465385437
00043826.npy,1,1,"[0.08652662485837936, 0.577923059463501]","[0.37956464290618896, 0.6204352974891663]",0.6204352974891663
00043827.npy,0,1,"[0.18372651934623718, 0.55812668800354]","[0.4074782431125641, 0.5925217866897583]",0.5925217866897583
00043828.npy,1,1,"[-0.12149222195148468, 0.20389968156814575]","[0.41936227679252625, 0.5806377530097961]",0.5806377530097961
00043829.npy,1,1,"[-0.2357778251171112, 0.268518328666687]","[0.37653157114982605, 0.6234683990478516]",0.6234683990478516
00043830.npy,1,1,"[0.14620831608772278, 0.4844825565814972]","[0.4162287414073944, 0.5837712287902832]",0.5837712287902832
00043831.npy,1,1,"[0.047798484563827515, 0.3417204022407532]","[0.42704400420188904, 0.5729560256004333]",0.5729560256004333
00043832.npy,0,1,"[-0.09924343228340149, 0.3578777313232422]","[0.38766902685165405, 0.6123310327529907]",0.6123310327529907
00043833.npy,1,1,"[-0.15685182809829712, 0.017709098756313324]","[0.456470251083374, 0.543529748916626]",0.543529748916626
00043834.npy,1,1,"[-0.014629427343606949, 0.23313027620315552]","[0.43837499618530273, 0.5616250038146973]",0.5616250038146973
00043835.npy,1,1,"[-0.16205409169197083, 0.18280074000358582]","[0.414630651473999, 0.5853692889213562]",0.5853692889213562
00043836.npy,1,1,"[0.04542496055364609, 0.510683536529541]","[0.3857390880584717, 0.6142609119415283]",0.6142609119415283
00043837.npy,1,1,"[0.2244442105293274, 0.4061179459095001]","[0.454706072807312, 0.545293927192688]",0.545293927192688
00043838.npy,1,1,"[-0.20083916187286377, -0.07269634306430817]","[0.4680080711841583, 0.5319919586181641]",0.5319919586181641
00043839.npy,1,1,"[-0.1474667191505432, 0.1727064847946167]","[0.42063355445861816, 0.5793664455413818]",0.5793664455413818
00043840.npy,1,1,"[0.04289688915014267, 0.3149605691432953]","[0.43240055441856384, 0.5675994753837585]",0.5675994753837585
00043841.npy,1,1,"[-0.143316388130188, 0.2949117422103882]","[0.3921632766723633, 0.6078367829322815]",0.6078367829322815
00043842.npy,1,1,"[0.05521070212125778, 0.7434147000312805]","[0.3344327211380005, 0.6655672788619995]",0.6655672788619995
00043843.npy,1,1,"[-0.04441675543785095, 0.32218632102012634]","[0.4093621075153351, 0.5906379222869873]",0.5906379222869873
00043844.npy,1,1,"[-0.11160770803689957, 0.26573294401168823]","[0.40676844120025635, 0.5932314991950989]",0.5932314991950989
00043845.npy,1,1,"[0.01429864764213562, 0.25216343998908997]","[0.4408126175403595, 0.5591873526573181]",0.5591873526573181
00043846.npy,1,1,"[-0.13283129036426544, 0.3185787498950958]","[0.38902556896209717, 0.6109744310379028]",0.6109744310379028
00043847.npy,1,1,"[-0.009220048785209656, 0.26671597361564636]","[0.43145036697387695, 0.5685495734214783]",0.5685495734214783
00043848.npy,1,1,"[-0.0724417120218277, 0.23728954792022705]","[0.42318034172058105, 0.576819658279419]",0.576819658279419
00043849.npy,1,1,"[0.012807689607143402, 0.1555328369140625]","[0.4643791615962982, 0.5356208086013794]",0.5356208086013794
00043850.npy,0,1,"[0.056852467358112335, 0.4109630882740021]","[0.4123859703540802, 0.5876140594482422]",0.5876140594482422
00043851.npy,1,1,"[-0.04118907079100609, 0.22229298949241638]","[0.43450793623924255, 0.5654920935630798]",0.5654920935630798
00043852.npy,0,1,"[-0.18260091543197632, 0.2039421796798706]","[0.404549777507782, 0.5954502820968628]",0.5954502820968628
00043853.npy,1,0,"[-0.037618644535541534, -0.07198023051023483]","[0.5085895657539368, 0.4914104640483856]",0.4914104640483856
00043854.npy,0,1,"[-0.29041552543640137, 0.12966576218605042]","[0.39649733901023865, 0.6035026907920837]",0.6035026907920837
00043855.npy,0,1,"[0.029113851487636566, 0.21863511204719543]","[0.4527609944343567, 0.5472390055656433]",0.5472390055656433
00043856.npy,1,1,"[-0.28850531578063965, 0.24335378408432007]","[0.37008336186408997, 0.6299166083335876]",0.6299166083335876
00043857.npy,1,1,"[0.1182967945933342, 0.4073450565338135]","[0.4282369017601013, 0.5717631578445435]",0.5717631578445435
00043858.npy,1,1,"[0.057887256145477295, 0.2627471685409546]","[0.4489634037017822, 0.5510366559028625]",0.5510366559028625
00043859.npy,1,1,"[0.038971997797489166, 0.283025860786438]","[0.43928760290145874, 0.560712456703186]",0.560712456703186
00043860.npy,1,1,"[-0.07680846005678177, 0.29837679862976074]","[0.40728870034217834, 0.592711329460144]",0.592711329460144
00043861.npy,0,1,"[-0.09276068210601807, 0.47283491492271423]","[0.36225372552871704, 0.637746274471283]",0.637746274471283
00043862.npy,1,1,"[-0.19342657923698425, 0.024742640554904938]","[0.44567301869392395, 0.5543269515037537]",0.5543269515037537
00043863.npy,1,1,"[-0.12614309787750244, 0.19094446301460266]","[0.4213857054710388, 0.5786142945289612]",0.5786142945289612
00043864.npy,1,1,"[-0.12582120299339294, 0.33180034160614014]","[0.3875502049922943, 0.6124497652053833]",0.6124497652053833
00043865.npy,1,1,"[-0.06127933785319328, 0.2109261453151703]","[0.432365745306015, 0.5676342248916626]",0.5676342248916626
00043866.npy,1,1,"[-0.021956700831651688, 0.17230632901191711]","[0.45158639550209045, 0.5484136343002319]",0.5484136343002319
00043867.npy,1,1,"[-0.08885224163532257, 0.17890238761901855]","[0.43345844745635986, 0.5665416121482849]",0.5665416121482849
00043868.npy,1,1,"[-0.1651248335838318, 0.15308243036270142]","[0.42111271619796753, 0.5788872838020325]",0.5788872838020325
00043869.npy,1,1,"[-0.022662131115794182, 0.13756820559501648]","[0.46002790331840515, 0.5399721264839172]",0.5399721264839172
00043870.npy,1,1,"[-0.25419268012046814, 0.12526926398277283]","[0.40625667572021484, 0.5937433242797852]",0.5937433242797852
00043871.npy,1,1,"[0.0005589872598648071, 0.3100651502609253]","[0.4232352674007416, 0.576764702796936]",0.576764702796936
00043872.npy,1,1,"[-0.7093687057495117, -0.23213866353034973]","[0.38290640711784363, 0.617093563079834]",0.617093563079834
00043873.npy,1,1,"[0.14971208572387695, 0.4099785089492798]","[0.43529823422431946, 0.5647017955780029]",0.5647017955780029
00043874.npy,1,1,"[0.12333161383867264, 0.5534123182296753]","[0.39410704374313354, 0.6058928966522217]",0.6058928966522217
00043875.npy,1,1,"[-0.12939125299453735, 0.10233838111162186]","[0.4423254430294037, 0.5576745271682739]",0.5576745271682739
00043876.npy,0,1,"[-0.06462511420249939, 0.3673917353153229]","[0.3936448097229004, 0.6063551902770996]",0.6063551902770996
00043877.npy,1,1,"[-0.1578037142753601, 0.3566861152648926]","[0.3741416037082672, 0.6258584260940552]",0.6258584260940552
00043878.npy,1,1,"[-0.08389592170715332, 0.1075129434466362]","[0.452293336391449, 0.547706663608551]",0.547706663608551
00043879.npy,0,1,"[0.02945297211408615, 0.3045869469642639]","[0.4316471517086029, 0.5683528184890747]",0.5683528184890747
00043880.npy,0,1,"[-0.14337347447872162, 0.3507228493690491]","[0.3789290487766266, 0.6210709810256958]",0.6210709810256958
00043881.npy,1,1,"[-0.07878081500530243, 0.2672526240348816]","[0.4143446385860443, 0.5856553912162781]",0.5856553912162781
00043882.npy,1,1,"[0.16832417249679565, 0.4196498394012451]","[0.43749725818634033, 0.5625027418136597]",0.5625027418136597
00043883.npy,1,1,"[0.03543585538864136, 0.35162144899368286]","[0.42160564661026, 0.57839435338974]",0.57839435338974
00043884.npy,1,1,"[0.02135821431875229, 0.38133999705314636]","[0.4109639525413513, 0.5890359878540039]",0.5890359878540039
00043885.npy,1,1,"[-0.05923375487327576, 0.38573235273361206]","[0.39055830240249634, 0.6094416975975037]",0.6094416975975037
00043886.npy,1,1,"[-0.38564708828926086, -0.02137194573879242]","[0.40992507338523865, 0.5900749564170837]",0.5900749564170837
00043887.npy,0,1,"[-0.10509172081947327, 0.3081120252609253]","[0.3981441855430603, 0.6018558144569397]",0.6018558144569397
00043888.npy,1,1,"[-0.12035497277975082, 0.21501272916793823]","[0.41693517565727234, 0.58306485414505]",0.58306485414505
00043889.npy,1,1,"[0.14575254917144775, 0.6690542697906494]","[0.372080534696579, 0.6279194951057434]",0.6279194951057434
00043890.npy,1,1,"[-0.06707541644573212, 0.27934959530830383]","[0.41424962878227234, 0.58575040102005]",0.58575040102005
00043891.npy,1,1,"[-0.1619235873222351, 0.12956073880195618]","[0.42764049768447876, 0.5723594427108765]",0.5723594427108765
00043892.npy,1,1,"[0.19912657141685486, 0.4348938763141632]","[0.4413297176361084, 0.5586703419685364]",0.5586703419685364
00043893.npy,1,1,"[-0.21953880786895752, 0.1955265998840332]","[0.39769813418388367, 0.602301836013794]",0.602301836013794
00043894.npy,1,1,"[-0.1420518010854721, 0.020044371485710144]","[0.4595644474029541, 0.5404355525970459]",0.5404355525970459
00043895.npy,1,1,"[-0.37018877267837524, 0.2852737307548523]","[0.3417596220970154, 0.6582403779029846]",0.6582403779029846
00043896.npy,1,1,"[-0.1435520052909851, 0.03500920534133911]","[0.45547792315483093, 0.5445220470428467]",0.5445220470428467
00043897.npy,0,1,"[-0.09835533797740936, 0.5147961378097534]","[0.351340651512146, 0.648659348487854]",0.648659348487854
00043898.npy,1,1,"[-0.16172882914543152, 0.18657267093658447]","[0.4137943685054779, 0.5862056612968445]",0.5862056612968445
00043899.npy,1,1,"[-0.1160128191113472, 0.09672210365533829]","[0.4470159709453583, 0.5529840588569641]",0.5529840588569641
00043900.npy,1,1,"[-0.19027262926101685, 0.2740146815776825]","[0.38596922159194946, 0.6140307188034058]",0.6140307188034058
00043901.npy,1,1,"[-0.15051206946372986, 0.1089666560292244]","[0.4354918897151947, 0.5645081400871277]",0.5645081400871277
00043902.npy,1,1,"[-0.2000848650932312, 0.19260603189468384]","[0.40306973457336426, 0.5969303250312805]",0.5969303250312805
00043903.npy,1,1,"[-0.07307950407266617, 0.3924913704395294]","[0.38566508889198303, 0.6143348813056946]",0.6143348813056946
00043904.npy,1,1,"[0.07301568239927292, 0.568205714225769]","[0.37867167592048645, 0.6213282942771912]",0.6213282942771912
00043905.npy,1,1,"[-0.2811918258666992, -0.01737309992313385]","[0.4344252049922943, 0.5655747652053833]",0.5655747652053833
00043906.npy,1,1,"[0.13968193531036377, 0.5706165432929993]","[0.3939031958580017, 0.6060968041419983]",0.6060968041419983
00043907.npy,1,1,"[0.2969515323638916, 0.4881560504436493]","[0.45234397053718567, 0.5476559996604919]",0.5476559996604919
00043908.npy,1,1,"[0.07136939465999603, 0.36505165696144104]","[0.42710262537002563, 0.5728973746299744]",0.5728973746299744
00043909.npy,1,1,"[0.030387215316295624, 0.26591673493385315]","[0.441388338804245, 0.5586116909980774]",0.5586116909980774
00043910.npy,1,1,"[0.08796393126249313, 0.46847543120384216]","[0.40600350499153137, 0.5939964652061462]",0.5939964652061462
00043911.npy,1,1,"[0.05599407106637955, 0.4226522743701935]","[0.4093487560749054, 0.5906512141227722]",0.5906512141227722
00043912.npy,1,1,"[-0.045721761882305145, 0.12824520468711853]","[0.4566176235675812, 0.5433824062347412]",0.5433824062347412
00043913.npy,1,1,"[-0.012876875698566437, 0.25090426206588745]","[0.4344344437122345, 0.5655655264854431]",0.5655655264854431
00043914.npy,1,1,"[-0.03384566307067871, 0.37179136276245117]","[0.3999587297439575, 0.6000412702560425]",0.6000412702560425
00043915.npy,0,1,"[0.010612964630126953, 0.40654340386390686]","[0.4022905230522156, 0.5977095365524292]",0.5977095365524292
00043916.npy,1,1,"[0.09658975154161453, 0.6320674419403076]","[0.3692402243614197, 0.6307597756385803]",0.6307597756385803
00043917.npy,1,1,"[0.15606826543807983, 0.5918115973472595]","[0.3927557170391083, 0.6072443127632141]",0.6072443127632141
00043918.npy,0,1,"[-0.27063459157943726, 0.34438076615333557]","[0.35091596841812134, 0.6490840911865234]",0.6490840911865234
00043919.npy,1,1,"[-0.1330590695142746, 0.27874237298965454]","[0.39848023653030396, 0.601519763469696]",0.601519763469696
00043920.npy,1,1,"[-0.07828701287508011, 0.2465473711490631]","[0.4194980263710022, 0.5805019736289978]",0.5805019736289978
00043921.npy,1,1,"[-0.1068771556019783, 0.23618710041046143]","[0.41506534814834595, 0.5849347114562988]",0.5849347114562988
00043922.npy,1,1,"[-0.03821778669953346, 0.05036034435033798]","[0.4778699278831482, 0.5221300721168518]",0.5221300721168518
00043923.npy,1,1,"[-0.010815754532814026, 0.21711480617523193]","[0.4432627856731415, 0.5567372441291809]",0.5567372441291809
00043924.npy,0,1,"[-0.15578719973564148, 0.12547269463539124]","[0.43014493584632874, 0.5698550939559937]",0.5698550939559937
00043925.npy,0,1,"[-0.12089914083480835, 0.5680913925170898]","[0.33425769209861755, 0.6657423377037048]",0.6657423377037048
00043926.npy,0,1,"[0.03891700506210327, 0.5903683304786682]","[0.36552777886390686, 0.6344722509384155]",0.6344722509384155
00043927.npy,1,1,"[0.10797355324029922, 0.5161688923835754]","[0.39934489130973816, 0.6006550788879395]",0.6006550788879395
00043928.npy,1,1,"[0.03321220725774765, 0.4201868176460266]","[0.4044457972049713, 0.5955541729927063]",0.5955541729927063
00043929.npy,1,1,"[0.002804744988679886, 0.35432958602905273]","[0.41301271319389343, 0.5869872570037842]",0.5869872570037842
00043930.npy,1,1,"[-0.08344538509845734, 0.1450503170490265]","[0.44312334060668945, 0.5568767189979553]",0.5568767189979553
00043931.npy,1,1,"[0.004415694624185562, 0.4312126934528351]","[0.3948914706707001, 0.6051085591316223]",0.6051085591316223
00043932.npy,1,1,"[0.05317288637161255, 0.20412787795066833]","[0.46233275532722473, 0.5376672148704529]",0.5376672148704529
00043933.npy,1,1,"[-0.2779105007648468, 0.31417107582092285]","[0.3561573922634125, 0.6438426375389099]",0.6438426375389099
00043934.npy,1,1,"[-0.1154954582452774, 0.20067626237869263]","[0.4216090142726898, 0.5783909559249878]",0.5783909559249878
00043935.npy,1,1,"[-0.1624147891998291, 0.0199267715215683]","[0.454540491104126, 0.545459508895874]",0.545459508895874
00043936.npy,0,1,"[0.12449952214956284, 0.3616008758544922]","[0.4410008192062378, 0.5589991807937622]",0.5589991807937622
00043937.npy,1,1,"[-0.09490734338760376, 0.07428992539644241]","[0.45780131220817566, 0.542198657989502]",0.542198657989502
00043938.npy,1,1,"[0.1439588963985443, 0.4406498372554779]","[0.4263666272163391, 0.5736333727836609]",0.5736333727836609
00043939.npy,1,1,"[-0.0789240226149559, 0.2002536952495575]","[0.4306553900241852, 0.5693446397781372]",0.5693446397781372
00043940.npy,1,1,"[-0.3540547788143158, 0.038519710302352905]","[0.4030976891517639, 0.5969023108482361]",0.5969023108482361
00043941.npy,1,1,"[0.25801554322242737, 0.47532758116722107]","[0.4458847641944885, 0.5541152358055115]",0.5541152358055115
00043942.npy,1,1,"[0.04560897499322891, 0.23379606008529663]","[0.453091561794281, 0.5469083786010742]",0.5469083786010742
00043943.npy,0,1,"[0.3116685152053833, 0.7337011694908142]","[0.3960304856300354, 0.6039695739746094]",0.6039695739746094
00043944.npy,1,1,"[-0.025058113038539886, 0.30143511295318604]","[0.41909411549568176, 0.5809058547019958]",0.5809058547019958
00043945.npy,1,1,"[-0.18539562821388245, 0.20905977487564087]","[0.4026452302932739, 0.5973547697067261]",0.5973547697067261
00043946.npy,1,1,"[-0.06807717680931091, 0.27756088972091675]","[0.4144405722618103, 0.5855594277381897]",0.5855594277381897
00043947.npy,1,1,"[0.270506352186203, 0.5069862604141235]","[0.44115400314331055, 0.5588459968566895]",0.5588459968566895
00043948.npy,0,1,"[-0.06866159290075302, 0.2961311340332031]","[0.40979987382888794, 0.5902001261711121]",0.5902001261711121
00043949.npy,1,1,"[-0.08508270978927612, 0.33546483516693115]","[0.39638572931289673, 0.6036142706871033]",0.6036142706871033
00043950.npy,1,1,"[0.16926714777946472, 0.2148604691028595]","[0.4886036217212677, 0.5113963484764099]",0.5113963484764099
00043951.npy,1,1,"[0.0026963017880916595, 0.22515839338302612]","[0.4446127116680145, 0.5553873181343079]",0.5553873181343079
00043952.npy,0,1,"[-0.1617262065410614, 0.26534003019332886]","[0.39482712745666504, 0.6051729321479797]",0.6051729321479797
00043953.npy,1,1,"[-0.08188711106777191, 0.0901937261223793]","[0.45708563923835754, 0.5429143905639648]",0.5429143905639648
00043954.npy,1,1,"[-0.24627327919006348, 0.18544688820838928]","[0.39371564984321594, 0.6062843203544617]",0.6062843203544617
00043955.npy,1,1,"[0.017497897148132324, 0.17271485924720764]","[0.4612734913825989, 0.5387265086174011]",0.5387265086174011
00043956.npy,0,1,"[-0.14701911807060242, 0.19780752062797546]","[0.4146375060081482, 0.5853624939918518]",0.5853624939918518
00043957.npy,0,1,"[-0.542914628982544, -0.2639467120170593]","[0.43070679903030396, 0.569293200969696]",0.569293200969696
00043958.npy,1,1,"[0.0720108300447464, 0.4391978979110718]","[0.4092208743095398, 0.5907790660858154]",0.5907790660858154
00043959.npy,1,1,"[-0.13266593217849731, 0.28412219882011414]","[0.3972855508327484, 0.6027144193649292]",0.6027144193649292
00043960.npy,1,1,"[-0.1987590491771698, 0.07770442217588425]","[0.43132102489471436, 0.5686789751052856]",0.5686789751052856
00043961.npy,1,1,"[-0.10787360370159149, 0.08853597193956375]","[0.4510548710823059, 0.5489451289176941]",0.5489451289176941
00043962.npy,1,1,"[-0.11053907126188278, 0.15140563249588013]","[0.434885710477829, 0.5651142597198486]",0.5651142597198486
00043963.npy,1,1,"[-0.2514236271381378, 0.24676364660263062]","[0.3779667615890503, 0.6220332384109497]",0.6220332384109497
00043964.npy,1,1,"[0.062474824488162994, 0.43360206484794617]","[0.40826866030693054, 0.5917313098907471]",0.5917313098907471
00043965.npy,1,1,"[0.02558838576078415, 0.6278451681137085]","[0.353827565908432, 0.6461724638938904]",0.6461724638938904
00043966.npy,0,1,"[-0.15314096212387085, 0.09089843183755875]","[0.4392911493778229, 0.5607088208198547]",0.5607088208198547
00043967.npy,0,1,"[0.02298138290643692, 0.47362568974494934]","[0.3892075717449188, 0.6107923984527588]",0.6107923984527588
00043968.npy,1,1,"[-0.36447566747665405, -0.03302673250436783]","[0.4178881049156189, 0.5821118354797363]",0.5821118354797363
00043969.npy,0,1,"[-0.12872658669948578, 0.1779564619064331]","[0.42392459511756897, 0.5760754346847534]",0.5760754346847534
00043970.npy,0,1,"[-0.12336235493421555, 0.11012109369039536]","[0.4418928921222687, 0.5581071376800537]",0.5581071376800537
00043971.npy,0,1,"[-0.14950501918792725, 0.2172957956790924]","[0.4093143045902252, 0.5906857252120972]",0.5906857252120972
00043972.npy,1,1,"[-0.09846267849206924, 0.38885629177093506]","[0.3805253505706787, 0.6194745898246765]",0.6194745898246765
00043973.npy,1,1,"[-0.09405018389225006, 0.5957221388816833]","[0.3340837359428406, 0.6659162044525146]",0.6659162044525146
00043974.npy,1,1,"[-0.042844921350479126, 0.281663179397583]","[0.4195774793624878, 0.5804225206375122]",0.5804225206375122
00043975.npy,1,1,"[-0.005610104650259018, 0.3149724304676056]","[0.42053380608558655, 0.5794662237167358]",0.5794662237167358
00043976.npy,1,1,"[-0.026262933388352394, 0.20584392547607422]","[0.4422324001789093, 0.5577675700187683]",0.5577675700187683
00043977.npy,1,1,"[0.008059144020080566, 0.4302266836166382]","[0.39599817991256714, 0.6040018200874329]",0.6040018200874329
00043978.npy,1,1,"[-0.04299456626176834, 0.42727264761924744]","[0.3845529854297638, 0.6154469847679138]",0.6154469847679138
00043979.npy,1,1,"[-0.0005846880376338959, 0.29948747158050537]","[0.42553985118865967, 0.5744601488113403]",0.5744601488113403
00043980.npy,1,1,"[0.0479653999209404, 0.3778688609600067]","[0.41826412081718445, 0.5817358493804932]",0.5817358493804932
00043981.npy,1,1,"[-0.01446162536740303, 0.19205376505851746]","[0.4485538601875305, 0.5514460802078247]",0.5514460802078247
00043982.npy,0,1,"[-0.11014287918806076, 0.15089330077171326]","[0.43510901927948, 0.56489098072052]",0.56489098072052
00043983.npy,1,1,"[-0.046962253749370575, 0.1348690688610077]","[0.45466703176498413, 0.5453330278396606]",0.5453330278396606
00043984.npy,1,1,"[0.18815356492996216, 0.1992431879043579]","[0.49722760915756226, 0.502772331237793]",0.502772331237793
00043985.npy,1,1,"[-0.07461069524288177, 0.15773355960845947]","[0.4421738386154175, 0.5578261613845825]",0.5578261613845825
00043986.npy,1,1,"[-0.0771779790520668, 0.2619464695453644]","[0.4160222113132477, 0.5839778184890747]",0.5839778184890747
00043987.npy,0,1,"[-0.1521715521812439, 0.11248690634965897]","[0.4342189133167267, 0.5657811164855957]",0.5657811164855957
00043988.npy,1,1,"[0.07131151109933853, 0.36194732785224915]","[0.427848219871521, 0.572151780128479]",0.572151780128479
00043989.npy,1,1,"[-0.17379726469516754, 0.10313419252634048]","[0.43120622634887695, 0.568793773651123]",0.568793773651123
00043990.npy,1,1,"[0.14745578169822693, 0.4836687743663788]","[0.4167296886444092, 0.5832703113555908]",0.5832703113555908
00043991.npy,1,1,"[-0.0019447952508926392, 0.3776049315929413]","[0.4062355160713196, 0.5937644839286804]",0.5937644839286804
00043992.npy,1,1,"[-0.3401953876018524, 0.2163485586643219]","[0.36434751749038696, 0.635652482509613]",0.635652482509613
00043993.npy,1,1,"[0.0640365406870842, 0.3777606189250946]","[0.42220598459243774, 0.5777940154075623]",0.5777940154075623
00043994.npy,1,1,"[-0.13202598690986633, 0.19605830311775208]","[0.41870683431625366, 0.5812931656837463]",0.5812931656837463
00043995.npy,1,1,"[0.12199809402227402, 0.5243873596191406]","[0.4007384181022644, 0.5992615818977356]",0.5992615818977356
00043996.npy,1,1,"[0.05684047192335129, 0.2420547604560852]","[0.453828364610672, 0.5461716651916504]",0.5461716651916504
00043997.npy,1,1,"[0.20920008420944214, 0.5531062483787537]","[0.41486093401908875, 0.5851390361785889]",0.5851390361785889
00043998.npy,1,1,"[0.13773295283317566, 0.4962938725948334]","[0.4113079607486725, 0.5886920094490051]",0.5886920094490051
00043999.npy,1,1,"[0.03050518035888672, 0.20174643397331238]","[0.4572939872741699, 0.5427060127258301]",0.5427060127258301
00044000.npy,1,1,"[-0.07256048917770386, 0.27434176206588745]","[0.41413384675979614, 0.5858662128448486]",0.5858662128448486
00044001.npy,1,1,"[-0.023125214502215385, 0.11241848021745682]","[0.4661658704280853, 0.5338340997695923]",0.5338340997695923
00044002.npy,1,1,"[0.06746544688940048, 0.3084278106689453]","[0.4400492012500763, 0.5599507689476013]",0.5599507689476013
00044003.npy,1,1,"[-0.011333897709846497, 0.27823126316070557]","[0.4281103312969208, 0.5718896389007568]",0.5718896389007568
00044004.npy,1,1,"[0.15006834268569946, 0.3443785011768341]","[0.45157474279403687, 0.5484252572059631]",0.5484252572059631
00044005.npy,1,1,"[-0.09665687382221222, 0.25799769163131714]","[0.4122541546821594, 0.5877457857131958]",0.5877457857131958
00044006.npy,1,1,"[-0.09107455611228943, 0.2850663959980011]","[0.4070580005645752, 0.5929419994354248]",0.5929419994354248
00044007.npy,1,1,"[-0.19185227155685425, 0.1934918761253357]","[0.4048386216163635, 0.5951613783836365]",0.5951613783836365
00044008.npy,1,1,"[-0.305024653673172, 0.12705671787261963]","[0.39362940192222595, 0.6063705682754517]",0.6063705682754517
00044009.npy,1,1,"[0.07038616389036179, 0.379675954580307]","[0.42328813672065735, 0.576711893081665]",0.576711893081665
00044010.npy,1,1,"[0.009324345737695694, 0.17509421706199646]","[0.45865216851234436, 0.541347861289978]",0.541347861289978
00044011.npy,1,1,"[-0.31496044993400574, 0.26425716280937195]","[0.3591126501560211, 0.6408873796463013]",0.6408873796463013
00044012.npy,1,1,"[-0.018353845924139023, 0.14881622791290283]","[0.4583045542240143, 0.5416954755783081]",0.5416954755783081
00044013.npy,1,1,"[-0.14966359734535217, 0.014167383313179016]","[0.4591336250305176, 0.5408663749694824]",0.5408663749694824
00044014.npy,1,1,"[-0.06927326321601868, 0.19335296750068665]","[0.43471822142601013, 0.5652817487716675]",0.5652817487716675
00044015.npy,0,1,"[-0.05724326893687248, 0.49924424290657043]","[0.3643605709075928, 0.6356393694877625]",0.6356393694877625
00044016.npy,1,1,"[0.017282523214817047, 0.3545074164867401]","[0.4164837598800659, 0.5835162401199341]",0.5835162401199341
00044017.npy,1,1,"[-0.16728825867176056, 0.09509136527776718]","[0.4347788691520691, 0.5652211904525757]",0.5652211904525757
00044018.npy,1,1,"[-0.03396869823336601, 0.3236474096775055]","[0.4115367531776428, 0.5884632468223572]",0.5884632468223572
00044019.npy,1,1,"[0.044394806027412415, 0.5970643758773804]","[0.3652452826499939, 0.6347547173500061]",0.6347547173500061
00044020.npy,0,1,"[-0.24914902448654175, 0.033269546926021576]","[0.4298609495162964, 0.5701391100883484]",0.5701391100883484
00044021.npy,1,1,"[-0.3407023549079895, 0.007863283157348633]","[0.41373029351234436, 0.5862696766853333]",0.5862696766853333
00044022.npy,1,1,"[0.08160486072301865, 0.3643994927406311]","[0.42976880073547363, 0.5702312588691711]",0.5702312588691711
00044023.npy,1,1,"[-0.25159186124801636, -0.049283627420663834]","[0.44959476590156555, 0.5504052639007568]",0.5504052639007568
00044024.npy,1,1,"[-0.3701353371143341, -0.07091109454631805]","[0.4257471561431885, 0.5742529034614563]",0.5742529034614563
00044025.npy,1,1,"[-0.20810097455978394, 0.05880162864923477]","[0.4336676597595215, 0.5663323402404785]",0.5663323402404785
00044026.npy,1,1,"[0.05905731022357941, 0.32631632685661316]","[0.4335801303386688, 0.5664198398590088]",0.5664198398590088
00044027.npy,1,1,"[0.07012350112199783, 0.3045128285884857]","[0.4416694641113281, 0.5583305358886719]",0.5583305358886719
00044028.npy,1,1,"[0.15891122817993164, 0.36692529916763306]","[0.44818320870399475, 0.5518168210983276]",0.5518168210983276
00044029.npy,1,1,"[0.0831233337521553, 0.6207441091537476]","[0.3687412142753601, 0.6312587857246399]",0.6312587857246399
00044030.npy,1,1,"[-0.15329113602638245, 0.027329176664352417]","[0.4549672603607178, 0.5450326800346375]",0.5450326800346375
00044031.npy,1,1,"[-0.08660238981246948, 0.2190455198287964]","[0.4241774082183838, 0.5758225917816162]",0.5758225917816162
00044032.npy,1,1,"[0.07179724425077438, 0.25917160511016846]","[0.45329296588897705, 0.546707034111023]",0.546707034111023
00044033.npy,1,1,"[0.005704235285520554, 0.38355597853660583]","[0.40664511919021606, 0.5933548808097839]",0.5933548808097839
00044034.npy,1,1,"[-0.27360254526138306, 0.02937886118888855]","[0.42482879757881165, 0.575171172618866]",0.575171172618866
00044035.npy,1,1,"[0.08750960975885391, 0.46776387095451355]","[0.40606558322906494, 0.5939344167709351]",0.5939344167709351
00044036.npy,1,1,"[-0.2377719283103943, -0.0575445257127285]","[0.45506471395492554, 0.5449352860450745]",0.5449352860450745
00044037.npy,1,1,"[0.058146245777606964, 0.8447544574737549]","[0.3128974139690399, 0.6871025562286377]",0.6871025562286377
00044038.npy,1,1,"[-0.06323076784610748, 0.3234553337097168]","[0.4045152962207794, 0.5954846739768982]",0.5954846739768982
00044039.npy,1,1,"[0.1830587089061737, 0.4844442903995514]","[0.425218790769577, 0.5747811794281006]",0.5747811794281006
00044040.npy,1,1,"[0.04267273098230362, 0.29371750354766846]","[0.4375663697719574, 0.562433660030365]",0.562433660030365
00044041.npy,1,1,"[-0.06144104152917862, 0.08600486069917679]","[0.4632051885128021, 0.5367948412895203]",0.5367948412895203
00044042.npy,1,1,"[-0.09509465098381042, 0.2891322672367096]","[0.4051078259944916, 0.5948922038078308]",0.5948922038078308
00044043.npy,1,1,"[0.1862289309501648, 0.2521904706954956]","[0.48351559042930603, 0.5164843797683716]",0.5164843797683716
00044044.npy,1,1,"[-0.34126177430152893, 0.16466492414474487]","[0.37614890933036804, 0.6238511204719543]",0.6238511204719543
00044045.npy,1,1,"[-0.1393088549375534, 0.3027955889701843]","[0.39123961329460144, 0.6087603569030762]",0.6087603569030762
00044046.npy,1,1,"[-0.2680162489414215, 0.08699067682027817]","[0.41216880083084106, 0.5878312587738037]",0.5878312587738037
00044047.npy,1,1,"[-0.22009626030921936, 0.5214273929595947]","[0.3226710557937622, 0.6773289442062378]",0.6773289442062378
00044048.npy,1,1,"[0.038771092891693115, 0.2811529338359833]","[0.4396995007991791, 0.5603005290031433]",0.5603005290031433
00044049.npy,1,1,"[-0.052580825984478, 0.23997318744659424]","[0.42737871408462524, 0.5726212859153748]",0.5726212859153748
00044050.npy,0,1,"[0.002913735806941986, 0.43135419487953186]","[0.3944987952709198, 0.6055012345314026]",0.6055012345314026
00044051.npy,1,1,"[0.08541201800107956, 0.5947967767715454]","[0.37533774971961975, 0.6246622204780579]",0.6246622204780579
00044052.npy,1,1,"[0.07238797843456268, 0.2556489109992981]","[0.4543125629425049, 0.5456874370574951]",0.5456874370574951
00044053.npy,1,1,"[-0.16618740558624268, 0.12052962929010391]","[0.42880779504776, 0.5711922645568848]",0.5711922645568848
00044054.npy,1,1,"[-0.05539585277438164, 0.2961027920246124]","[0.413019061088562, 0.586980938911438]",0.586980938911438
00044055.npy,1,1,"[-0.1699163019657135, 0.2257806360721588]","[0.4023466408252716, 0.597653329372406]",0.597653329372406
00044056.npy,1,1,"[-0.04559218883514404, 0.4370187222957611]","[0.3816358149051666, 0.6183642148971558]",0.6183642148971558
00044057.npy,1,1,"[0.027975983917713165, 0.43138718605041504]","[0.4004930257797241, 0.5995069146156311]",0.5995069146156311
00044058.npy,1,1,"[-0.06466453522443771, 0.16349294781684875]","[0.443206787109375, 0.556793212890625]",0.556793212890625
00044059.npy,1,1,"[0.10593932121992111, 0.19340667128562927]","[0.47814708948135376, 0.5218529105186462]",0.5218529105186462
00044060.npy,1,1,"[0.03631240129470825, 0.4085787534713745]","[0.40799352526664734, 0.592006504535675]",0.592006504535675
00044061.npy,1,1,"[-0.3045411705970764, 0.05062218755483627]","[0.41213086247444153, 0.5878691077232361]",0.5878691077232361
00044062.npy,1,1,"[-0.23833763599395752, 0.1688806116580963]","[0.39957934617996216, 0.6004206538200378]",0.6004206538200378
00044063.npy,1,1,"[0.1842878758907318, 0.9543110132217407]","[0.3164741098880768, 0.6835258603096008]",0.6835258603096008
00044064.npy,1,1,"[-0.17700856924057007, 0.24126511812210083]","[0.39692991971969604, 0.603070080280304]",0.603070080280304
00044065.npy,1,1,"[0.02555440366268158, 0.2839576005935669]","[0.43575626611709595, 0.564243733882904]",0.564243733882904
00044066.npy,1,1,"[-0.05707886442542076, 0.1890452802181244]","[0.43877771496772766, 0.5612223148345947]",0.5612223148345947
00044067.npy,1,1,"[-0.11007317900657654, 0.22117596864700317]","[0.4179367125034332, 0.5820632576942444]",0.5820632576942444
00044068.npy,1,1,"[-0.2057884931564331, 0.14349794387817383]","[0.41355544328689575, 0.5864444971084595]",0.5864444971084595
00044069.npy,1,1,"[0.06047443300485611, 0.3340265154838562]","[0.43203526735305786, 0.5679646730422974]",0.5679646730422974
00044070.npy,1,1,"[-0.05808446928858757, 0.1259256899356842]","[0.4541268050670624, 0.5458731651306152]",0.5458731651306152
00044071.npy,1,1,"[0.05508756637573242, 0.20149797201156616]","[0.46346262097358704, 0.5365373492240906]",0.5365373492240906
00044072.npy,1,1,"[-0.08875775337219238, 0.5902632474899292]","[0.3364798128604889, 0.6635201573371887]",0.6635201573371887
00044073.npy,1,1,"[-0.10963158309459686, 0.3116675317287445]","[0.39620593190193176, 0.6037940979003906]",0.6037940979003906
00044074.npy,1,1,"[-0.2694489061832428, 0.18035674095153809]","[0.3894069492816925, 0.6105930209159851]",0.6105930209159851
00044075.npy,1,1,"[-0.15222731232643127, 0.36112266778945923]","[0.3744085431098938, 0.6255914568901062]",0.6255914568901062
00044076.npy,1,1,"[0.1193455383181572, 0.40651941299438477]","[0.4286958873271942, 0.5713041424751282]",0.5713041424751282
00044077.npy,1,1,"[-0.11947932094335556, 0.07840783149003983]","[0.4506889879703522, 0.5493109822273254]",0.5493109822273254
00044078.npy,1,1,"[0.025628894567489624, 0.1179518923163414]","[0.47693562507629395, 0.523064374923706]",0.523064374923706
00044079.npy,1,1,"[-0.11921082437038422, 0.0445268452167511]","[0.4591567814350128, 0.5408431887626648]",0.5408431887626648
00044080.npy,1,1,"[0.008707936853170395, 0.3841017782688141]","[0.40723830461502075, 0.5927616953849792]",0.5927616953849792
00044081.npy,1,1,"[-0.18025127053260803, 0.12535721063613892]","[0.424187034368515, 0.5758129954338074]",0.5758129954338074
00044082.npy,0,1,"[-0.03396524861454964, 0.277015745639801]","[0.4228752851486206, 0.5771247148513794]",0.5771247148513794
00044083.npy,1,1,"[-0.1907060742378235, 0.12903755903244019]","[0.42073822021484375, 0.5792617797851562]",0.5792617797851562
00044084.npy,0,1,"[0.08314428478479385, 0.38976427912712097]","[0.423939973115921, 0.5760599970817566]",0.5760599970817566
00044085.npy,1,1,"[-0.19927728176116943, 0.009965300559997559]","[0.4478794038295746, 0.5521206259727478]",0.5521206259727478
00044086.npy,1,1,"[-0.16646060347557068, 0.07376288622617722]","[0.4402312636375427, 0.5597687363624573]",0.5597687363624573
00044087.npy,1,1,"[-0.09122130274772644, 0.1806844174861908]","[0.43243929743766785, 0.5675606727600098]",0.5675606727600098
00044088.npy,1,1,"[0.014259792864322662, 0.3703444004058838]","[0.41190770268440247, 0.5880923271179199]",0.5880923271179199
00044089.npy,1,1,"[0.030028387904167175, 0.3257116973400116]","[0.42661306262016296, 0.5733869075775146]",0.5733869075775146
00044090.npy,1,1,"[-0.1282273232936859, 0.08665298670530319]","[0.4464856684207916, 0.553514301776886]",0.553514301776886
00044091.npy,1,1,"[-0.119651660323143, 0.1585337221622467]","[0.4308987259864807, 0.5691013336181641]",0.5691013336181641
00044092.npy,1,1,"[0.10947895795106888, 0.5722839832305908]","[0.3863205909729004, 0.6136793494224548]",0.6136793494224548
00044093.npy,0,1,"[0.0020734257996082306, 0.44516721367836]","[0.3910040557384491, 0.6089959740638733]",0.6089959740638733
00044094.npy,1,1,"[0.016157075762748718, 0.3762247562408447]","[0.4109431803226471, 0.5890567898750305]",0.5890567898750305
00044095.npy,1,1,"[0.48054927587509155, 0.8978906869888306]","[0.3971531093120575, 0.6028469204902649]",0.6028469204902649
00044096.npy,1,1,"[-0.03800567239522934, 0.33522894978523254]","[0.4077596366405487, 0.5922403335571289]",0.5922403335571289
00044097.npy,1,1,"[0.0261039137840271, 0.24239110946655273]","[0.44613802433013916, 0.5538620352745056]",0.5538620352745056
00044098.npy,0,1,"[0.029863469302654266, 0.359774649143219]","[0.418262243270874, 0.581737756729126]",0.581737756729126
00044099.npy,1,1,"[-0.00952501967549324, 0.2645609378814697]","[0.43190425634384155, 0.5680956840515137]",0.5680956840515137
00044100.npy,1,1,"[-0.13512012362480164, 0.3284340500831604]","[0.3861430287361145, 0.6138569712638855]",0.6138569712638855
00044101.npy,1,1,"[-0.030639925971627235, 0.3345834016799927]","[0.40969571471214294, 0.5903042554855347]",0.5903042554855347
00044102.npy,1,1,"[0.12700426578521729, 0.32673633098602295]","[0.4502323269844055, 0.5497676730155945]",0.5497676730155945
00044103.npy,1,1,"[-0.3354862928390503, 0.22850215435028076]","[0.3626251220703125, 0.6373748779296875]",0.6373748779296875
00044104.npy,1,1,"[0.0003727339208126068, 0.26154041290283203]","[0.43507668375968933, 0.5649232864379883]",0.5649232864379883
00044105.npy,1,1,"[-0.018068067729473114, 0.36547955870628357]","[0.4052715003490448, 0.5947284698486328]",0.5947284698486328
00044106.npy,1,1,"[-0.15217384696006775, 0.27616170048713684]","[0.39452385902404785, 0.6054761409759521]",0.6054761409759521
00044107.npy,1,1,"[-0.028802059590816498, 0.25747454166412354]","[0.42891567945480347, 0.5710843801498413]",0.5710843801498413
00044108.npy,1,1,"[-0.04720408841967583, 0.27279412746429443]","[0.42067620158195496, 0.5793237686157227]",0.5793237686157227
00044109.npy,1,1,"[0.005276519805192947, 0.3721525967121124]","[0.40929609537124634, 0.5907039046287537]",0.5907039046287537
00044110.npy,1,1,"[-0.12615734338760376, 0.06640829890966415]","[0.45200681686401367, 0.5479931831359863]",0.5479931831359863
00044111.npy,1,1,"[-0.055919576436281204, 0.33127734065055847]","[0.404392272233963, 0.5956076979637146]",0.5956076979637146
00044112.npy,1,1,"[-0.006052330136299133, 0.27501311898231506]","[0.43019258975982666, 0.5698074102401733]",0.5698074102401733
00044113.npy,1,1,"[0.026921696960926056, 0.43303897976875305]","[0.3998434841632843, 0.6001564860343933]",0.6001564860343933
00044114.npy,1,1,"[-0.039536669850349426, 0.3081643879413605]","[0.4139400124549866, 0.5860599875450134]",0.5860599875450134
00044115.npy,1,1,"[0.18887120485305786, 0.6901531219482422]","[0.377239465713501, 0.622760534286499]",0.622760534286499
00044116.npy,1,1,"[-0.018558025360107422, 0.41122594475746155]","[0.39417794346809387, 0.6058220863342285]",0.6058220863342285
00044117.npy,1,1,"[0.17786574363708496, 0.45717087388038635]","[0.4306241571903229, 0.5693758726119995]",0.5693758726119995
00044118.npy,1,1,"[0.07506363838911057, 0.37154683470726013]","[0.42641741037368774, 0.5735825896263123]",0.5735825896263123
00044119.npy,1,1,"[-0.3312234580516815, 0.0955936387181282]","[0.39488667249679565, 0.6051133871078491]",0.6051133871078491
00044120.npy,1,1,"[-0.07291874289512634, 0.18553954362869263]","[0.43574273586273193, 0.5642572641372681]",0.5642572641372681
00044121.npy,1,1,"[-0.1654362976551056, 0.16355016827583313]","[0.4184872508049011, 0.5815126895904541]",0.5815126895904541
00044122.npy,1,0,"[0.23640790581703186, 0.2203693687915802]","[0.5040095448493958, 0.49599045515060425]",0.49599045515060425
00044123.npy,1,1,"[0.061776816844940186, 0.4172643721103668]","[0.41205233335494995, 0.58794766664505]",0.58794766664505
00044124.npy,1,1,"[-0.08459098637104034, 0.24922874569892883]","[0.41731148958206177, 0.5826884508132935]",0.5826884508132935
00044125.npy,1,1,"[0.08145233243703842, 0.27088961005210876]","[0.4527817964553833, 0.5472182035446167]",0.5472182035446167
00044126.npy,1,1,"[0.1469070315361023, 0.7128090262413025]","[0.36218294501304626, 0.6378170251846313]",0.6378170251846313
00044127.npy,1,1,"[0.14685246348381042, 0.27885112166404724]","[0.46704816818237305, 0.532951831817627]",0.532951831817627
00044128.npy,1,1,"[0.11555793136358261, 0.6623519062995911]","[0.36660853028297424, 0.6333914399147034]",0.6333914399147034
00044129.npy,1,1,"[0.07518240064382553, 0.17801567912101746]","[0.47431430220603943, 0.5256856679916382]",0.5256856679916382
00044130.npy,1,1,"[-0.06869517266750336, 0.2391340732574463]","[0.42364469170570374, 0.5763552784919739]",0.5763552784919739
00044131.npy,1,1,"[-0.2106471061706543, 0.026874661445617676]","[0.4408971965312958, 0.5591028332710266]",0.5591028332710266
00044132.npy,1,1,"[-0.1751755177974701, 0.20139935612678528]","[0.40695324540138245, 0.5930467247962952]",0.5930467247962952
00044133.npy,1,1,"[0.02074877917766571, 0.5335341095924377]","[0.3745408058166504, 0.6254591941833496]",0.6254591941833496
00044134.npy,1,1,"[0.028859488666057587, 0.3399411737918854]","[0.42285072803497314, 0.5771492719650269]",0.5771492719650269
00044135.npy,1,1,"[-0.07328978925943375, 0.24687522649765015]","[0.42063555121421814, 0.5793644189834595]",0.5793644189834595
00044136.npy,0,1,"[-0.31978845596313477, -0.038243215531110764]","[0.4300749897956848, 0.5699250102043152]",0.5699250102043152
00044137.npy,1,1,"[0.06572360545396805, 0.1949509084224701]","[0.4677380919456482, 0.5322619676589966]",0.5322619676589966
00044138.npy,1,1,"[0.0646897703409195, 0.3284514844417572]","[0.4344392418861389, 0.5655608177185059]",0.5655608177185059
00044139.npy,1,1,"[-0.05935254693031311, 0.18379366397857666]","[0.43951117992401123, 0.5604888796806335]",0.5604888796806335
00044140.npy,1,1,"[-0.3049370348453522, 0.11921795457601547]","[0.39552292227745056, 0.6044771075248718]",0.6044771075248718
00044141.npy,1,1,"[-0.30387791991233826, 0.16869086027145386]","[0.3840084373950958, 0.6159915924072266]",0.6159915924072266
00044142.npy,1,1,"[-0.06500387191772461, 0.18501415848731995]","[0.43781906366348267, 0.5621809363365173]",0.5621809363365173
00044143.npy,1,1,"[-0.06045518442988396, 0.13029372692108154]","[0.45245686173439026, 0.5475431680679321]",0.5475431680679321
00044144.npy,1,1,"[-0.018848497420549393, 0.2709878087043762]","[0.428043931722641, 0.5719560384750366]",0.5719560384750366
00044145.npy,1,1,"[0.2027733325958252, 0.34956690669059753]","[0.46336737275123596, 0.5366326570510864]",0.5366326570510864
00044146.npy,1,1,"[-0.1347341537475586, 0.05062171816825867]","[0.4537932276725769, 0.5462067127227783]",0.5462067127227783
00044147.npy,0,1,"[-0.04276812821626663, 0.252143532037735]","[0.4268018305301666, 0.573198139667511]",0.573198139667511
00044148.npy,1,1,"[-0.23273590207099915, -0.09172661602497101]","[0.4648059904575348, 0.5351940393447876]",0.5351940393447876
00044149.npy,1,1,"[-0.06350687891244888, 0.29821208119392395]","[0.4105435013771057, 0.5894564390182495]",0.5894564390182495
00044150.npy,1,1,"[-0.11844615638256073, 0.2880358397960663]","[0.39975595474243164, 0.6002439856529236]",0.6002439856529236
00044151.npy,1,1,"[-0.12065180391073227, 0.1548340916633606]","[0.43156078457832336, 0.5684391856193542]",0.5684391856193542
00044152.npy,1,1,"[-0.020464839413762093, 0.271459698677063]","[0.42753276228904724, 0.5724672079086304]",0.5724672079086304
00044153.npy,1,1,"[-0.28987428545951843, 0.07051799446344376]","[0.41086459159851074, 0.5891354084014893]",0.5891354084014893
00044154.npy,1,1,"[-0.17851078510284424, 0.0787833109498024]","[0.43602898716926575, 0.5639709830284119]",0.5639709830284119
00044155.npy,1,1,"[-0.09876690804958344, 0.26426753401756287]","[0.4102252125740051, 0.5897748470306396]",0.5897748470306396
00044156.npy,1,1,"[0.11002706736326218, 0.2922614514827728]","[0.4545670747756958, 0.5454329252243042]",0.5454329252243042
00044157.npy,1,1,"[0.02953667938709259, 0.3584538400173187]","[0.41850414872169495, 0.5814958810806274]",0.5814958810806274
00044158.npy,1,1,"[-0.07913646847009659, 0.26772791147232056]","[0.41414299607276917, 0.5858569741249084]",0.5858569741249084
00044159.npy,0,1,"[-0.2671833038330078, 0.28648826479911804]","[0.3650130033493042, 0.6349870562553406]",0.6349870562553406
00044160.npy,1,1,"[-0.009186472743749619, 0.08418356627225876]","[0.4766744375228882, 0.5233255624771118]",0.5233255624771118
00044161.npy,1,1,"[-0.1890767216682434, 0.22691717743873596]","[0.3974757790565491, 0.6025242209434509]",0.6025242209434509
00044162.npy,1,1,"[-0.21509885787963867, 0.12181957811117172]","[0.41655823588371277, 0.5834417939186096]",0.5834417939186096
00044163.npy,1,1,"[-0.06870327889919281, 0.4022858142852783]","[0.3843821585178375, 0.6156178116798401]",0.6156178116798401
00044164.npy,1,1,"[-0.035065408796072006, 0.16592392325401306]","[0.4499211311340332, 0.5500788688659668]",0.5500788688659668
00044165.npy,1,1,"[-0.09353014826774597, 0.2516021132469177]","[0.4145633280277252, 0.5854367017745972]",0.5854367017745972
00044166.npy,1,1,"[-0.011488039046525955, 0.1995626986026764]","[0.4474323093891144, 0.5525676608085632]",0.5525676608085632
00044167.npy,1,1,"[-0.13914716243743896, 0.23303014039993286]","[0.40801501274108887, 0.5919849872589111]",0.5919849872589111
00044168.npy,1,1,"[-0.09739898145198822, 0.21812954545021057]","[0.42176589369773865, 0.5782341361045837]",0.5782341361045837
00044169.npy,1,1,"[-0.19265219569206238, 0.2130744755268097]","[0.399937242269516, 0.6000627875328064]",0.6000627875328064
00044170.npy,1,1,"[-0.06065972521901131, 0.29073768854141235]","[0.4130435883998871, 0.5869563817977905]",0.5869563817977905
00044171.npy,1,1,"[-0.051258962601423264, 0.05644270032644272]","[0.47310057282447815, 0.5268994569778442]",0.5268994569778442
00044172.npy,1,1,"[-0.23236742615699768, 0.3788081109523773]","[0.351791113615036, 0.6482089161872864]",0.6482089161872864
00044173.npy,1,1,"[-0.271383136510849, 0.09238820523023605]","[0.41004693508148193, 0.5899531245231628]",0.5899531245231628
00044174.npy,1,1,"[-0.0922413319349289, 0.1993882954120636]","[0.42760494351387024, 0.5723950266838074]",0.5723950266838074
00044175.npy,1,1,"[0.03152275085449219, 0.2828403413295746]","[0.4374992549419403, 0.5625007748603821]",0.5625007748603821
00044176.npy,1,1,"[-0.23336654901504517, 0.17370063066482544]","[0.3996155560016632, 0.6003844141960144]",0.6003844141960144
00044177.npy,1,1,"[-0.09998144209384918, 0.11865057796239853]","[0.44555866718292236, 0.5544412732124329]",0.5544412732124329
00044178.npy,1,1,"[0.037626899778842926, 0.2894815504550934]","[0.4373670518398285, 0.5626329183578491]",0.5626329183578491
00044179.npy,1,1,"[0.07387060672044754, 0.251691073179245]","[0.4556616544723511, 0.5443383455276489]",0.5443383455276489
00044180.npy,0,1,"[-0.27940115332603455, 0.23373764753341675]","[0.3744580149650574, 0.6255419850349426]",0.6255419850349426
00044181.npy,1,1,"[-0.2621435523033142, 0.09814345091581345]","[0.4108900725841522, 0.5891098976135254]",0.5891098976135254
00044182.npy,1,1,"[0.004795361310243607, 0.228084534406662]","[0.44440847635269165, 0.5555914640426636]",0.5555914640426636
00044183.npy,1,1,"[-0.39322400093078613, -0.03164079785346985]","[0.41057637333869934, 0.589423656463623]",0.589423656463623
00044184.npy,1,1,"[-0.10042406618595123, 0.123977430164814]","[0.44413384795188904, 0.5558661222457886]",0.5558661222457886
00044185.npy,1,1,"[-0.055040229111909866, 0.1576913297176361]","[0.44701677560806274, 0.5529832243919373]",0.5529832243919373
00044186.npy,1,1,"[-0.16365858912467957, -0.0423533096909523]","[0.4697108268737793, 0.5302891731262207]",0.5302891731262207
00044187.npy,1,1,"[0.1251465380191803, 0.47807803750038147]","[0.4126717448234558, 0.587328314781189]",0.587328314781189
00044188.npy,1,1,"[-0.10900025069713593, 0.25704747438430786]","[0.40949636697769165, 0.5905036330223083]",0.5905036330223083
00044189.npy,1,1,"[-0.13359114527702332, 0.1279786229133606]","[0.43497785925865173, 0.5650221705436707]",0.5650221705436707
00044190.npy,1,1,"[0.026873521506786346, 0.19244298338890076]","[0.4587019383907318, 0.5412980318069458]",0.5412980318069458
00044191.npy,1,1,"[-0.0895504504442215, 0.2330639660358429]","[0.42003872990608215, 0.5799612998962402]",0.5799612998962402
00044192.npy,1,1,"[-0.33645933866500854, 0.024282492697238922]","[0.4107799828052521, 0.5892199873924255]",0.5892199873924255
00044193.npy,1,1,"[-0.1511918604373932, 0.11010617762804031]","[0.43504464626312256, 0.5649552941322327]",0.5649552941322327
00044194.npy,1,1,"[-0.15117232501506805, 0.19280514121055603]","[0.4148436188697815, 0.5851563811302185]",0.5851563811302185
00044195.npy,1,1,"[0.09371378272771835, 0.15895548462867737]","[0.4836953282356262, 0.516304612159729]",0.516304612159729
00044196.npy,1,1,"[-0.039845794439315796, -0.011246390640735626]","[0.4928506314754486, 0.507149338722229]",0.507149338722229
00044197.npy,1,1,"[0.016643814742565155, 0.19268706440925598]","[0.45610249042510986, 0.5438974499702454]",0.5438974499702454
00044198.npy,1,1,"[-0.5559815168380737, -0.18034276366233826]","[0.40717920660972595, 0.5928208231925964]",0.5928208231925964
00044199.npy,1,1,"[-0.18771830201148987, 0.24309951066970825]","[0.3939310610294342, 0.6060689091682434]",0.6060689091682434
00044200.npy,1,1,"[0.04579240828752518, 0.22177386283874512]","[0.4561178386211395, 0.5438821911811829]",0.5438821911811829
00044201.npy,1,1,"[0.007874418050050735, 0.19543620944023132]","[0.4532465636730194, 0.546753466129303]",0.546753466129303
00044202.npy,1,1,"[-0.07483728229999542, 0.21817350387573242]","[0.4272669553756714, 0.5727330446243286]",0.5727330446243286
00044203.npy,1,1,"[-0.3299797773361206, 0.06337954103946686]","[0.4029088616371155, 0.5970910787582397]",0.5970910787582397
00044204.npy,1,1,"[-0.07083164900541306, 0.13761621713638306]","[0.44807589054107666, 0.5519241094589233]",0.5519241094589233
00044205.npy,1,1,"[-0.24273273348808289, -0.1159682422876358]","[0.46835121512413025, 0.5316487550735474]",0.5316487550735474
00044206.npy,1,1,"[-0.024178396910429, 0.7017232775688171]","[0.32609471678733826, 0.6739053130149841]",0.6739053130149841
00044207.npy,1,1,"[-0.16580596566200256, 0.11439373344182968]","[0.43040481209754944, 0.5695951581001282]",0.5695951581001282
00044208.npy,1,1,"[-0.24338507652282715, 0.06649892777204514]","[0.42314305901527405, 0.5768569111824036]",0.5768569111824036
00044209.npy,1,1,"[-0.05979800224304199, 0.35788148641586304]","[0.3970721662044525, 0.6029278039932251]",0.6029278039932251
00044210.npy,1,1,"[-0.14610904455184937, 0.06267065554857254]","[0.4479938745498657, 0.552006185054779]",0.552006185054779
00044211.npy,1,1,"[-0.13192182779312134, 0.3364034593105316]","[0.3850127160549164, 0.614987313747406]",0.614987313747406
00044212.npy,1,1,"[-0.12436336278915405, 0.07180007547140121]","[0.45111578702926636, 0.5488842129707336]",0.5488842129707336
00044213.npy,1,1,"[-0.14537394046783447, 0.11364411562681198]","[0.43560510873794556, 0.5643948912620544]",0.5643948912620544
00044214.npy,1,1,"[-0.42683860659599304, -0.15958191454410553]","[0.4335806965827942, 0.5664193034172058]",0.5664193034172058
00044215.npy,1,1,"[-0.1471366286277771, 0.25752976536750793]","[0.4001917243003845, 0.5998082756996155]",0.5998082756996155
00044216.npy,1,1,"[-0.1327386200428009, 0.18687662482261658]","[0.42076948285102844, 0.5792304873466492]",0.5792304873466492
00044217.npy,1,1,"[-0.1784268617630005, 0.19020158052444458]","[0.40887248516082764, 0.5911275148391724]",0.5911275148391724
00044218.npy,1,1,"[-0.037551913410425186, 0.4478801190853119]","[0.3809702396392822, 0.619029700756073]",0.619029700756073
00044219.npy,1,1,"[-0.03066846914589405, 0.050771504640579224]","[0.4796512722969055, 0.5203487873077393]",0.5203487873077393
00044220.npy,1,1,"[-0.0021015778183937073, 0.24708428978919983]","[0.4380238950252533, 0.5619760751724243]",0.5619760751724243
00044221.npy,1,1,"[-0.30387818813323975, -0.11786524206399918]","[0.45363035798072815, 0.5463696122169495]",0.5463696122169495
00044222.npy,1,1,"[0.027520127594470978, 0.2659446597099304]","[0.44067463278770447, 0.5593253374099731]",0.5593253374099731
00044223.npy,1,1,"[-0.32356226444244385, -0.04430321231484413]","[0.4306354522705078, 0.5693645477294922]",0.5693645477294922
00044224.npy,1,1,"[-0.21072232723236084, 0.09094464033842087]","[0.4251500368118286, 0.5748499631881714]",0.5748499631881714
00044225.npy,1,1,"[-0.16730257868766785, 0.11159326881170273]","[0.43072447180747986, 0.5692754983901978]",0.5692754983901978
00044226.npy,1,1,"[-0.09708286821842194, -0.03391642868518829]","[0.484213650226593, 0.515786349773407]",0.515786349773407
00044227.npy,0,1,"[-0.026665309444069862, 0.08914745599031448]","[0.47107914090156555, 0.5289208889007568]",0.5289208889007568
00044228.npy,1,1,"[0.012838274240493774, 0.382598876953125]","[0.4085988700389862, 0.5914011001586914]",0.5914011001586914
00044229.npy,1,1,"[-0.2225666046142578, 0.08998993784189224]","[0.4224908649921417, 0.5775091648101807]",0.5775091648101807
00044230.npy,1,1,"[-0.1704907864332199, 0.06813956052064896]","[0.4406239092350006, 0.559376060962677]",0.559376060962677
00044231.npy,1,1,"[-0.08077354729175568, 0.35074809193611145]","[0.3937630355358124, 0.60623699426651]",0.60623699426651
00044232.npy,1,1,"[0.04840081185102463, 0.3121827244758606]","[0.43443429470062256, 0.5655657649040222]",0.5655657649040222
00044233.npy,1,1,"[-0.08681206405162811, 0.24216732382774353]","[0.4184889793395996, 0.5815110206604004]",0.5815110206604004
00044234.npy,1,1,"[-0.16362673044204712, 0.284061074256897]","[0.38991066813468933, 0.6100893616676331]",0.6100893616676331
00044235.npy,0,1,"[-0.11976901441812515, 0.14353370666503906]","[0.43455201387405396, 0.565447986125946]",0.565447986125946
00044236.npy,1,1,"[-0.19231551885604858, 0.10701888054609299]","[0.4257201850414276, 0.57427978515625]",0.57427978515625
00044237.npy,1,1,"[-0.0011763982474803925, 0.41900870203971863]","[0.3964724540710449, 0.6035275459289551]",0.6035275459289551
00044238.npy,1,1,"[0.01903574913740158, 0.2456403374671936]","[0.44359004497528076, 0.5564099550247192]",0.5564099550247192
00044239.npy,1,1,"[-0.29560035467147827, 0.037606678903102875]","[0.41746050119400024, 0.5825394988059998]",0.5825394988059998
00044240.npy,1,1,"[0.021257616579532623, 0.2869628071784973]","[0.43396177887916565, 0.566038191318512]",0.566038191318512
00044241.npy,1,1,"[-0.00868833065032959, 0.5174623727798462]","[0.3714151084423065, 0.6285848617553711]",0.6285848617553711
00044242.npy,1,1,"[-0.24005043506622314, 0.06330923736095428]","[0.4247363805770874, 0.5752636194229126]",0.5752636194229126
00044243.npy,1,1,"[-0.05841638892889023, 0.46642962098121643]","[0.37171974778175354, 0.6282802224159241]",0.6282802224159241
00044244.npy,1,1,"[-0.10825811326503754, 0.2276654839515686]","[0.41680002212524414, 0.5831999778747559]",0.5831999778747559
00044245.npy,1,1,"[-0.05414832383394241, 0.060153067111968994]","[0.47145572304725647, 0.5285442471504211]",0.5285442471504211
00044246.npy,1,1,"[-0.1604837328195572, 0.10385049134492874]","[0.4342985451221466, 0.565701425075531]",0.565701425075531
00044247.npy,1,1,"[0.05884704738855362, 0.06503566354513168]","[0.4984528720378876, 0.5015471577644348]",0.5015471577644348
00044248.npy,1,1,"[-0.19212669134140015, 0.02177344262599945]","[0.4467279016971588, 0.5532720685005188]",0.5532720685005188
00044249.npy,1,1,"[-0.23651161789894104, -0.007563918828964233]","[0.4430117905139923, 0.5569882392883301]",0.5569882392883301
00044250.npy,0,1,"[-0.22069966793060303, 0.12351066619157791]","[0.4147871136665344, 0.5852128863334656]",0.5852128863334656
00044251.npy,1,1,"[-0.08933401107788086, 0.17067739367485046]","[0.4353608787059784, 0.5646390914916992]",0.5646390914916992
00044252.npy,1,1,"[-0.14212414622306824, 0.26724493503570557]","[0.3990634083747864, 0.6009365320205688]",0.6009365320205688
00044253.npy,1,1,"[-0.23302099108695984, -0.007079649716615677]","[0.44375374913215637, 0.556246280670166]",0.556246280670166
00044254.npy,1,1,"[0.002504974603652954, 0.21700537204742432]","[0.44657957553863525, 0.5534204244613647]",0.5534204244613647
00044255.npy,1,1,"[0.08420064300298691, 0.27164411544799805]","[0.4532758593559265, 0.5467241406440735]",0.5467241406440735
00044256.npy,1,1,"[0.12831860780715942, 0.29341641068458557]","[0.45881906151771545, 0.5411809682846069]",0.5411809682846069
00044257.npy,1,1,"[0.10686565190553665, 0.11924705654382706]","[0.4969046711921692, 0.5030953288078308]",0.5030953288078308
00044258.npy,1,1,"[0.08472234755754471, 0.4470128118991852]","[0.4104052186012268, 0.5895947813987732]",0.5895947813987732
00044259.npy,1,1,"[-0.0997895747423172, 0.0703715905547142]","[0.45756205916404724, 0.5424379110336304]",0.5424379110336304
00044260.npy,1,1,"[-0.021273057907819748, 0.22639533877372742]","[0.43839746713638306, 0.5616025328636169]",0.5616025328636169
00044261.npy,1,1,"[-0.17612731456756592, 0.09239377826452255]","[0.4332702159881592, 0.5667297840118408]",0.5667297840118408
00044262.npy,1,1,"[-0.19390597939491272, 0.06598912924528122]","[0.4353894889354706, 0.564610481262207]",0.564610481262207
00044263.npy,1,1,"[-0.13207197189331055, 0.15496215224266052]","[0.4287301301956177, 0.5712698698043823]",0.5712698698043823
00044264.npy,1,1,"[-0.22025370597839355, 0.0716242715716362]","[0.42754417657852173, 0.5724558234214783]",0.5724558234214783
00044265.npy,1,1,"[-0.017317112535238266, 0.3506438434123993]","[0.4090338349342346, 0.5909662246704102]",0.5909662246704102
00044266.npy,1,1,"[-0.11272481083869934, 0.21245047450065613]","[0.4194149971008301, 0.5805850028991699]",0.5805850028991699
00044267.npy,1,1,"[0.11749788373708725, 0.26294493675231934]","[0.4637022018432617, 0.5362977981567383]",0.5362977981567383
00044268.npy,1,1,"[-0.11250440776348114, 0.15469038486480713]","[0.4335959255695343, 0.5664041042327881]",0.5664041042327881
00044269.npy,1,1,"[-0.06841263920068741, 0.22784316539764404]","[0.4264730215072632, 0.573526918888092]",0.573526918888092
00044270.npy,1,1,"[-0.14027637243270874, 0.1121533140540123]","[0.4372255802154541, 0.5627744793891907]",0.5627744793891907
00044271.npy,1,1,"[0.030408143997192383, 0.2757410705089569]","[0.4389725625514984, 0.561027467250824]",0.561027467250824
00044272.npy,1,1,"[0.011905312538146973, 0.37066560983657837]","[0.4112596809864044, 0.5887402892112732]",0.5887402892112732
00044273.npy,1,1,"[-0.32861313223838806, -0.0166022852063179]","[0.42262396216392517, 0.5773760080337524]",0.5773760080337524
00044274.npy,1,1,"[-0.14577984809875488, 0.15153029561042786]","[0.42621517181396484, 0.5737848281860352]",0.5737848281860352
00044275.npy,1,1,"[-0.08122327923774719, 0.12198802083730698]","[0.4493712782859802, 0.5506287217140198]",0.5506287217140198
00044276.npy,1,1,"[-0.15347200632095337, -0.03826078772544861]","[0.47122901678085327, 0.5287709832191467]",0.5287709832191467
00044277.npy,1,1,"[-0.1942891776561737, 0.1924399435520172]","[0.4045049250125885, 0.5954950451850891]",0.5954950451850891
00044278.npy,1,1,"[-0.22938302159309387, 0.19523021578788757]","[0.3954133689403534, 0.6045866012573242]",0.6045866012573242
00044279.npy,1,1,"[-0.06288468092679977, 0.11080632358789444]","[0.4566860795021057, 0.5433139204978943]",0.5433139204978943
00044280.npy,1,1,"[0.002339739352464676, 0.058969803154468536]","[0.48584625124931335, 0.5141537189483643]",0.5141537189483643
00044281.npy,1,1,"[-0.1224537119269371, 0.06992801278829575]","[0.45205235481262207, 0.5479476451873779]",0.5479476451873779
00044282.npy,1,0,"[0.1710285246372223, 0.1578400731086731]","[0.5032970309257507, 0.4967029094696045]",0.4967029094696045
00044283.npy,1,1,"[-0.04942589998245239, 0.35820111632347107]","[0.39948123693466187, 0.6005187630653381]",0.6005187630653381
00044284.npy,1,1,"[-0.09110498428344727, 0.2684766948223114]","[0.4110608398914337, 0.5889391899108887]",0.5889391899108887
00044285.npy,1,1,"[-0.10397833585739136, 0.262624591588974]","[0.40936213731765747, 0.5906378626823425]",0.5906378626823425
00044286.npy,1,1,"[-0.09248831868171692, 0.19359445571899414]","[0.4289631247520447, 0.5710368752479553]",0.5710368752479553
00044287.npy,1,1,"[-0.2106930911540985, 0.007360920310020447]","[0.4457014799118042, 0.5542985200881958]",0.5542985200881958
00044288.npy,1,1,"[-0.12912845611572266, 0.35415613651275635]","[0.3814767897129059, 0.6185231804847717]",0.6185231804847717
00044289.npy,1,1,"[0.17686069011688232, 0.4300101697444916]","[0.43704846501350403, 0.5629515647888184]",0.5629515647888184
00044290.npy,1,1,"[0.0560099259018898, 0.27496767044067383]","[0.445478230714798, 0.5545217990875244]",0.5545217990875244
00044291.npy,1,1,"[-0.12157817929983139, 0.04795556515455246]","[0.45771777629852295, 0.542282223701477]",0.542282223701477
00044292.npy,1,1,"[0.0039814673364162445, 0.17340534925460815]","[0.4577450752258301, 0.5422549247741699]",0.5422549247741699
00044293.npy,1,1,"[0.00629047304391861, 0.037524960935115814]","[0.49219202995300293, 0.5078079700469971]",0.5078079700469971
00044294.npy,1,1,"[-0.03535708785057068, -0.003637552261352539]","[0.4920707941055298, 0.507929265499115]",0.507929265499115
00044295.npy,1,1,"[-0.17820224165916443, 0.10093330591917038]","[0.4306657314300537, 0.5693343281745911]",0.5693343281745911
00044296.npy,1,1,"[-0.31270697712898254, -0.04820356145501137]","[0.43425700068473816, 0.5657429695129395]",0.5657429695129395
00044297.npy,1,1,"[-0.011438839137554169, 0.27805542945861816]","[0.4281276762485504, 0.5718722939491272]",0.5718722939491272
00044298.npy,1,1,"[-0.21995040774345398, 0.07238943129777908]","[0.4274311661720276, 0.5725688934326172]",0.5725688934326172
00044299.npy,1,1,"[-0.23162129521369934, 0.1639786958694458]","[0.4023699462413788, 0.5976300835609436]",0.5976300835609436
00044300.npy,1,1,"[0.13400593400001526, 0.5508080124855042]","[0.3972822427749634, 0.6027177572250366]",0.6027177572250366
00044301.npy,1,1,"[0.1680111587047577, 0.33081164956092834]","[0.45938950777053833, 0.5406104326248169]",0.5406104326248169
00044302.npy,1,1,"[-0.02619284763932228, 0.16855546832084656]","[0.45146623253822327, 0.5485337972640991]",0.5485337972640991
00044303.npy,1,1,"[-0.08010868728160858, 0.14237749576568604]","[0.444606751203537, 0.5553932189941406]",0.5553932189941406
00044304.npy,1,1,"[0.17623797059059143, 0.20887139439582825]","[0.4918423593044281, 0.5081576704978943]",0.5081576704978943
00044305.npy,1,1,"[0.09115482121706009, 0.44724419713020325]","[0.41190654039382935, 0.5880934596061707]",0.5880934596061707
00044306.npy,1,1,"[-0.018842805176973343, 0.26397284865379333]","[0.4297636151313782, 0.5702363848686218]",0.5702363848686218
00044307.npy,1,1,"[-0.048283614218235016, 0.036832526326179504]","[0.4787338078022003, 0.5212661623954773]",0.5212661623954773
00044308.npy,1,1,"[-0.024836180731654167, 0.4275210201740265]","[0.3888004422187805, 0.6111995577812195]",0.6111995577812195
00044309.npy,1,1,"[-0.12254585325717926, 0.08338431268930435]","[0.44869861006736755, 0.5513013601303101]",0.5513013601303101
00044310.npy,1,1,"[-0.022546356543898582, 0.18620377779006958]","[0.4480011463165283, 0.5519988536834717]",0.5519988536834717
00044311.npy,1,1,"[-0.14018991589546204, 0.0542464554309845]","[0.4515434801578522, 0.5484565496444702]",0.5484565496444702
00044312.npy,1,1,"[0.07177287340164185, 0.21316605806350708]","[0.4647105038166046, 0.5352895259857178]",0.5352895259857178
00044313.npy,1,1,"[0.1549580991268158, 0.42247241735458374]","[0.4335174262523651, 0.5664826035499573]",0.5664826035499573
00044314.npy,1,1,"[-0.11552046984434128, 0.29859262704849243]","[0.39792630076408386, 0.6020737290382385]",0.6020737290382385
00044315.npy,1,1,"[-0.04409414157271385, 0.1512284278869629]","[0.4513240158557892, 0.5486760139465332]",0.5486760139465332
00044316.npy,1,1,"[0.05460723489522934, 0.15120622515678406]","[0.47586899995803833, 0.5241310000419617]",0.5241310000419617
00044317.npy,1,1,"[-0.03359809145331383, 0.22585761547088623]","[0.435497522354126, 0.564502477645874]",0.564502477645874
00044318.npy,1,1,"[0.04516936093568802, 0.131801038980484]","[0.47835561633110046, 0.5216443538665771]",0.5216443538665771
00044319.npy,1,1,"[-0.16696596145629883, 0.10224872082471848]","[0.4330999255180359, 0.5669001340866089]",0.5669001340866089
00044320.npy,1,0,"[0.134953111410141, 0.12593674659729004]","[0.502254068851471, 0.49774593114852905]",0.49774593114852905
00044321.npy,1,1,"[-0.14447790384292603, 0.012165576219558716]","[0.46091902256011963, 0.5390809774398804]",0.5390809774398804
00044322.npy,1,1,"[-0.12851664423942566, 0.270732045173645]","[0.4014928936958313, 0.5985071659088135]",0.5985071659088135
00044323.npy,1,1,"[-0.2190733253955841, 0.24258467555046082]","[0.3865925967693329, 0.6134074330329895]",0.6134074330329895
00044324.npy,1,1,"[-0.17107337713241577, 0.04529639333486557]","[0.4461176097393036, 0.553882360458374]",0.553882360458374
00044325.npy,1,1,"[-0.06154422461986542, 0.17152059078216553]","[0.44199612736701965, 0.5580039024353027]",0.5580039024353027
00044326.npy,1,1,"[-0.009905487298965454, 0.2152358591556549]","[0.44395121932029724, 0.5560488104820251]",0.5560488104820251
00044327.npy,1,1,"[0.04326845705509186, 0.6764746308326721]","[0.34678393602371216, 0.6532160639762878]",0.6532160639762878
00044328.npy,1,1,"[-0.07028665393590927, 0.2932753562927246]","[0.41009756922721863, 0.5899024605751038]",0.5899024605751038
00044329.npy,1,1,"[-0.23110967874526978, 0.14070680737495422]","[0.4081021845340729, 0.5918978452682495]",0.5918978452682495
00044330.npy,1,1,"[-0.11069359630346298, 0.19640997052192688]","[0.4238218665122986, 0.5761780738830566]",0.5761780738830566
00044331.npy,1,1,"[-0.09835852682590485, 0.03259136527776718]","[0.46730923652648926, 0.5326907634735107]",0.5326907634735107
00044332.npy,1,1,"[-0.18542495369911194, 0.17179998755455017]","[0.4116314947605133, 0.5883684754371643]",0.5883684754371643
00044333.npy,1,1,"[-0.2177981436252594, -0.07009238749742508]","[0.4631405770778656, 0.5368594527244568]",0.5368594527244568
00044334.npy,1,1,"[-0.34406131505966187, -0.10519003868103027]","[0.44056451320648193, 0.5594354867935181]",0.5594354867935181
00044335.npy,1,1,"[-0.15589627623558044, 0.15391325950622559]","[0.42316123843193054, 0.5768387913703918]",0.5768387913703918
00044336.npy,1,1,"[-0.0190543532371521, 0.16372546553611755]","[0.45443180203437805, 0.5455681681632996]",0.5455681681632996
00044337.npy,1,1,"[-0.01530616357922554, 0.1055290475487709]","[0.46982789039611816, 0.5301721096038818]",0.5301721096038818
00044338.npy,1,1,"[-0.060903746634721756, 0.035462163388729095]","[0.4759271740913391, 0.5240728855133057]",0.5240728855133057
00044339.npy,1,1,"[-0.014168277382850647, 0.13262665271759033]","[0.4633670449256897, 0.5366329550743103]",0.5366329550743103
00044340.npy,1,1,"[-0.06863614916801453, 0.3375423550605774]","[0.39982879161834717, 0.6001712083816528]",0.6001712083816528
00044341.npy,1,1,"[-0.08743544667959213, 0.0504273846745491]","[0.46558877825737, 0.5344111919403076]",0.5344111919403076
00044342.npy,1,1,"[0.05662792921066284, 0.31547799706459045]","[0.4356464147567749, 0.5643535852432251]",0.5643535852432251
00044343.npy,1,1,"[-0.3519124984741211, -0.027813095599412918]","[0.4196770191192627, 0.5803229808807373]",0.5803229808807373
00044344.npy,1,1,"[-0.010341301560401917, 0.10036984831094742]","[0.47235044836997986, 0.5276495218276978]",0.5276495218276978
00044345.npy,1,1,"[-0.14655524492263794, 0.00825212150812149]","[0.46137526631355286, 0.5386247038841248]",0.5386247038841248
00044346.npy,1,1,"[0.11351216584444046, 0.3046996295452118]","[0.45234817266464233, 0.5476517677307129]",0.5476517677307129
00044347.npy,1,1,"[-0.03489413484930992, 0.20889079570770264]","[0.4393538236618042, 0.5606461763381958]",0.5606461763381958
00044348.npy,1,1,"[-0.04905402287840843, 0.20749104022979736]","[0.4362131953239441, 0.5637868642807007]",0.5637868642807007
00044349.npy,1,1,"[0.02585865557193756, 0.2776074707508087]","[0.4373931288719177, 0.5626068711280823]",0.5626068711280823
00044350.npy,1,1,"[0.01310110092163086, 0.18198460340499878]","[0.4578791856765747, 0.5421208143234253]",0.5421208143234253
00044351.npy,1,1,"[-0.04032065346837044, 0.19851469993591309]","[0.44057339429855347, 0.5594266653060913]",0.5594266653060913
00044352.npy,1,1,"[-0.062360603362321854, 0.2146466076374054]","[0.43118762969970703, 0.568812370300293]",0.568812370300293
00044353.npy,1,1,"[0.03765273094177246, 0.1781846284866333]","[0.46492472290992737, 0.5350752472877502]",0.5350752472877502
00044354.npy,1,1,"[0.15104413032531738, 0.2809140086174011]","[0.46757808327674866, 0.532421886920929]",0.532421886920929
00044355.npy,1,1,"[-0.07528574764728546, 0.04385339468717575]","[0.47025036811828613, 0.5297495722770691]",0.5297495722770691
00044356.npy,1,1,"[0.11445330828428268, 0.3838428258895874]","[0.4330569803714752, 0.5669430494308472]",0.5669430494308472
00044357.npy,1,1,"[-0.0888858288526535, 0.14593440294265747]","[0.441563218832016, 0.5584367513656616]",0.5584367513656616
00044358.npy,1,1,"[-0.18403595685958862, 0.04269087314605713]","[0.4435598850250244, 0.5564401745796204]",0.5564401745796204
00044359.npy,1,1,"[-0.146091490983963, 0.29035675525665283]","[0.3925876021385193, 0.6074123978614807]",0.6074123978614807
00044360.npy,1,1,"[-0.042713239789009094, 0.2091168463230133]","[0.4373731017112732, 0.5626268982887268]",0.5626268982887268
00044361.npy,1,1,"[-0.010462213307619095, 0.14920032024383545]","[0.4601689577102661, 0.5398311018943787]",0.5398311018943787
00044362.npy,1,1,"[-0.18276441097259521, 0.21557044982910156]","[0.40171247720718384, 0.5982875227928162]",0.5982875227928162
00044363.npy,1,1,"[0.16782546043395996, 0.4139724373817444]","[0.4387720823287964, 0.5612279176712036]",0.5612279176712036
00044364.npy,1,1,"[-0.11819393187761307, 0.19559666514396667]","[0.42218977212905884, 0.5778102278709412]",0.5778102278709412
00044365.npy,1,1,"[-0.17890605330467224, 0.01882503181695938]","[0.4507276713848114, 0.549272358417511]",0.549272358417511
00044366.npy,1,1,"[-0.07529444992542267, 0.21609491109848022]","[0.42766377329826355, 0.5723362565040588]",0.5723362565040588
00044367.npy,1,1,"[0.13193285465240479, 0.35206031799316406]","[0.44518929719924927, 0.5548107028007507]",0.5548107028007507
00044368.npy,1,1,"[-0.08571738004684448, 0.11126602441072464]","[0.4509127736091614, 0.5490872263908386]",0.5490872263908386
00044369.npy,1,1,"[0.24540048837661743, 0.3704752027988434]","[0.4687719941139221, 0.5312279462814331]",0.5312279462814331
00044370.npy,1,1,"[-0.08008255809545517, 0.1940394639968872]","[0.4318954050540924, 0.5681045651435852]",0.5681045651435852
00044371.npy,1,1,"[0.017288126051425934, 0.48056092858314514]","[0.38620972633361816, 0.6137902736663818]",0.6137902736663818
00044372.npy,1,1,"[-0.011949166655540466, 0.25580742955207825]","[0.4334579110145569, 0.5665420293807983]",0.5665420293807983
00044373.npy,1,1,"[-0.09993884712457657, 0.30666226148605347]","[0.39972740411758423, 0.6002725958824158]",0.6002725958824158
00044374.npy,1,1,"[-0.007628295570611954, 0.38252905011177063]","[0.40367943048477173, 0.5963205695152283]",0.5963205695152283
00044375.npy,1,1,"[-0.06007486581802368, 0.1908297836780548]","[0.43760085105895996, 0.5623990893363953]",0.5623990893363953
00044376.npy,1,1,"[-0.004564292728900909, 0.016559116542339325]","[0.49471935629844666, 0.5052806735038757]",0.5052806735038757
00044377.npy,1,1,"[-0.23690348863601685, 0.05189776420593262]","[0.42829737067222595, 0.5717026591300964]",0.5717026591300964
00044378.npy,1,1,"[0.014005772769451141, 0.28655222058296204]","[0.432282030582428, 0.5677179098129272]",0.5677179098129272
00044379.npy,1,1,"[-0.09867112338542938, 0.12777701020240784]","[0.4436286389827728, 0.5563713908195496]",0.5563713908195496
00044380.npy,1,1,"[-0.11624176800251007, 0.04303509742021561]","[0.46026474237442017, 0.5397351980209351]",0.5397351980209351
00044381.npy,1,1,"[0.08635547012090683, 0.12343814224004745]","[0.4907304048538208, 0.5092695951461792]",0.5092695951461792
00044382.npy,1,1,"[-0.006794430315494537, 0.30097028613090515]","[0.42366042733192444, 0.5763395428657532]",0.5763395428657532
00044383.npy,1,1,"[0.016613930463790894, 0.2377822995185852]","[0.4449321925640106, 0.555067777633667]",0.555067777633667
00044384.npy,1,1,"[-0.04577847570180893, 0.3101251721382141]","[0.4119515120983124, 0.5880484580993652]",0.5880484580993652
00044385.npy,1,1,"[-0.22641974687576294, -0.19616931676864624]","[0.4924379885196686, 0.5075620412826538]",0.5075620412826538
00044386.npy,1,1,"[0.1276375949382782, 0.13587194681167603]","[0.49794143438339233, 0.5020585656166077]",0.5020585656166077
00044387.npy,1,1,"[0.00011780485510826111, 0.27080869674682617]","[0.4327374994754791, 0.5672624707221985]",0.5672624707221985
00044388.npy,1,1,"[-0.23384559154510498, 0.34304553270339966]","[0.35964828729629517, 0.6403517723083496]",0.6403517723083496
00044389.npy,1,1,"[-0.16435003280639648, -0.023036673665046692]","[0.4647303521633148, 0.5352696776390076]",0.5352696776390076
00044390.npy,1,1,"[-0.02265043742954731, 0.3050742745399475]","[0.4187943637371063, 0.5812056660652161]",0.5812056660652161
00044391.npy,1,1,"[-0.2519032061100006, 0.1332935392856598]","[0.40487411618232727, 0.5951259136199951]",0.5951259136199951
00044392.npy,1,1,"[-0.18573591113090515, 0.1226460263133049]","[0.42350974678993225, 0.5764902830123901]",0.5764902830123901
00044393.npy,1,1,"[-0.09719941765069962, 0.14170417189598083]","[0.4405565857887268, 0.5594434142112732]",0.5594434142112732
00044394.npy,1,1,"[-0.006211169064044952, 0.24074077606201172]","[0.4385738670825958, 0.5614261031150818]",0.5614261031150818
00044395.npy,1,1,"[-0.05018487200140953, 0.22022855281829834]","[0.4328056275844574, 0.567194402217865]",0.567194402217865
00044396.npy,1,1,"[-0.1741660237312317, 0.0804041251540184]","[0.43669894337654114, 0.5633010268211365]",0.5633010268211365
00044397.npy,1,1,"[-0.11673226207494736, -0.008251555263996124]","[0.4729063808917999, 0.5270936489105225]",0.5270936489105225
00044398.npy,1,1,"[0.22865930199623108, 0.4247153401374817]","[0.45114243030548096, 0.5488576292991638]",0.5488576292991638
00044399.npy,0,1,"[-0.04901764914393425, 0.1460665464401245]","[0.4513830542564392, 0.5486169457435608]",0.5486169457435608
00044400.npy,1,1,"[-0.22814583778381348, 0.0196278914809227]","[0.43837153911590576, 0.5616284608840942]",0.5616284608840942
00044401.npy,1,1,"[-0.18300652503967285, -0.013951517641544342]","[0.4578366279602051, 0.5421633720397949]",0.5421633720397949
00044402.npy,1,1,"[-0.08516503870487213, 0.14489877223968506]","[0.44273641705513, 0.5572636127471924]",0.5572636127471924
00044403.npy,1,1,"[-0.2014901340007782, -0.014702979475259781]","[0.45343852043151855, 0.5465614795684814]",0.5465614795684814
00044404.npy,1,1,"[0.11989504843950272, 0.1697712242603302]","[0.4875335395336151, 0.5124664902687073]",0.5124664902687073
00044405.npy,1,1,"[0.08740540593862534, 0.4052777588367462]","[0.4211943745613098, 0.5788056254386902]",0.5788056254386902
00044406.npy,1,1,"[-0.23249197006225586, 0.13652440905570984]","[0.40877869725227356, 0.591221272945404]",0.591221272945404
00044407.npy,1,1,"[-0.26392048597335815, 0.07701129466295242]","[0.41558313369750977, 0.5844168066978455]",0.5844168066978455
00044408.npy,1,1,"[-0.10616709291934967, -0.0022994279861450195]","[0.4740563929080963, 0.5259435772895813]",0.5259435772895813
00044409.npy,0,1,"[-0.04724869877099991, 0.3828525245189667]","[0.39410215616226196, 0.605897843837738]",0.605897843837738
00044410.npy,1,1,"[-0.03442337363958359, 0.19042691588401794]","[0.444023072719574, 0.555976927280426]",0.555976927280426
00044411.npy,1,1,"[-0.09162241220474243, 0.12956711649894714]","[0.4449269771575928, 0.5550730228424072]",0.5550730228424072
00044412.npy,1,1,"[-0.10536076128482819, 0.11918730288743973]","[0.4440976679325104, 0.5559023022651672]",0.5559023022651672
00044413.npy,1,1,"[0.058327846229076385, 0.19801625609397888]","[0.46513456106185913, 0.5348654389381409]",0.5348654389381409
00044414.npy,1,1,"[0.04223782569169998, 0.27455079555511475]","[0.4421815574169159, 0.5578184127807617]",0.5578184127807617
00044415.npy,1,1,"[-0.11297841370105743, 0.2167338728904724]","[0.41831064224243164, 0.5816893577575684]",0.5816893577575684
00044416.npy,1,1,"[-0.4564678966999054, -0.10256917774677277]","[0.4124373197555542, 0.5875626802444458]",0.5875626802444458
00044417.npy,1,1,"[0.07227105647325516, 0.7219526171684265]","[0.34306129813194275, 0.6569387316703796]",0.6569387316703796
00044418.npy,1,1,"[-0.41057687997817993, -0.10169060528278351]","[0.4233866035938263, 0.5766133666038513]",0.5766133666038513
00044419.npy,1,1,"[-0.08985121548175812, 0.2587432861328125]","[0.41372331976890564, 0.5862767100334167]",0.5862767100334167
00044420.npy,1,1,"[-0.3325970768928528, -0.022499438375234604]","[0.42309093475341797, 0.5769091248512268]",0.5769091248512268
00044421.npy,1,1,"[-0.18834495544433594, -0.0823257714509964]","[0.4735200107097626, 0.5264800190925598]",0.5264800190925598
00044422.npy,1,1,"[-0.10750414431095123, 0.21784454584121704]","[0.4193727970123291, 0.5806272029876709]",0.5806272029876709
00044423.npy,1,1,"[-0.09787549078464508, 0.01078701764345169]","[0.47286108136177063, 0.5271389484405518]",0.5271389484405518
00044424.npy,1,1,"[-0.19432002305984497, 0.07189323753118515]","[0.43383699655532837, 0.5661630630493164]",0.5661630630493164
00044425.npy,1,1,"[-0.17157796025276184, 0.11874935775995255]","[0.4279237389564514, 0.5720762610435486]",0.5720762610435486
00044426.npy,1,1,"[-0.18691381812095642, 0.09203381091356277]","[0.4307118058204651, 0.5692881941795349]",0.5692881941795349
00044427.npy,1,1,"[0.016563355922698975, 0.301518052816391]","[0.42923951148986816, 0.5707605481147766]",0.5707605481147766
00044428.npy,1,1,"[-0.033886075019836426, 0.2357962429523468]","[0.4329850971698761, 0.5670149326324463]",0.5670149326324463
00044429.npy,0,1,"[-0.2087874710559845, 0.07843517512083054]","[0.42868393659591675, 0.5713160634040833]",0.5713160634040833
00044430.npy,1,1,"[-0.19456055760383606, 0.01876017451286316]","[0.4468711316585541, 0.5531288385391235]",0.5531288385391235
00044431.npy,1,1,"[-0.18097946047782898, -0.027795400470495224]","[0.4617787003517151, 0.5382212996482849]",0.5382212996482849
00044432.npy,1,1,"[0.040445663034915924, 0.18694227933883667]","[0.4634411931037903, 0.5365587472915649]",0.5365587472915649
00044433.npy,1,1,"[-0.17454563081264496, 0.1274925172328949]","[0.42505931854248047, 0.5749406814575195]",0.5749406814575195
00044434.npy,0,1,"[-0.042502325028181076, -0.0023611634969711304]","[0.4899660646915436, 0.5100339651107788]",0.5100339651107788
00044435.npy,1,1,"[0.08449701219797134, 0.2596431076526642]","[0.45632505416870117, 0.5436749458312988]",0.5436749458312988
00044436.npy,1,1,"[-0.023628627881407738, 0.18046802282333374]","[0.44915223121643066, 0.5508477687835693]",0.5508477687835693
00044437.npy,1,1,"[-0.06057489663362503, 0.1265447437763214]","[0.4533561170101166, 0.5466439127922058]",0.5466439127922058
00044438.npy,1,1,"[-0.12111373245716095, 0.1451115608215332]","[0.4338340163230896, 0.5661659836769104]",0.5661659836769104
00044439.npy,1,1,"[-0.2919127345085144, -0.08331756293773651]","[0.4480395019054413, 0.5519605278968811]",0.5519605278968811
00044440.npy,1,1,"[-0.3237990140914917, -0.03447188436985016]","[0.4281686246395111, 0.5718314051628113]",0.5718314051628113
00044441.npy,1,1,"[-0.12982676923274994, -0.025181755423545837]","[0.47386258840560913, 0.5261373519897461]",0.5261373519897461
00044442.npy,1,1,"[-0.2587381601333618, 0.0007848888635635376]","[0.4354809522628784, 0.5645190477371216]",0.5645190477371216
00044443.npy,1,1,"[-0.2161509394645691, 0.16918861865997314]","[0.4048396944999695, 0.5951603055000305]",0.5951603055000305
00044444.npy,1,1,"[-0.1339879035949707, 0.20216315984725952]","[0.4167447090148926, 0.5832552313804626]",0.5832552313804626
00044445.npy,1,1,"[-0.01768653467297554, 0.13651201128959656]","[0.4615265727043152, 0.5384734272956848]",0.5384734272956848
00044446.npy,1,1,"[3.725290298461914e-09, 0.03260166943073273]","[0.4918502867221832, 0.5081496834754944]",0.5081496834754944
00044447.npy,1,1,"[-0.3627204895019531, -0.0326274037361145]","[0.4182180166244507, 0.5817820429801941]",0.5817820429801941
00044448.npy,1,1,"[-0.00991274043917656, 0.09469281882047653]","[0.47387242317199707, 0.5261275768280029]",0.5261275768280029
00044449.npy,1,1,"[-0.051232900470495224, 0.327942430973053]","[0.4063258171081543, 0.5936741828918457]",0.5936741828918457
00044450.npy,1,1,"[-0.2795863449573517, -0.04411551356315613]","[0.441402792930603, 0.558597207069397]",0.558597207069397
00044451.npy,1,1,"[-0.01952452026307583, 0.07054504007101059]","[0.47749781608581543, 0.5225021243095398]",0.5225021243095398
00044452.npy,1,1,"[-0.2631245255470276, 0.04188285768032074]","[0.4243338406085968, 0.5756661295890808]",0.5756661295890808
00044453.npy,0,1,"[-0.2479880154132843, 0.2393375039100647]","[0.38052380084991455, 0.6194761395454407]",0.6194761395454407
00044454.npy,1,1,"[-0.2409575879573822, 0.05990774929523468]","[0.42534592747688293, 0.5746540427207947]",0.5746540427207947
00044455.npy,1,1,"[0.030318722128868103, 0.22232085466384888]","[0.45214638113975525, 0.5478535890579224]",0.5478535890579224
00044456.npy,1,1,"[-0.13333368301391602, 0.12006961554288864]","[0.4369859993457794, 0.563014030456543]",0.563014030456543
00044457.npy,1,1,"[0.0026490725576877594, 0.223087877035141]","[0.445112407207489, 0.5548876523971558]",0.5548876523971558
00044458.npy,1,1,"[-0.058506209403276443, 0.15131667256355286]","[0.4477359354496002, 0.5522640943527222]",0.5522640943527222
00044459.npy,1,1,"[-0.019259866327047348, 0.11942049115896225]","[0.465385377407074, 0.534614622592926]",0.534614622592926
00044460.npy,1,1,"[-0.007659539580345154, 0.26160305738449097]","[0.43308812379837036, 0.5669118762016296]",0.5669118762016296
00044461.npy,1,1,"[-0.09859558939933777, 0.08279448002576828]","[0.454776406288147, 0.545223593711853]",0.545223593711853
00044462.npy,1,1,"[-0.2999567985534668, 0.0036466121673583984]","[0.4246768355369568, 0.5753231644630432]",0.5753231644630432
00044463.npy,1,1,"[-0.01781073585152626, 0.1412915289402008]","[0.46030813455581665, 0.5396918654441833]",0.5396918654441833
00044464.npy,1,1,"[-0.03966769203543663, 0.12889796495437622]","[0.4579581022262573, 0.5420418977737427]",0.5420418977737427
00044465.npy,1,1,"[-0.1280205249786377, 0.1885053813457489]","[0.4215226471424103, 0.5784773826599121]",0.5784773826599121
00044466.npy,1,1,"[0.05683741718530655, 0.07762935012578964]","[0.49480220675468445, 0.5051977634429932]",0.5051977634429932
00044467.npy,1,1,"[0.02426653355360031, 0.14471927285194397]","[0.4699231684207916, 0.5300768613815308]",0.5300768613815308
00044468.npy,1,1,"[0.07114101946353912, 0.3810901939868927]","[0.423127144575119, 0.5768728256225586]",0.5768728256225586
00044469.npy,1,1,"[-0.059796955436468124, 0.16216272115707397]","[0.4447368085384369, 0.5552632212638855]",0.5552632212638855
00044470.npy,1,1,"[-0.08862652629613876, 0.12404588609933853]","[0.4470314085483551, 0.5529686212539673]",0.5529686212539673
00044471.npy,1,1,"[0.05582702159881592, 0.07841601222753525]","[0.4943529963493347, 0.5056470036506653]",0.5056470036506653
00044472.npy,1,1,"[-0.15287140011787415, 0.45206257700920105]","[0.35321569442749023, 0.6467843055725098]",0.6467843055725098
00044473.npy,1,1,"[-0.14019417762756348, 0.30209270119667053]","[0.39119619131088257, 0.6088038086891174]",0.6088038086891174
00044474.npy,1,1,"[-0.015588633716106415, 0.0027012377977371216]","[0.495427668094635, 0.504572331905365]",0.504572331905365
00044475.npy,1,1,"[-0.09533629566431046, 0.06194601207971573]","[0.4607602655887604, 0.5392397046089172]",0.5392397046089172
00044476.npy,1,1,"[-0.13572338223457336, 0.2425423264503479]","[0.4065452516078949, 0.5934547185897827]",0.5934547185897827
00044477.npy,1,1,"[0.22113004326820374, 0.5236097574234009]","[0.424951434135437, 0.575048565864563]",0.575048565864563
00044478.npy,1,1,"[-0.020458916202187538, 0.04130030423402786]","[0.4845651090145111, 0.5154348611831665]",0.5154348611831665
00044479.npy,1,1,"[-0.14957641065120697, 0.017926320433616638]","[0.4582219421863556, 0.541778028011322]",0.541778028011322
00044480.npy,1,1,"[-0.14717844128608704, 0.07584550231695175]","[0.4444739818572998, 0.5555260181427002]",0.5555260181427002
00044481.npy,1,1,"[-0.1695801168680191, 0.09050264209508896]","[0.43534335494041443, 0.5646566152572632]",0.5646566152572632
00044482.npy,1,1,"[-0.21457931399345398, 0.27745193243026733]","[0.3794151842594147, 0.6205847859382629]",0.6205847859382629
00044483.npy,1,1,"[0.05176747590303421, 0.32453298568725586]","[0.43222832679748535, 0.5677717328071594]",0.5677717328071594
00044484.npy,1,1,"[-0.19162103533744812, 0.03301341086626053]","[0.4440763592720032, 0.5559236407279968]",0.5559236407279968
00044485.npy,1,1,"[-0.08307161927223206, 0.1610141396522522]","[0.4392797350883484, 0.5607203245162964]",0.5607203245162964
00044486.npy,1,1,"[-0.04496176168322563, 0.23900344967842102]","[0.4294819235801697, 0.5705180764198303]",0.5705180764198303
00044487.npy,1,1,"[-0.09268014878034592, 0.284095823764801]","[0.4069047272205353, 0.5930953025817871]",0.5930953025817871
00044488.npy,1,1,"[0.14527252316474915, 0.33854901790618896]","[0.45183074474334717, 0.5481692552566528]",0.5481692552566528
00044489.npy,1,1,"[-0.07841268926858902, 0.09849631041288376]","[0.45588773488998413, 0.5441122651100159]",0.5441122651100159
00044490.npy,1,1,"[-0.15780553221702576, 0.02124655246734619]","[0.4553561806678772, 0.544643759727478]",0.544643759727478
00044491.npy,1,1,"[-0.05095861107110977, 0.37788188457489014]","[0.39440324902534485, 0.6055967211723328]",0.6055967211723328
00044492.npy,1,1,"[-0.14847087860107422, 0.024162419140338898]","[0.45694854855537415, 0.5430514216423035]",0.5430514216423035
00044493.npy,1,1,"[-0.11878861486911774, 0.036506108939647675]","[0.46125417947769165, 0.5387458801269531]",0.5387458801269531
00044494.npy,1,1,"[-0.25058600306510925, -0.021671772003173828]","[0.4430200159549713, 0.5569799542427063]",0.5569799542427063
00044495.npy,1,1,"[-0.03680265694856644, 0.4453043043613434]","[0.38175472617149353, 0.6182453036308289]",0.6182453036308289
00044496.npy,1,1,"[-0.16395321488380432, 0.21219539642333984]","[0.40705615282058716, 0.5929438471794128]",0.5929438471794128
00044497.npy,1,1,"[-0.21464690566062927, 0.003301560878753662]","[0.44572755694389343, 0.5542724132537842]",0.5542724132537842
00044498.npy,1,1,"[0.044471390545368195, 0.2600966989994049]","[0.44630157947540283, 0.5536984801292419]",0.5536984801292419
00044499.npy,1,1,"[-0.21299538016319275, 0.11440867930650711]","[0.4188723862171173, 0.5811275839805603]",0.5811275839805603
00044500.npy,1,1,"[-0.08954156190156937, 0.16228026151657104]","[0.43737512826919556, 0.5626248121261597]",0.5626248121261597
00044501.npy,1,1,"[-0.020899705588817596, 0.2763631045818329]","[0.42622673511505127, 0.5737732648849487]",0.5737732648849487
00044502.npy,1,1,"[-0.040355123579502106, 0.2605710029602051]","[0.42533111572265625, 0.5746688842773438]",0.5746688842773438
00044503.npy,1,1,"[-0.0988890528678894, 0.12486427277326584]","[0.44429388642311096, 0.5557060837745667]",0.5557060837745667
00044504.npy,1,1,"[-0.09086774289608002, 0.26776641607284546]","[0.4112902283668518, 0.5887097716331482]",0.5887097716331482
00044505.npy,1,1,"[-0.08164963871240616, 0.12920942902565002]","[0.4474796950817108, 0.5525202751159668]",0.5525202751159668
00044506.npy,1,1,"[-0.36258959770202637, 0.03891640901565552]","[0.40095055103302, 0.59904944896698]",0.59904944896698
00044507.npy,1,1,"[-0.05846822261810303, 0.33970406651496887]","[0.4017515480518341, 0.5982484221458435]",0.5982484221458435
00044508.npy,1,1,"[-0.14329087734222412, 0.1253628432750702]","[0.43323764204978943, 0.566762387752533]",0.566762387752533
00044509.npy,1,1,"[-0.02630937658250332, 0.21902179718017578]","[0.43897297978401184, 0.5610269904136658]",0.5610269904136658
00044510.npy,0,1,"[-0.27350109815597534, 0.07633165270090103]","[0.41342297196388245, 0.5865769982337952]",0.5865769982337952
00044511.npy,1,1,"[-0.03433435410261154, 0.25337156653404236]","[0.4285655915737152, 0.5714344382286072]",0.5714344382286072
00044512.npy,1,1,"[0.07349347323179245, 0.45700129866600037]","[0.405281126499176, 0.5947188138961792]",0.5947188138961792
00044513.npy,1,1,"[0.16907787322998047, 0.324357271194458]","[0.4612579941749573, 0.5387420654296875]",0.5387420654296875
00044514.npy,1,1,"[-0.03802584111690521, 0.18278339505195618]","[0.4450209140777588, 0.5549790859222412]",0.5549790859222412
00044515.npy,1,1,"[-0.05426403135061264, 0.17904943227767944]","[0.4419347941875458, 0.5580651760101318]",0.5580651760101318
00044516.npy,1,1,"[-0.09246644377708435, 0.10034095495939255]","[0.4519469141960144, 0.5480530858039856]",0.5480530858039856
00044517.npy,1,1,"[-0.485733300447464, -0.02845829725265503]","[0.38763245940208435, 0.6123675107955933]",0.6123675107955933
00044518.npy,1,1,"[-0.1748758852481842, 0.24637767672538757]","[0.39621680974960327, 0.603783130645752]",0.603783130645752
00044519.npy,1,1,"[-0.2901850938796997, -0.11360293626785278]","[0.45596879720687866, 0.5440311431884766]",0.5440311431884766
00044520.npy,1,1,"[-0.21197140216827393, 0.04299311339855194]","[0.4366019368171692, 0.5633980631828308]",0.5633980631828308
00044521.npy,1,1,"[0.06532768160104752, 0.3977371156215668]","[0.41765451431274414, 0.5823455452919006]",0.5823455452919006
00044522.npy,1,1,"[0.10261894017457962, 0.11811744421720505]","[0.4961254298686981, 0.5038745403289795]",0.5038745403289795
00044523.npy,1,1,"[-0.1917509138584137, 0.12439239770174026]","[0.42161592841148376, 0.5783840417861938]",0.5783840417861938
00044524.npy,1,1,"[-0.004882603883743286, 0.23850220441818237]","[0.4394523799419403, 0.5605475902557373]",0.5605475902557373
00044525.npy,1,1,"[-0.2818284332752228, 0.009031713008880615]","[0.4277932941913605, 0.5722066760063171]",0.5722066760063171
00044526.npy,1,1,"[-0.1672055721282959, 0.11927100270986557]","[0.4288666844367981, 0.5711333155632019]",0.5711333155632019
00044527.npy,1,1,"[-0.4215540587902069, -0.07313458621501923]","[0.4137657582759857, 0.5862342715263367]",0.5862342715263367
00044528.npy,1,1,"[-0.05754506587982178, 0.21302175521850586]","[0.43276795744895935, 0.567232072353363]",0.567232072353363
00044529.npy,1,1,"[-0.05900554358959198, 0.14005634188652039]","[0.45039820671081543, 0.5496017932891846]",0.5496017932891846
00044530.npy,1,1,"[0.13979318737983704, 0.29134896397590637]","[0.4621833860874176, 0.53781658411026]",0.53781658411026
00044531.npy,1,1,"[-0.07884155213832855, 0.3716941475868225]","[0.38923341035842896, 0.610766589641571]",0.610766589641571
00044532.npy,1,1,"[0.0758536234498024, 0.23938313126564026]","[0.45920848846435547, 0.5407915115356445]",0.5407915115356445
00044533.npy,1,1,"[-0.03811807930469513, 0.20987004041671753]","[0.43831872940063477, 0.5616812109947205]",0.5616812109947205
00044534.npy,1,1,"[-0.11113560199737549, 0.27888423204421997]","[0.40371251106262207, 0.5962874889373779]",0.5962874889373779
00044535.npy,1,1,"[-0.00018233433365821838, 0.23713389039039612]","[0.44094786047935486, 0.5590521693229675]",0.5590521693229675
00044536.npy,0,1,"[-0.17053233087062836, 0.14230191707611084]","[0.4224230647087097, 0.5775769352912903]",0.5775769352912903
00044537.npy,1,1,"[-0.22050616145133972, 0.2819571793079376]","[0.37696194648742676, 0.6230380535125732]",0.6230380535125732
00044538.npy,0,1,"[-0.02407693676650524, 0.11853805929422379]","[0.4644065499305725, 0.5355934500694275]",0.5355934500694275
00044539.npy,1,1,"[0.15757089853286743, 0.32347503304481506]","[0.4586188495159149, 0.5413811802864075]",0.5413811802864075
00044540.npy,1,1,"[0.008459366858005524, 0.2713359296321869]","[0.4346567392349243, 0.5653433203697205]",0.5653433203697205
00044541.npy,1,1,"[-0.29914283752441406, -0.12489723414182663]","[0.4565484821796417, 0.5434515476226807]",0.5434515476226807
00044542.npy,1,1,"[-0.10715628415346146, 0.25089114904403687]","[0.41143232583999634, 0.5885676741600037]",0.5885676741600037
00044543.npy,1,1,"[0.07724592834711075, 0.41275590658187866]","[0.41690054535865784, 0.5830994248390198]",0.5830994248390198
00044544.npy,1,1,"[-0.15796518325805664, 0.1492619514465332]","[0.42379170656204224, 0.576208233833313]",0.576208233833313
00044545.npy,1,1,"[-0.08323332667350769, 0.2956983745098114]","[0.40638458728790283, 0.5936154127120972]",0.5936154127120972
00044546.npy,1,1,"[0.14301380515098572, 0.7408490180969238]","[0.35483914613723755, 0.6451608538627625]",0.6451608538627625
00044547.npy,1,1,"[-0.14463500678539276, 0.30543282628059387]","[0.38934463262557983, 0.6106553673744202]",0.6106553673744202
00044548.npy,1,1,"[-0.12336806952953339, 0.04489017277956009]","[0.4580343961715698, 0.5419656038284302]",0.5419656038284302
00044549.npy,1,1,"[-0.044137224555015564, 0.2604372203350067]","[0.42443960905075073, 0.5755603909492493]",0.5755603909492493
00044550.npy,1,1,"[-0.1352933794260025, 0.17568731307983398]","[0.42287537455558777, 0.5771245956420898]",0.5771245956420898
00044551.npy,1,1,"[-0.2002856433391571, 0.25285813212394714]","[0.3886135518550873, 0.6113864183425903]",0.6113864183425903
00044552.npy,1,1,"[-0.1133771613240242, 0.0836377963423729]","[0.4509049654006958, 0.5490950345993042]",0.5490950345993042
00044553.npy,1,1,"[-0.1372852623462677, 0.06140749901533127]","[0.4504895806312561, 0.5495103597640991]",0.5495103597640991
00044554.npy,1,1,"[-0.040097031742334366, 0.17647692561149597]","[0.4460671544075012, 0.5539328455924988]",0.5539328455924988
00044555.npy,1,1,"[-0.2563493549823761, 0.1670415699481964]","[0.39570561051368713, 0.6042943596839905]",0.6042943596839905
00044556.npy,1,1,"[7.750466465950012e-05, 0.40217214822769165]","[0.4008091986179352, 0.5991908311843872]",0.5991908311843872
00044557.npy,1,1,"[-0.20128175616264343, 0.017561092972755432]","[0.44550660252571106, 0.5544934272766113]",0.5544934272766113
00044558.npy,1,1,"[0.115374855697155, 0.3335683345794678]","[0.4456670582294464, 0.554332971572876]",0.554332971572876
00044559.npy,1,1,"[-0.05258084088563919, 0.1358986496925354]","[0.4530191421508789, 0.5469808578491211]",0.5469808578491211
00044560.npy,1,1,"[-0.15780314803123474, -0.055926091969013214]","[0.4745527505874634, 0.5254472494125366]",0.5254472494125366
00044561.npy,1,1,"[-0.18068528175354004, 0.10742782801389694]","[0.428465873003006, 0.5715341567993164]",0.5715341567993164
00044562.npy,1,1,"[-0.12288375198841095, 0.17118972539901733]","[0.42700690031051636, 0.5729930996894836]",0.5729930996894836
00044563.npy,1,1,"[-0.17849770188331604, 0.12857866287231445]","[0.42382851243019104, 0.5761714577674866]",0.5761714577674866
00044564.npy,1,1,"[-0.2472025752067566, 0.19322463870048523]","[0.39163917303085327, 0.6083608269691467]",0.6083608269691467
00044565.npy,1,1,"[-0.09236034750938416, -0.00021053850650787354]","[0.4769788682460785, 0.5230211615562439]",0.5230211615562439
00044566.npy,1,1,"[-0.032005857676267624, 0.1332152783870697]","[0.4587884247303009, 0.5412115454673767]",0.5412115454673767
00044567.npy,1,1,"[-0.2090190351009369, -0.04569271579384804]","[0.45925894379615784, 0.5407410860061646]",0.5407410860061646
00044568.npy,1,1,"[-0.19690373539924622, 0.38568583130836487]","[0.3583369553089142, 0.6416630744934082]",0.6416630744934082
00044569.npy,1,1,"[0.1020834669470787, 0.30957770347595215]","[0.4483117461204529, 0.5516882538795471]",0.5516882538795471
00044570.npy,1,1,"[0.10048405081033707, 0.3810645639896393]","[0.4303114414215088, 0.5696885585784912]",0.5696885585784912
00044571.npy,1,1,"[-0.07964909076690674, 0.24683693051338196]","[0.41909587383270264, 0.5809041261672974]",0.5809041261672974
00044572.npy,1,1,"[-0.2134123146533966, 0.09328071027994156]","[0.4239221513271332, 0.5760778188705444]",0.5760778188705444
00044573.npy,1,1,"[-0.1554642617702484, 0.028514526784420013]","[0.45413458347320557, 0.5458653569221497]",0.5458653569221497
00044574.npy,1,1,"[-0.10685475170612335, 0.16074150800704956]","[0.4334973096847534, 0.5665026903152466]",0.5665026903152466
00044575.npy,1,1,"[-0.2894309163093567, -0.19146552681922913]","[0.47552821040153503, 0.5244717597961426]",0.5244717597961426
00044576.npy,1,1,"[-0.0631096214056015, 0.011910885572433472]","[0.48125365376472473, 0.5187463760375977]",0.5187463760375977
00044577.npy,1,1,"[-0.1795889437198639, 0.13584661483764648]","[0.4217885434627533, 0.5782114863395691]",0.5782114863395691
00044578.npy,1,1,"[0.10455597192049026, 0.1839076578617096]","[0.4801724851131439, 0.5198274850845337]",0.5198274850845337
00044579.npy,1,1,"[0.0778767392039299, 0.22271490097045898]","[0.4638536274433136, 0.536146342754364]",0.536146342754364
00044580.npy,1,1,"[0.0026827678084373474, 0.22724604606628418]","[0.4440939128398895, 0.5559060573577881]",0.5559060573577881
00044581.npy,1,1,"[-0.0016361922025680542, 0.2992943525314331]","[0.4253300130367279, 0.5746699571609497]",0.5746699571609497
00044582.npy,1,1,"[0.002171918749809265, 0.37264683842658997]","[0.40842628479003906, 0.5915737748146057]",0.5915737748146057
00044583.npy,1,1,"[0.10616063326597214, 0.43816909193992615]","[0.4177520275115967, 0.5822479724884033]",0.5822479724884033
00044584.npy,1,1,"[-0.03965045511722565, 0.07838291674852371]","[0.4705258905887604, 0.529474139213562]",0.529474139213562
00044585.npy,1,1,"[-0.25491082668304443, 0.0037431493401527405]","[0.4356946051120758, 0.5643053650856018]",0.5643053650856018
00044586.npy,1,1,"[-0.023889441043138504, 0.4398874342441559]","[0.3860902190208435, 0.6139097809791565]",0.6139097809791565
00044587.npy,1,1,"[0.015458859503269196, 0.25040870904922485]","[0.441531240940094, 0.558468759059906]",0.558468759059906
00044588.npy,1,1,"[-0.15049883723258972, 0.18310320377349854]","[0.4173644483089447, 0.5826355218887329]",0.5826355218887329
00044589.npy,1,1,"[-0.016220562160015106, 0.2872413992881775]","[0.4247114062309265, 0.5752886533737183]",0.5752886533737183
00044590.npy,1,1,"[0.16170069575309753, 0.3507646918296814]","[0.4528743326663971, 0.5471256971359253]",0.5471256971359253
00044591.npy,1,1,"[0.008296724408864975, 0.22889244556427002]","[0.4450736343860626, 0.554926335811615]",0.554926335811615
00044592.npy,1,1,"[0.046105578541755676, 0.19933143258094788]","[0.4617682993412018, 0.5382316708564758]",0.5382316708564758
00044593.npy,1,1,"[-0.04289361089468002, 0.19126152992248535]","[0.44172725081443787, 0.5582727789878845]",0.5582727789878845
00044594.npy,1,1,"[-0.10100953280925751, 0.13081851601600647]","[0.4423012137413025, 0.5576988458633423]",0.5576988458633423
00044595.npy,1,1,"[-0.156114399433136, -0.017866790294647217]","[0.4654930531978607, 0.5345069766044617]",0.5345069766044617
00044596.npy,1,1,"[-0.27699437737464905, 0.058455176651477814]","[0.41691526770591736, 0.583084762096405]",0.583084762096405
00044597.npy,1,1,"[-0.1361890286207199, 0.12262459844350815]","[0.4356553852558136, 0.5643446445465088]",0.5643446445465088
00044598.npy,1,1,"[-0.048113562166690826, 0.16275060176849365]","[0.44747844338417053, 0.5525215864181519]",0.5525215864181519
00044599.npy,1,1,"[-0.15299808979034424, 0.05798652768135071]","[0.44744864106178284, 0.5525513291358948]",0.5525513291358948
00044600.npy,1,1,"[-0.09995019435882568, -0.0142071433365345]","[0.4785773754119873, 0.5214226245880127]",0.5214226245880127
00044601.npy,1,1,"[-0.0622931644320488, 0.0805886760354042]","[0.4643401801586151, 0.5356597900390625]",0.5356597900390625
00044602.npy,1,1,"[-0.140874445438385, 0.004809238016605377]","[0.463643342256546, 0.5363566279411316]",0.5363566279411316
00044603.npy,1,1,"[-0.10606899857521057, 0.23953476548194885]","[0.41444888710975647, 0.5855510830879211]",0.5855510830879211
00044604.npy,1,1,"[0.03001466393470764, 0.23483628034591675]","[0.4489728510379791, 0.5510271191596985]",0.5510271191596985
00044605.npy,1,1,"[-0.07037489116191864, 0.24723830819129944]","[0.4212575852870941, 0.5787424445152283]",0.5787424445152283
00044606.npy,1,1,"[-0.12063538283109665, 0.1180359348654747]","[0.44061383605003357, 0.5593861937522888]",0.5593861937522888
00044607.npy,1,1,"[-0.02336960844695568, 0.2646341919898987]","[0.42849263548851013, 0.5715073943138123]",0.5715073943138123
00044608.npy,1,1,"[-0.16397666931152344, 0.1051592156291008]","[0.4331192374229431, 0.5668807029724121]",0.5668807029724121
00044609.npy,1,1,"[-0.0642472356557846, 0.36182597279548645]","[0.39506441354751587, 0.6049355864524841]",0.6049355864524841
00044610.npy,1,1,"[-0.04254478961229324, 0.1490408182144165]","[0.45224955677986145, 0.5477504134178162]",0.5477504134178162
00044611.npy,1,1,"[-0.14778190851211548, 0.1432536244392395]","[0.4277503788471222, 0.5722495913505554]",0.5722495913505554
00044612.npy,1,1,"[-0.08498833328485489, -0.008176028728485107]","[0.4808063507080078, 0.5191935896873474]",0.5191935896873474
00044613.npy,1,1,"[0.08660464733839035, 0.19380268454551697]","[0.4732261300086975, 0.5267738699913025]",0.5267738699913025
00044614.npy,1,1,"[-0.3277779221534729, 0.3462974727153778]","[0.337584912776947, 0.6624151468276978]",0.6624151468276978
00044615.npy,1,1,"[0.136879563331604, 0.3165547549724579]","[0.455201655626297, 0.5447983741760254]",0.5447983741760254
00044616.npy,1,1,"[-0.05012904480099678, 0.3236120045185089]","[0.407637357711792, 0.592362642288208]",0.592362642288208
00044617.npy,1,1,"[-0.03477998077869415, 0.4354032874107361]","[0.3845728635787964, 0.6154271364212036]",0.6154271364212036
00044618.npy,1,1,"[-0.015911627560853958, 0.02180860936641693]","[0.4905710518360138, 0.5094289183616638]",0.5094289183616638
00044619.npy,1,1,"[0.09947950392961502, 0.4068816900253296]","[0.4237489700317383, 0.5762510299682617]",0.5762510299682617
00044620.npy,1,1,"[-0.05324506014585495, 0.32010510563850403]","[0.4077317416667938, 0.5922682285308838]",0.5922682285308838
00044621.npy,1,1,"[-0.10885418951511383, 0.31041452288627625]","[0.3966917395591736, 0.6033082604408264]",0.6033082604408264
00044622.npy,1,1,"[-0.21580550074577332, -0.032207272946834564]","[0.454228937625885, 0.545771062374115]",0.545771062374115
00044623.npy,1,1,"[-0.11505075544118881, 0.07980135828256607]","[0.4514405429363251, 0.5485594868659973]",0.5485594868659973
00044624.npy,1,1,"[-0.16798290610313416, 0.32965895533561707]","[0.37809500098228455, 0.6219050288200378]",0.6219050288200378
00044625.npy,1,1,"[-0.09866183996200562, 0.12350793927907944]","[0.4446849226951599, 0.5553151369094849]",0.5553151369094849
00044626.npy,1,1,"[-0.0792548805475235, 0.3220812976360321]","[0.4009913504123688, 0.5990086197853088]",0.5990086197853088
00044627.npy,1,1,"[-0.12582892179489136, 0.09166555851697922]","[0.44583970308303833, 0.5541602969169617]",0.5541602969169617
00044628.npy,1,1,"[-0.14602306485176086, 0.19024980068206787]","[0.4167151153087616, 0.583284854888916]",0.583284854888916
00044629.npy,1,1,"[-0.18744605779647827, 0.030537456274032593]","[0.445718914270401, 0.5542811155319214]",0.5542811155319214
00044630.npy,0,1,"[-0.27986079454421997, 0.17514821887016296]","[0.3881704807281494, 0.6118294596672058]",0.6118294596672058
00044631.npy,1,1,"[-0.19290456175804138, 0.150333434343338]","[0.41502317786216736, 0.584976851940155]",0.584976851940155
00044632.npy,1,1,"[-0.03485101833939552, 0.17855402827262878]","[0.4468502998352051, 0.5531497001647949]",0.5531497001647949
00044633.npy,1,1,"[-0.0566742867231369, 0.1400848925113678]","[0.45096826553344727, 0.549031674861908]",0.549031674861908
00044634.npy,0,1,"[0.19100722670555115, 0.3911442160606384]","[0.4501321017742157, 0.5498679280281067]",0.5498679280281067
00044635.npy,1,1,"[0.09913351386785507, 0.4357278645038605]","[0.41663697361946106, 0.5833629965782166]",0.5833629965782166
00044636.npy,1,1,"[-0.10560201108455658, 0.2612961232662201]","[0.40929076075553894, 0.5907092690467834]",0.5907092690467834
00044637.npy,1,0,"[0.18958812952041626, 0.18736863136291504]","[0.5005548596382141, 0.4994451403617859]",0.4994451403617859
00044638.npy,1,1,"[0.16168877482414246, 0.3497323989868164]","[0.4531271457672119, 0.5468728542327881]",0.5468728542327881
00044639.npy,1,1,"[-0.39390286803245544, -0.10587096214294434]","[0.4284857511520386, 0.5715142488479614]",0.5715142488479614
00044640.npy,1,1,"[0.002126220613718033, 0.3146817684173584]","[0.4224911034107208, 0.5775089263916016]",0.5775089263916016
00044641.npy,1,1,"[0.08307217806577682, 0.22307142615318298]","[0.46505725383758545, 0.5349427461624146]",0.5349427461624146
00044642.npy,0,1,"[0.09491977840662003, 0.31887519359588623]","[0.44424402713775635, 0.5557560324668884]",0.5557560324668884
00044643.npy,1,1,"[-0.35228613018989563, 0.33077511191368103]","[0.33557844161987305, 0.664421558380127]",0.664421558380127
00044644.npy,0,1,"[-0.20772624015808105, 0.1970757246017456]","[0.40015915036201477, 0.5998408198356628]",0.5998408198356628
00044645.npy,1,1,"[0.04594321548938751, 0.27190878987312317]","[0.44374775886535645, 0.5562523007392883]",0.5562523007392883
00044646.npy,1,1,"[-0.06368663161993027, 0.47387030720710754]","[0.36875608563423157, 0.6312439441680908]",0.6312439441680908
00044647.npy,1,1,"[-0.03840937837958336, 0.2825349271297455]","[0.42044565081596375, 0.5795543789863586]",0.5795543789863586
00044648.npy,1,1,"[-0.25119972229003906, 0.0554485023021698]","[0.42393308877944946, 0.5760669112205505]",0.5760669112205505
00044649.npy,1,1,"[-0.05542460083961487, 0.6068864464759827]","[0.3402206599712372, 0.6597793698310852]",0.6597793698310852
00044650.npy,1,1,"[-0.33924368023872375, -0.03174586594104767]","[0.42372560501098633, 0.5762743353843689]",0.5762743353843689
00044651.npy,0,1,"[-0.06045086309313774, 0.49615272879600525]","[0.3643336892127991, 0.6356663107872009]",0.6356663107872009
00044652.npy,1,1,"[0.039367400109767914, 0.1461905837059021]","[0.4733195900917053, 0.5266804695129395]",0.5266804695129395
00044653.npy,1,1,"[-0.20721465349197388, 0.13465094566345215]","[0.4153563678264618, 0.5846436023712158]",0.5846436023712158
00044654.npy,1,1,"[-0.18405240774154663, 0.05094047635793686]","[0.441520631313324, 0.558479368686676]",0.558479368686676
00044655.npy,1,1,"[-0.3010883629322052, -0.014161620289087296]","[0.4287564158439636, 0.5712435841560364]",0.5712435841560364
00044656.npy,1,1,"[0.18462654948234558, 0.5347114205360413]","[0.4133618474006653, 0.5866381525993347]",0.5866381525993347
00044657.npy,1,1,"[-0.34338781237602234, -0.17465904355049133]","[0.45791760087013245, 0.5420823693275452]",0.5420823693275452
00044658.npy,1,1,"[-0.24177169799804688, 0.12197656184434891]","[0.41005250811576843, 0.589947521686554]",0.589947521686554
00044659.npy,1,1,"[-0.0974048525094986, 0.2887881100177765]","[0.4046340882778168, 0.5953658819198608]",0.5953658819198608
00044660.npy,1,1,"[0.07112729549407959, 0.39580950140953064]","[0.4195350706577301, 0.5804648995399475]",0.5804648995399475
00044661.npy,1,1,"[-0.1467636376619339, 0.005811259150505066]","[0.4619300961494446, 0.5380699038505554]",0.5380699038505554
00044662.npy,1,1,"[-0.01816786453127861, 0.13729974627494812]","[0.4612112045288086, 0.5387888550758362]",0.5387888550758362
00044663.npy,1,1,"[-0.2789681851863861, -0.024452589452266693]","[0.4367123544216156, 0.563287615776062]",0.563287615776062
00044664.npy,1,1,"[-0.02061587944626808, 0.12612417340278625]","[0.4633806645870209, 0.5366193056106567]",0.5366193056106567
00044665.npy,0,1,"[-0.29720813035964966, -0.04230237752199173]","[0.4366163909435272, 0.5633836388587952]",0.5633836388587952
00044666.npy,0,1,"[-0.19007420539855957, 0.23746579885482788]","[0.3947139382362366, 0.6052861213684082]",0.6052861213684082
00044667.npy,1,1,"[0.0216149240732193, 0.32517075538635254]","[0.424688458442688, 0.575311541557312]",0.575311541557312
00044668.npy,1,1,"[0.08831869810819626, 0.4130823016166687]","[0.4195152819156647, 0.5804847478866577]",0.5804847478866577
00044669.npy,1,1,"[-0.07252352684736252, 0.0908917561173439]","[0.45923686027526855, 0.5407631397247314]",0.5407631397247314
00044670.npy,1,1,"[-0.0595630407333374, 0.22780859470367432]","[0.4286474585533142, 0.5713525414466858]",0.5713525414466858
00044671.npy,1,1,"[-0.09600867331027985, 0.46058377623558044]","[0.3643362820148468, 0.6356637477874756]",0.6356637477874756
00044672.npy,0,1,"[-0.38935673236846924, 0.11770529299974442]","[0.37588250637054443, 0.6241174340248108]",0.6241174340248108
00044673.npy,1,1,"[-0.25649499893188477, 0.13365566730499268]","[0.40368103981018066, 0.5963189601898193]",0.5963189601898193
00044674.npy,1,1,"[0.04129583388566971, 0.3858127295970917]","[0.41471266746520996, 0.5852872729301453]",0.5852872729301453
00044675.npy,1,1,"[-0.05467813089489937, -0.000376824289560318]","[0.48642799258232117, 0.5135719776153564]",0.5135719776153564
00044676.npy,1,1,"[-0.12980622053146362, 0.1291007697582245]","[0.4356324076652527, 0.5643675923347473]",0.5643675923347473
00044677.npy,1,1,"[0.12091463059186935, 0.3856860399246216]","[0.43419113755226135, 0.5658088326454163]",0.5658088326454163
00044678.npy,1,1,"[-0.06894466280937195, 0.36746740341186523]","[0.3925962448120117, 0.6074037551879883]",0.6074037551879883
00044679.npy,1,1,"[0.17884591221809387, 0.4051096439361572]","[0.4436741769313812, 0.5563258528709412]",0.5563258528709412
00044680.npy,1,1,"[0.10313133150339127, 0.3232007920742035]","[0.44520360231399536, 0.5547963976860046]",0.5547963976860046
00044681.npy,1,1,"[-0.07506653666496277, 0.1769048273563385]","[0.43733832240104675, 0.5626616477966309]",0.5626616477966309
00044682.npy,1,1,"[-0.33586129546165466, 0.13911718130111694]","[0.3834386169910431, 0.6165614128112793]",0.6165614128112793
00044683.npy,1,1,"[-0.15103770792484283, 0.009425602853298187]","[0.45997002720832825, 0.5400300025939941]",0.5400300025939941
00044684.npy,1,1,"[-0.012621358036994934, 0.03805612772703171]","[0.48733335733413696, 0.512666642665863]",0.512666642665863
00044685.npy,1,1,"[-0.07983427494764328, 0.2628258168697357]","[0.41516345739364624, 0.5848365426063538]",0.5848365426063538
00044686.npy,1,1,"[-0.09736588597297668, 0.09502249211072922]","[0.45205068588256836, 0.5479493141174316]",0.5479493141174316
00044687.npy,1,1,"[0.1801615059375763, 0.2905331552028656]","[0.4724350571632385, 0.5275648832321167]",0.5275648832321167
00044688.npy,1,1,"[-0.1666260063648224, 0.09686698764562607]","[0.43450525403022766, 0.5654947757720947]",0.5654947757720947
00044689.npy,0,1,"[0.04575948417186737, 0.07739359885454178]","[0.4920921325683594, 0.5079078674316406]",0.5079078674316406
00044690.npy,1,1,"[0.02978614717721939, 0.5634468793869019]","[0.3696634769439697, 0.6303365230560303]",0.6303365230560303
00044691.npy,1,1,"[-0.10846008360385895, 0.021207883954048157]","[0.4676283597946167, 0.5323716402053833]",0.5323716402053833
00044692.npy,1,1,"[-0.21323049068450928, 0.241431325674057]","[0.38825294375419617, 0.6117470264434814]",0.6117470264434814
00044693.npy,1,1,"[-0.1555347740650177, 0.08680962771177292]","[0.4397087097167969, 0.5602912902832031]",0.5602912902832031
00044694.npy,1,1,"[0.03271656483411789, 0.217980295419693]","[0.45381611585617065, 0.5461838841438293]",0.5461838841438293
00044695.npy,1,1,"[-0.2723594307899475, 0.12424538284540176]","[0.40212833881378174, 0.5978716611862183]",0.5978716611862183
00044696.npy,1,1,"[-0.16980791091918945, 0.07391650229692459]","[0.43936875462532043, 0.560631275177002]",0.560631275177002
00044697.npy,1,1,"[0.043874144554138184, 0.23705735802650452]","[0.45185384154319763, 0.5481461882591248]",0.5481461882591248
00044698.npy,1,1,"[-0.028191331773996353, 0.031792715191841125]","[0.48500850796699524, 0.5149915218353271]",0.5149915218353271
00044699.npy,1,1,"[0.05227755010128021, 0.1856074035167694]","[0.46671685576438904, 0.5332831740379333]",0.5332831740379333
00044700.npy,1,1,"[-0.2611956000328064, -0.003139100968837738]","[0.43584153056144714, 0.5641584992408752]",0.5641584992408752
00044701.npy,1,1,"[-0.1075894832611084, 0.21011775732040405]","[0.4212345778942108, 0.5787653923034668]",0.5787653923034668
00044702.npy,1,1,"[-0.06695305556058884, 0.17428192496299744]","[0.4399820566177368, 0.560018002986908]",0.560018002986908
00044703.npy,0,1,"[-0.5290440320968628, -0.08195172250270844]","[0.39005231857299805, 0.609947681427002]",0.609947681427002
00044704.npy,0,1,"[-0.017321571707725525, 0.3483533263206482]","[0.4095865488052368, 0.5904134511947632]",0.5904134511947632
00044705.npy,1,1,"[-0.0806291252374649, 0.20628514885902405]","[0.42875948548316956, 0.5712405443191528]",0.5712405443191528
00044706.npy,1,1,"[-0.3303340673446655, -0.08838510513305664]","[0.43980613350868225, 0.5601938962936401]",0.5601938962936401
00044707.npy,1,1,"[-0.14477743208408356, 0.1797996461391449]","[0.4195607006549835, 0.5804393291473389]",0.5804393291473389
00044708.npy,1,1,"[-8.159875869750977e-05, 0.1302998960018158]","[0.46745073795318604, 0.5325493216514587]",0.5325493216514587
00044709.npy,1,1,"[0.081953264772892, 0.22603961825370789]","[0.4640405774116516, 0.5359593629837036]",0.5359593629837036
00044710.npy,1,1,"[0.015364415943622589, 0.3264801800251007]","[0.42284244298934937, 0.5771575570106506]",0.5771575570106506
00044711.npy,1,1,"[-0.08268270641565323, 0.28500911593437195]","[0.40909886360168457, 0.5909010767936707]",0.5909010767936707
00044712.npy,1,1,"[0.019832096993923187, 0.2843993604183197]","[0.43424132466316223, 0.5657587051391602]",0.5657587051391602
00044713.npy,1,1,"[0.042045414447784424, 0.27366188168525696]","[0.44235336780548096, 0.557646632194519]",0.557646632194519
00044714.npy,0,1,"[0.024084128439426422, 0.12260868400335312]","[0.475388765335083, 0.524611234664917]",0.524611234664917
00044715.npy,1,1,"[-0.1823476254940033, -0.006571676582098007]","[0.4561688005924225, 0.5438311696052551]",0.5438311696052551
00044716.npy,1,1,"[0.06908080726861954, 0.12264155596494675]","[0.48661303520202637, 0.5133870244026184]",0.5133870244026184
00044717.npy,1,1,"[0.11454323679208755, 0.6526923775672913]","[0.3686182498931885, 0.6313817501068115]",0.6313817501068115
00044718.npy,1,1,"[-0.12388621270656586, 0.23903807997703552]","[0.41025182604789734, 0.5897481441497803]",0.5897481441497803
00044719.npy,1,1,"[-0.19111484289169312, 0.0952952578663826]","[0.42888298630714417, 0.5711170434951782]",0.5711170434951782
00044720.npy,1,1,"[-0.16356655955314636, -0.09105629473924637]","[0.4818803668022156, 0.5181196331977844]",0.5181196331977844
00044721.npy,1,1,"[-0.05879706144332886, 0.350647509098053]","[0.39904531836509705, 0.6009547114372253]",0.6009547114372253
00044722.npy,1,1,"[-0.08969029039144516, 0.29897257685661316]","[0.4040392339229584, 0.595960795879364]",0.595960795879364
00044723.npy,1,1,"[-0.20347437262535095, -0.12293172627687454]","[0.47987520694732666, 0.5201247930526733]",0.5201247930526733
00044724.npy,0,1,"[-0.09224270284175873, 0.35844850540161133]","[0.3891964554786682, 0.6108036041259766]",0.6108036041259766
00044725.npy,1,1,"[-0.05963297188282013, 0.09331700950860977]","[0.46183687448501587, 0.5381631255149841]",0.5381631255149841
00044726.npy,0,1,"[-0.14955423772335052, 0.04769772291183472]","[0.45084628462791443, 0.549153745174408]",0.549153745174408
00044727.npy,0,1,"[-0.3031849265098572, 0.08497539907693863]","[0.4041602611541748, 0.5958397388458252]",0.5958397388458252
00044728.npy,1,1,"[-0.27557113766670227, 0.03142864257097244]","[0.4238472282886505, 0.5761527419090271]",0.5761527419090271
00044729.npy,1,1,"[-0.22909441590309143, 0.04932491481304169]","[0.4308413565158844, 0.569158673286438]",0.569158673286438
00044730.npy,1,1,"[-0.05669988691806793, 0.13620442152023315]","[0.4519229233264923, 0.5480771064758301]",0.5480771064758301
00044731.npy,1,1,"[-0.3738878071308136, 0.18989846110343933]","[0.3626718521118164, 0.6373281478881836]",0.6373281478881836
00044732.npy,1,1,"[-0.1459583193063736, 0.18745914101600647]","[0.41740936040878296, 0.582590639591217]",0.582590639591217
00044733.npy,1,1,"[-0.02888018637895584, 0.34428834915161133]","[0.4077756106853485, 0.5922244191169739]",0.5922244191169739
00044734.npy,1,1,"[0.1179795190691948, 0.22644054889678955]","[0.4729112684726715, 0.5270887017250061]",0.5270887017250061
00044735.npy,1,1,"[-0.04344436526298523, 0.06006433069705963]","[0.47414591908454895, 0.5258541107177734]",0.5258541107177734
00044736.npy,1,1,"[-0.14966104924678802, 0.14202678203582764]","[0.4275906980037689, 0.5724093317985535]",0.5724093317985535
00044737.npy,0,1,"[-0.3006760776042938, 0.1881304681301117]","[0.38017478585243225, 0.6198252439498901]",0.6198252439498901
00044738.npy,1,1,"[0.04393652826547623, 0.34935030341148376]","[0.4242345690727234, 0.5757654309272766]",0.5757654309272766
00044739.npy,1,1,"[-0.24391821026802063, 0.002199184149503708]","[0.438779354095459, 0.561220645904541]",0.561220645904541
00044740.npy,1,1,"[0.3686956465244293, 0.7650631070137024]","[0.4021854102611542, 0.5978145599365234]",0.5978145599365234
00044741.npy,0,1,"[-0.11391521245241165, 0.2430655062198639]","[0.4116906523704529, 0.5883093476295471]",0.5883093476295471
00044742.npy,1,1,"[0.13786053657531738, 0.35529521107673645]","[0.44585445523262024, 0.5541455149650574]",0.5541455149650574
00044743.npy,1,1,"[-0.17727649211883545, 0.09049128741025925]","[0.4334551990032196, 0.5665448307991028]",0.5665448307991028
00044744.npy,1,1,"[-0.23215451836585999, -0.15655404329299927]","[0.4811088740825653, 0.5188911557197571]",0.5188911557197571
00044745.npy,1,1,"[-0.0032501034438610077, 0.3020864427089691]","[0.4242534637451172, 0.5757465958595276]",0.5757465958595276
00044746.npy,1,1,"[-0.2408975064754486, 0.10683006793260574]","[0.4139336049556732, 0.5860664248466492]",0.5860664248466492
00044747.npy,1,1,"[0.17444783449172974, 0.45433536171913147]","[0.43048134446144104, 0.5695186853408813]",0.5695186853408813
00044748.npy,0,1,"[-0.029063863679766655, 0.20482879877090454]","[0.44179195165634155, 0.5582080483436584]",0.5582080483436584
00044749.npy,1,1,"[-0.1903475821018219, 0.12068631500005722]","[0.42286238074302673, 0.5771375894546509]",0.5771375894546509
00044750.npy,1,1,"[-0.09401728212833405, 0.30829402804374695]","[0.40075716376304626, 0.5992428660392761]",0.5992428660392761
00044751.npy,1,1,"[-0.16497573256492615, 0.15771523118019104]","[0.42002007365226746, 0.5799798965454102]",0.5799798965454102
00044752.npy,1,1,"[0.14952436089515686, 0.49527600407600403]","[0.4144130051136017, 0.5855869650840759]",0.5855869650840759
00044753.npy,1,1,"[0.08961310237646103, 0.2682676315307617]","[0.4554547965526581, 0.5445452332496643]",0.5445452332496643
00044754.npy,1,1,"[0.031019285321235657, 0.4734691083431244]","[0.3911573886871338, 0.6088426113128662]",0.6088426113128662
00044755.npy,1,1,"[-0.05403699353337288, 0.09114541858434677]","[0.46376803517341614, 0.5362319350242615]",0.5362319350242615
00044756.npy,1,1,"[-0.3071252405643463, 0.08305751532316208]","[0.40367332100868225, 0.5963267087936401]",0.5963267087936401
00044757.npy,1,1,"[-0.22695797681808472, 0.027619756758213043]","[0.4366970658302307, 0.5633029341697693]",0.5633029341697693
00044758.npy,1,1,"[-0.09418363124132156, 0.1704273819923401]","[0.43423059582710266, 0.5657694339752197]",0.5657694339752197
00044759.npy,1,1,"[-0.07118948549032211, 0.2405705749988556]","[0.4226851761341095, 0.5773147940635681]",0.5773147940635681
00044760.npy,1,1,"[0.09465467184782028, 0.2174113392829895]","[0.46934932470321655, 0.5306506752967834]",0.5306506752967834
00044761.npy,0,1,"[-0.21067634224891663, 0.5199543833732605]","[0.3250563442707062, 0.6749436259269714]",0.6749436259269714
00044762.npy,1,1,"[-0.22438359260559082, 0.331913560628891]","[0.36440467834472656, 0.6355953812599182]",0.6355953812599182
00044763.npy,1,1,"[0.08630692213773727, 0.4842909872531891]","[0.40179678797721863, 0.598203182220459]",0.598203182220459
00044764.npy,1,1,"[-0.09379155933856964, 0.1897246539592743]","[0.42959195375442505, 0.570408046245575]",0.570408046245575
00044765.npy,1,1,"[-0.042844828218221664, 0.10393176227807999]","[0.463371604681015, 0.5366284251213074]",0.5366284251213074
00044766.npy,1,1,"[-0.19080504775047302, 0.06819172948598862]","[0.4356103241443634, 0.5643896460533142]",0.5643896460533142
00044767.npy,1,1,"[-0.0779459998011589, 0.04476724565029144]","[0.4693601429462433, 0.5306398868560791]",0.5306398868560791
00044768.npy,1,1,"[-0.10583828389644623, 0.1095966175198555]","[0.446348637342453, 0.5536513924598694]",0.5536513924598694
00044769.npy,1,1,"[-0.33435866236686707, 0.23678705096244812]","[0.36097249388694763, 0.63902747631073]",0.63902747631073
00044770.npy,1,1,"[-0.11761753261089325, 0.2685481309890747]","[0.40464064478874207, 0.5953593254089355]",0.5953593254089355
00044771.npy,1,1,"[-0.15321028232574463, 0.1733897626399994]","[0.4190681278705597, 0.5809318423271179]",0.5809318423271179
00044772.npy,1,1,"[-0.3653821647167206, 0.020756997168064117]","[0.4046470522880554, 0.5953529477119446]",0.5953529477119446
00044773.npy,1,1,"[-0.24608361721038818, 0.24532073736190796]","[0.3795627951622009, 0.6204372644424438]",0.6204372644424438
00044774.npy,1,1,"[-0.13051919639110565, 0.08021051436662674]","[0.4475116431713104, 0.5524883270263672]",0.5524883270263672
00044775.npy,1,1,"[-0.13085471093654633, 0.2239934206008911]","[0.4122072756290436, 0.5877927541732788]",0.5877927541732788
00044776.npy,1,1,"[0.07733128219842911, 0.4218158721923828]","[0.4147205054759979, 0.5852794647216797]",0.5852794647216797
00044777.npy,0,1,"[-0.32427918910980225, -0.04451316222548485]","[0.43051114678382874, 0.5694888234138489]",0.5694888234138489
00044778.npy,1,1,"[-0.016691822558641434, 0.031181499361991882]","[0.4880339801311493, 0.5119660496711731]",0.5119660496711731
00044779.npy,1,1,"[-0.22078120708465576, 0.11267022043466568]","[0.41740110516548157, 0.5825989246368408]",0.5825989246368408
00044780.npy,0,1,"[-0.14977498352527618, -0.014817651361227036]","[0.4663117825984955, 0.5336881875991821]",0.5336881875991821
00044781.npy,1,1,"[-0.01711353287100792, 0.27098509669303894]","[0.4284694194793701, 0.5715305805206299]",0.5715305805206299
00044782.npy,1,1,"[-0.3539787828922272, 0.13146719336509705]","[0.3809669613838196, 0.6190330386161804]",0.6190330386161804
00044783.npy,1,1,"[-0.05093274265527725, 0.22440481185913086]","[0.4315972328186035, 0.5684028267860413]",0.5684028267860413
00044784.npy,0,1,"[0.12119060009717941, 0.5864272713661194]","[0.3857443034648895, 0.6142557263374329]",0.6142557263374329
00044785.npy,1,1,"[0.05759710073471069, 0.1124207153916359]","[0.48629751801490784, 0.5137025117874146]",0.5137025117874146
00044786.npy,1,1,"[-0.06667545437812805, 0.04677453637123108]","[0.47166791558265686, 0.5283321142196655]",0.5283321142196655
00044787.npy,1,1,"[0.04384962469339371, 0.2912144660949707]","[0.4384722113609314, 0.5615278482437134]",0.5615278482437134
00044788.npy,1,1,"[0.0510551780462265, 0.25021055340766907]","[0.4503750801086426, 0.5496249198913574]",0.5496249198913574
00044789.npy,1,1,"[-0.06911986321210861, 0.4319361448287964]","[0.37729254364967346, 0.6227074861526489]",0.6227074861526489
00044790.npy,1,1,"[-0.26954129338264465, 0.10475032776594162]","[0.4075043797492981, 0.5924955606460571]",0.5924955606460571
00044791.npy,0,1,"[0.13905254006385803, 0.5178548097610474]","[0.40641582012176514, 0.5935841798782349]",0.5935841798782349
00044792.npy,1,1,"[-0.10298430174589157, 0.3292205333709717]","[0.3935999572277069, 0.6064000129699707]",0.6064000129699707
00044793.npy,1,1,"[0.01137162372469902, 0.29343342781066895]","[0.4299483597278595, 0.5700516104698181]",0.5700516104698181
00044794.npy,1,1,"[0.15573599934577942, 0.3737783133983612]","[0.4457043409347534, 0.5542955994606018]",0.5542955994606018
00044795.npy,1,1,"[-0.04899997264146805, 0.31434366106987]","[0.410150408744812, 0.589849591255188]",0.589849591255188
00044796.npy,1,1,"[-0.1868400275707245, -0.03683748468756676]","[0.46256953477859497, 0.537430465221405]",0.537430465221405
00044797.npy,1,1,"[-0.13997571170330048, 0.20995065569877625]","[0.413400262594223, 0.5865997076034546]",0.5865997076034546
00044798.npy,1,1,"[0.10635469108819962, 0.20421656966209412]","[0.47555404901504517, 0.5244460105895996]",0.5244460105895996
00044799.npy,0,1,"[-0.14476007223129272, 0.10436969250440598]","[0.4380377233028412, 0.5619623064994812]",0.5619623064994812
00044800.npy,1,1,"[-0.03809236362576485, 0.15038105845451355]","[0.4530206322669983, 0.5469793677330017]",0.5469793677330017
00044801.npy,1,1,"[-0.16955125331878662, -0.08697900921106339]","[0.4793686866760254, 0.5206313729286194]",0.5206313729286194
00044802.npy,0,1,"[-0.07812100648880005, 0.13348689675331116]","[0.44729453325271606, 0.5527054667472839]",0.5527054667472839
00044803.npy,1,1,"[-0.23880574107170105, -0.15843623876571655]","[0.4799184501171112, 0.5200815796852112]",0.5200815796852112
00044804.npy,1,1,"[-0.2565913796424866, -0.07074570655822754]","[0.4536718726158142, 0.5463281273841858]",0.5463281273841858
00044805.npy,1,1,"[-0.411941260099411, 0.06330353766679764]","[0.3833756148815155, 0.6166243553161621]",0.6166243553161621
00044806.npy,0,1,"[-0.015618138015270233, 0.24283051490783691]","[0.43574509024620056, 0.564254879951477]",0.564254879951477
00044807.npy,1,1,"[-0.11226429045200348, 0.2637523412704468]","[0.4070879817008972, 0.5929120182991028]",0.5929120182991028
00044808.npy,1,1,"[0.0723748654127121, 0.25575605034828186]","[0.4542827308177948, 0.5457172393798828]",0.5457172393798828
00044809.npy,1,1,"[-0.13141509890556335, 0.1337577998638153]","[0.43409252166748047, 0.5659074783325195]",0.5659074783325195
00044810.npy,0,1,"[-0.09646838903427124, 0.13793030381202698]","[0.4416671693325043, 0.5583328604698181]",0.5583328604698181
00044811.npy,1,1,"[-0.03734861686825752, 0.21912270784378052]","[0.4362313151359558, 0.5637686252593994]",0.5637686252593994
00044812.npy,1,1,"[-0.33509817719459534, 0.13421648740768433]","[0.3847784698009491, 0.6152215003967285]",0.6152215003967285
00044813.npy,1,1,"[-0.09847673773765564, 0.19613689184188843]","[0.4268747568130493, 0.5731252431869507]",0.5731252431869507
00044814.npy,1,1,"[-0.14679718017578125, 0.19736173748970032]","[0.41479960083961487, 0.5852004289627075]",0.5852004289627075
00044815.npy,1,1,"[-0.20984616875648499, 0.008718326687812805]","[0.44557538628578186, 0.5544246435165405]",0.5544246435165405
00044816.npy,1,1,"[0.07215584069490433, 0.22891166806221008]","[0.46089109778404236, 0.53910893201828]",0.53910893201828
00044817.npy,1,1,"[-0.19358137249946594, 0.18562805652618408]","[0.4063176214694977, 0.5936824083328247]",0.5936824083328247
00044818.npy,1,1,"[-0.0971112847328186, 0.2233743667602539]","[0.4205573797225952, 0.5794426202774048]",0.5794426202774048
00044819.npy,1,1,"[-0.07548210769891739, 0.15816298127174377]","[0.44185301661491394, 0.5581469535827637]",0.5581469535827637
00044820.npy,0,1,"[-0.07421626150608063, 0.318741112947464]","[0.40300559997558594, 0.5969944000244141]",0.5969944000244141
00044821.npy,1,1,"[0.06545750796794891, 0.19387206435203552]","[0.46794041991233826, 0.5320596098899841]",0.5320596098899841
00044822.npy,1,1,"[-0.07499677687883377, 0.05922721326351166]","[0.4664943218231201, 0.5335057377815247]",0.5335057377815247
00044823.npy,1,1,"[-0.040178555995225906, 0.17517051100730896]","[0.44636985659599304, 0.5536301732063293]",0.5536301732063293
00044824.npy,0,1,"[-0.11928628385066986, 0.09402704983949661]","[0.4468729496002197, 0.5531270503997803]",0.5531270503997803
00044825.npy,1,1,"[-0.04564082249999046, 0.2313050925731659]","[0.4312026798725128, 0.5687972903251648]",0.5687972903251648
00044826.npy,1,1,"[-0.0937422513961792, 0.2564934492111206]","[0.4133252799510956, 0.5866747498512268]",0.5866747498512268
00044827.npy,1,1,"[-0.010725840926170349, 0.14936861395835876]","[0.460061639547348, 0.5399383306503296]",0.5399383306503296
00044828.npy,0,1,"[-0.503919780254364, 0.019270114600658417]","[0.3721066415309906, 0.6278933882713318]",0.6278933882713318
00044829.npy,1,1,"[0.1787630319595337, 0.46058109402656555]","[0.43000808358192444, 0.5699918866157532]",0.5699918866157532
00044830.npy,1,1,"[-0.08355418592691422, 0.24619707465171814]","[0.41830116510391235, 0.5816988348960876]",0.5816988348960876
00044831.npy,1,1,"[0.047211840748786926, 0.21093696355819702]","[0.45915988087654114, 0.5408400893211365]",0.5408400893211365
00044832.npy,1,1,"[-0.38027459383010864, -0.0072866566479206085]","[0.4078192412853241, 0.5921807885169983]",0.5921807885169983
00044833.npy,1,1,"[-0.2118028700351715, 0.05725013464689255]","[0.4331396222114563, 0.5668604373931885]",0.5668604373931885
00044834.npy,1,1,"[0.002658095210790634, 0.022160954773426056]","[0.4951244294643402, 0.5048755407333374]",0.5048755407333374
00044835.npy,1,1,"[-0.022882819175720215, 0.12672337889671326]","[0.4626680314540863, 0.5373319387435913]",0.5373319387435913
00044836.npy,0,1,"[-0.16081738471984863, -0.15534371137619019]","[0.4986315965652466, 0.5013684630393982]",0.5013684630393982
00044837.npy,1,1,"[-0.16779763996601105, -0.08578747510910034]","[0.4795089364051819, 0.5204910635948181]",0.5204910635948181
00044838.npy,0,1,"[-0.042387042194604874, 0.14780622720718384]","[0.45259448885917664, 0.547405481338501]",0.547405481338501
00044839.npy,1,1,"[0.048121362924575806, 0.16311606764793396]","[0.471282958984375, 0.528717041015625]",0.528717041015625
00044840.npy,1,1,"[-0.2230377495288849, 0.23201337456703186]","[0.38816049695014954, 0.6118394732475281]",0.6118394732475281
00044841.npy,1,1,"[-0.280438095331192, 0.034464821219444275]","[0.42191845178604126, 0.5780815482139587]",0.5780815482139587
00044842.npy,1,1,"[-0.18959373235702515, 0.02378525584936142]","[0.4468567669391632, 0.5531432628631592]",0.5531432628631592
00044843.npy,1,1,"[-0.06954953819513321, 0.19715553522109985]","[0.43371617794036865, 0.5662838220596313]",0.5662838220596313
00044844.npy,1,1,"[0.03830038756132126, 0.33003732562065125]","[0.4275786876678467, 0.5724213123321533]",0.5724213123321533
00044845.npy,1,1,"[-0.15644077956676483, -0.06919881701469421]","[0.47820335626602173, 0.521796703338623]",0.521796703338623
00044846.npy,0,1,"[0.04264295846223831, 0.05870271474123001]","[0.49598515033721924, 0.5040149092674255]",0.5040149092674255
00044847.npy,1,1,"[0.009195640683174133, 0.19630011916160583]","[0.45335984230041504, 0.5466400980949402]",0.5466400980949402
00044848.npy,1,1,"[0.00992979109287262, 0.12337318807840347]","[0.4716695547103882, 0.5283304452896118]",0.5283304452896118
00044849.npy,1,1,"[-0.016085155308246613, 0.1752484142780304]","[0.45231199264526367, 0.5476880073547363]",0.5476880073547363
00044850.npy,1,1,"[-0.0659724548459053, 0.14541420340538025]","[0.4473492503166199, 0.5526507496833801]",0.5526507496833801
00044851.npy,1,1,"[0.18244418501853943, 0.3735385835170746]","[0.4523712694644928, 0.5476287603378296]",0.5476287603378296
00044852.npy,1,1,"[-0.05297711491584778, 0.22614476084709167]","[0.43066906929016113, 0.5693309307098389]",0.5693309307098389
00044853.npy,1,1,"[-0.05619225651025772, 0.08659402281045914]","[0.4643639922142029, 0.5356360673904419]",0.5356360673904419
00044854.npy,0,1,"[-0.10919937491416931, 0.2043434977531433]","[0.4222501814365387, 0.5777497887611389]",0.5777497887611389
00044855.npy,1,1,"[-0.11060279607772827, 0.28989875316619873]","[0.4011918604373932, 0.5988081097602844]",0.5988081097602844
00044856.npy,1,1,"[-0.13196691870689392, 0.111394502222538]","[0.4394581615924835, 0.5605418682098389]",0.5605418682098389
00044857.npy,0,1,"[-0.4179428815841675, 0.06317645311355591]","[0.38198786973953247, 0.6180121898651123]",0.6180121898651123
00044858.npy,0,1,"[-0.26079562306404114, -0.011363450437784195]","[0.4379632771015167, 0.5620366930961609]",0.5620366930961609
00044859.npy,1,1,"[-0.009542446583509445, 0.07820387929677963]","[0.4780774712562561, 0.5219225287437439]",0.5219225287437439
00044860.npy,1,0,"[0.0091085284948349, -0.001645691692829132]","[0.5026885271072388, 0.4973115026950836]",0.4973115026950836
00044861.npy,1,1,"[0.03274541348218918, 0.20888611674308777]","[0.45607829093933105, 0.5439216494560242]",0.5439216494560242
00044862.npy,1,1,"[-0.009815279394388199, 0.2561592757701874]","[0.43389561772346497, 0.5661043524742126]",0.5661043524742126
00044863.npy,1,1,"[-0.13285252451896667, 0.061804190278053284]","[0.4514888823032379, 0.5485110878944397]",0.5485110878944397
00044864.npy,1,1,"[-0.09200777113437653, 0.22926709055900574]","[0.4203650951385498, 0.5796349048614502]",0.5796349048614502
00044865.npy,1,1,"[-0.13348078727722168, 0.1349579095840454]","[0.43329042196273804, 0.5667095184326172]",0.5667095184326172
00044866.npy,1,1,"[-0.021003222092986107, 0.17041552066802979]","[0.4522908926010132, 0.5477091073989868]",0.5477091073989868
00044867.npy,1,1,"[-0.1772073209285736, -0.0348019152879715]","[0.464458703994751, 0.535541296005249]",0.535541296005249
00044868.npy,1,1,"[-0.1964380145072937, 0.2661444842815399]","[0.386373370885849, 0.6136266589164734]",0.6136266589164734
00044869.npy,1,1,"[-0.177167147397995, 0.271009236574173]","[0.3897944390773773, 0.6102055311203003]",0.6102055311203003
00044870.npy,1,1,"[-0.2638041377067566, 0.034890495240688324]","[0.4258766174316406, 0.5741233229637146]",0.5741233229637146
00044871.npy,1,1,"[-0.05239953473210335, -0.03632298856973648]","[0.4959809482097626, 0.5040190815925598]",0.5040190815925598
00044872.npy,1,1,"[-0.008802399039268494, 0.1472160518169403]","[0.4610743522644043, 0.5389257073402405]",0.5389257073402405
00044873.npy,1,1,"[-0.06837715953588486, 0.02574954181909561]","[0.4764856994152069, 0.5235143303871155]",0.5235143303871155
00044874.npy,1,1,"[-0.049710992723703384, 0.29346323013305664]","[0.4150386452674866, 0.5849613547325134]",0.5849613547325134
00044875.npy,1,1,"[0.07941871136426926, 0.2077060043811798]","[0.4679720997810364, 0.5320279002189636]",0.5320279002189636
00044876.npy,1,1,"[0.04047735780477524, 0.2585791349411011]","[0.44568967819213867, 0.5543103218078613]",0.5543103218078613
00044877.npy,1,1,"[-0.012607675045728683, 0.2256298065185547]","[0.44072073698043823, 0.5592792630195618]",0.5592792630195618
00044878.npy,1,1,"[-0.2547239661216736, -0.03910474479198456]","[0.44630303978919983, 0.5536969304084778]",0.5536969304084778
00044879.npy,1,1,"[-0.306224524974823, 0.026913486421108246]","[0.4174773097038269, 0.5825227499008179]",0.5825227499008179
00044880.npy,1,1,"[-0.20422139763832092, -0.06518056988716125]","[0.465295672416687, 0.534704327583313]",0.534704327583313
00044881.npy,1,1,"[-0.09287691861391068, 0.03667110204696655]","[0.46765822172164917, 0.5323417782783508]",0.5323417782783508
00044882.npy,0,1,"[-0.021827125921845436, 0.14467748999595642]","[0.4584697484970093, 0.5415302515029907]",0.5415302515029907
00044883.npy,0,1,"[-0.14779630303382874, 0.4855428636074066]","[0.3467538058757782, 0.6532462239265442]",0.6532462239265442
00044884.npy,1,1,"[-0.07675148546695709, 0.2488836944103241]","[0.4193030595779419, 0.5806970000267029]",0.5806970000267029
00044885.npy,1,1,"[-0.1942252218723297, 0.05616006255149841]","[0.4377286732196808, 0.5622712969779968]",0.5622712969779968
00044886.npy,1,1,"[-0.14823861420154572, 0.04364478588104248]","[0.4521757960319519, 0.5478242039680481]",0.5478242039680481
00044887.npy,1,1,"[-0.23635360598564148, 0.10755922645330429]","[0.4148593246936798, 0.5851406455039978]",0.5851406455039978
00044888.npy,1,1,"[0.25608909130096436, 0.47525784373283386]","[0.4454261064529419, 0.5545738935470581]",0.5545738935470581
00044889.npy,1,1,"[-0.1251516342163086, 0.20230692625045776]","[0.4188591241836548, 0.5811408758163452]",0.5811408758163452
00044890.npy,1,1,"[0.2138957977294922, 0.5244749188423157]","[0.4229733943939209, 0.5770266056060791]",0.5770266056060791
00044891.npy,1,1,"[-0.11979485303163528, 0.12501737475395203]","[0.43910080194473267, 0.5608991980552673]",0.5608991980552673
00044892.npy,1,1,"[0.026240184903144836, 0.3277412950992584]","[0.4251905679702759, 0.5748094320297241]",0.5748094320297241
00044893.npy,1,1,"[-0.1205449178814888, 0.1180482730269432]","[0.440633088350296, 0.5593669414520264]",0.5593669414520264
00044894.npy,1,1,"[0.010405398905277252, 0.3766125440597534]","[0.409457802772522, 0.590542197227478]",0.590542197227478
00044895.npy,1,1,"[-0.1008806973695755, 0.17998424172401428]","[0.43024173378944397, 0.5697582960128784]",0.5697582960128784
00044896.npy,1,1,"[0.08236175030469894, 0.5063697099685669]","[0.39555805921554565, 0.6044418811798096]",0.6044418811798096
00044897.npy,0,1,"[-0.3896154463291168, -0.17645174264907837]","[0.44690993428230286, 0.5530900359153748]",0.5530900359153748
00044898.npy,1,1,"[0.029527917504310608, 0.239996999502182]","[0.447576105594635, 0.552423894405365]",0.552423894405365
00044899.npy,0,1,"[-0.02633480355143547, 0.24917975068092346]","[0.43155378103256226, 0.5684462189674377]",0.5684462189674377
00044900.npy,1,1,"[-0.15088188648223877, 0.020742379128932953]","[0.4571989178657532, 0.542801022529602]",0.542801022529602
00044901.npy,0,1,"[0.12673452496528625, 0.45840850472450256]","[0.4178333878517151, 0.5821666121482849]",0.5821666121482849
00044902.npy,1,1,"[0.2066739797592163, 0.5802284479141235]","[0.4076824486255646, 0.5923175811767578]",0.5923175811767578
00044903.npy,1,1,"[-0.035494811832904816, 0.11978652328252792]","[0.4612575173377991, 0.5387425422668457]",0.5387425422668457
00044904.npy,1,1,"[-0.06015622988343239, 0.21906694769859314]","[0.4306442439556122, 0.5693557858467102]",0.5693557858467102
00044905.npy,1,1,"[-0.22641602158546448, -0.009552080184221268]","[0.4459955096244812, 0.5540045499801636]",0.5540045499801636
00044906.npy,1,1,"[0.1392320692539215, 0.32297515869140625]","[0.4541930556297302, 0.5458070039749146]",0.5458070039749146
00044907.npy,1,1,"[-0.045871611684560776, 0.08837255090475082]","[0.4664892852306366, 0.5335107445716858]",0.5335107445716858
00044908.npy,1,1,"[0.10986734181642532, 0.3339405357837677]","[0.44421494007110596, 0.5557851195335388]",0.5557851195335388
00044909.npy,1,1,"[-0.23816433548927307, 0.13344058394432068]","[0.4081532657146454, 0.5918467044830322]",0.5918467044830322
00044910.npy,1,1,"[-0.20987853407859802, 0.06536728888750076]","[0.43161970376968384, 0.5683802962303162]",0.5683802962303162
00044911.npy,1,1,"[-0.2519605755805969, -0.16145889461040497]","[0.47738999128341675, 0.5226099491119385]",0.5226099491119385
00044912.npy,1,1,"[-0.1843637228012085, 0.15756985545158386]","[0.4153398871421814, 0.5846601724624634]",0.5846601724624634
00044913.npy,1,1,"[-0.23410117626190186, 0.09250051528215408]","[0.41906774044036865, 0.5809322595596313]",0.5809322595596313
00044914.npy,1,1,"[0.3946281969547272, 1.0122175216674805]","[0.3503299355506897, 0.6496701240539551]",0.6496701240539551
00044915.npy,1,1,"[-0.030551183968782425, 0.2463371753692627]","[0.4312167763710022, 0.5687832236289978]",0.5687832236289978
00044916.npy,1,1,"[-0.29009294509887695, 0.1307297646999359]","[0.3963198959827423, 0.6036800742149353]",0.6036800742149353
00044917.npy,1,1,"[-0.041753776371479034, 0.20806685090065002]","[0.437867671251297, 0.5621323585510254]",0.5621323585510254
00044918.npy,1,1,"[0.0870908722281456, 0.18848639726638794]","[0.474672794342041, 0.5253271460533142]",0.5253271460533142
00044919.npy,1,1,"[0.052439190447330475, 0.26504361629486084]","[0.4470481872558594, 0.5529517531394958]",0.5529517531394958
00044920.npy,1,1,"[-0.06589517742395401, 0.34051379561424255]","[0.3997734785079956, 0.6002264618873596]",0.6002264618873596
00044921.npy,1,1,"[-0.19775211811065674, 0.0380387157201767]","[0.4413239061832428, 0.5586761236190796]",0.5586761236190796
00044922.npy,0,1,"[-0.2469254732131958, 0.14626482129096985]","[0.40294957160949707, 0.5970504879951477]",0.5970504879951477
00044923.npy,0,1,"[-0.24598461389541626, 0.15969356894493103]","[0.3999488651752472, 0.6000511050224304]",0.6000511050224304
00044924.npy,1,1,"[0.01953715831041336, 0.45726683735847473]","[0.392282098531723, 0.6077179312705994]",0.6077179312705994
00044925.npy,1,1,"[0.057668253779411316, 0.34782692790031433]","[0.427964985370636, 0.5720349550247192]",0.5720349550247192
00044926.npy,1,1,"[-0.15786679089069366, 0.22473159432411194]","[0.4055003523826599, 0.5944996476173401]",0.5944996476173401
00044927.npy,0,1,"[-0.21377623081207275, 0.0955866351723671]","[0.4232702851295471, 0.5767297744750977]",0.5767297744750977
00044928.npy,1,1,"[0.17146849632263184, 0.30193307995796204]","[0.4674300253391266, 0.532569944858551]",0.532569944858551
00044929.npy,1,1,"[-0.12437618523836136, 0.206276535987854]","[0.4180818498134613, 0.5819181799888611]",0.5819181799888611
00044930.npy,1,1,"[-0.1514611393213272, 0.15045621991157532]","[0.4250888228416443, 0.5749111771583557]",0.5749111771583557
00044931.npy,1,1,"[0.0037200339138507843, 0.275118350982666]","[0.432563841342926, 0.567436158657074]",0.567436158657074
00044932.npy,1,1,"[-0.11550480872392654, 0.18424376845359802]","[0.425618976354599, 0.5743810534477234]",0.5743810534477234
00044933.npy,1,1,"[-0.008283860981464386, 0.20282059907913208]","[0.44741901755332947, 0.5525809526443481]",0.5525809526443481
00044934.npy,1,1,"[-0.20198991894721985, 0.22154903411865234]","[0.39567023515701294, 0.6043297648429871]",0.6043297648429871
00044935.npy,1,1,"[0.11065611988306046, 0.32716524600982666]","[0.4460831582546234, 0.5539168119430542]",0.5539168119430542
00044936.npy,1,1,"[0.12857592105865479, 0.35825610160827637]","[0.4428310692310333, 0.5571689605712891]",0.5571689605712891
00044937.npy,1,1,"[0.13590991497039795, 0.49621620774269104]","[0.41088542342185974, 0.5891145467758179]",0.5891145467758179
00044938.npy,1,1,"[-0.006902772933244705, 0.2504308521747589]","[0.43601927161216736, 0.5639806985855103]",0.5639806985855103
00044939.npy,1,1,"[-0.06831826269626617, 0.0521092489361763]","[0.46992945671081543, 0.5300705432891846]",0.5300705432891846
00044940.npy,1,1,"[-0.00621013343334198, 0.2901782989501953]","[0.42644062638282776, 0.5735594034194946]",0.5735594034194946
00044941.npy,1,1,"[0.2531982660293579, 0.5613568425178528]","[0.42356428503990173, 0.5764357447624207]",0.5764357447624207
00044942.npy,0,1,"[0.05522686988115311, 0.4521249234676361]","[0.40205785632133484, 0.5979421138763428]",0.5979421138763428
00044943.npy,1,1,"[-0.15835578739643097, -0.0462435744702816]","[0.47200125455856323, 0.527998685836792]",0.527998685836792
00044944.npy,1,1,"[-0.15512320399284363, 0.14211973547935486]","[0.42623162269592285, 0.5737683773040771]",0.5737683773040771
00044945.npy,0,1,"[0.002439171075820923, 0.19142481684684753]","[0.4528937339782715, 0.5471063256263733]",0.5471063256263733
00044946.npy,0,1,"[0.04207640141248703, 0.42546987533569336]","[0.40530869364738464, 0.5946913361549377]",0.5946913361549377
00044947.npy,0,1,"[-0.16688895225524902, 0.09530247002840042]","[0.4348250925540924, 0.56517493724823]",0.56517493724823
00044948.npy,1,1,"[0.022136636078357697, 0.37851256132125854]","[0.4118371605873108, 0.5881628394126892]",0.5881628394126892
00044949.npy,1,1,"[-0.07517566531896591, 0.27676644921302795]","[0.4129115641117096, 0.5870884656906128]",0.5870884656906128
00044950.npy,1,1,"[-0.09323066473007202, 0.27724865078926086]","[0.4084252119064331, 0.5915747880935669]",0.5915747880935669
00044951.npy,0,1,"[-0.0466284342110157, 0.1757376790046692]","[0.44463643431663513, 0.5553635954856873]",0.5553635954856873
00044952.npy,1,1,"[-0.09428074955940247, 0.2960062026977539]","[0.4036482274532318, 0.5963517427444458]",0.5963517427444458
00044953.npy,0,1,"[0.11847559362649918, 0.43696385622024536]","[0.4210442006587982, 0.5789557695388794]",0.5789557695388794
00044954.npy,1,1,"[0.08852166682481766, 0.547988772392273]","[0.38711223006248474, 0.6128877401351929]",0.6128877401351929
00044955.npy,1,1,"[-0.006109181791543961, 0.28197211027145386]","[0.42847368121147156, 0.5715263485908508]",0.5715263485908508
00044956.npy,0,1,"[0.18208515644073486, 0.5417793393135071]","[0.41103360056877136, 0.5889663696289062]",0.5889663696289062
00044957.npy,1,1,"[0.06375277042388916, 0.21710661053657532]","[0.4617365002632141, 0.5382634997367859]",0.5382634997367859
00044958.npy,1,1,"[-0.004954058676958084, 0.7193942666053772]","[0.32643619179725647, 0.6735637784004211]",0.6735637784004211
00044959.npy,1,1,"[-0.12486816942691803, 0.07301939278841019]","[0.4506889283657074, 0.549311101436615]",0.549311101436615
00044960.npy,1,1,"[0.1448947787284851, 0.3760245144367218]","[0.442473441362381, 0.5575265288352966]",0.5575265288352966
00044961.npy,1,1,"[0.1187564954161644, 0.23095890879631042]","[0.4719787836074829, 0.5280212163925171]",0.5280212163925171
00044962.npy,1,1,"[0.012132972478866577, 0.5830029249191284]","[0.36103612184524536, 0.6389638781547546]",0.6389638781547546
00044963.npy,1,1,"[-0.23921287059783936, 0.18049311637878418]","[0.3965871036052704, 0.6034128665924072]",0.6034128665924072
00044964.npy,0,1,"[-0.13977599143981934, 0.3094770312309265]","[0.38953837752342224, 0.6104615926742554]",0.6104615926742554
00044965.npy,1,1,"[0.10874975472688675, 0.43300774693489075]","[0.41963839530944824, 0.5803616046905518]",0.5803616046905518
00044966.npy,1,1,"[0.024714581668376923, 0.32206740975379944]","[0.42620477080345154, 0.5737952589988708]",0.5737952589988708
00044967.npy,1,1,"[-0.002715863287448883, 0.13897839188575745]","[0.46463561058044434, 0.5353644490242004]",0.5353644490242004
00044968.npy,1,1,"[-0.1526223123073578, 0.32998520135879517]","[0.3816365897655487, 0.6183634400367737]",0.6183634400367737
00044969.npy,1,1,"[-0.14999154210090637, 0.10008575767278671]","[0.4378044605255127, 0.5621954798698425]",0.5621954798698425
00044970.npy,1,1,"[-0.18150711059570312, -0.06375887989997864]","[0.47059693932533264, 0.5294030904769897]",0.5294030904769897
00044971.npy,1,1,"[-0.12138694524765015, 0.04730489104986191]","[0.45792675018310547, 0.5420731902122498]",0.5420731902122498
00044972.npy,1,1,"[0.12044317275285721, 0.2939920127391815]","[0.45672136545181274, 0.5432786345481873]",0.5432786345481873
00044973.npy,1,1,"[-0.10247299075126648, 0.2433394491672516]","[0.4143982529640198, 0.5856017470359802]",0.5856017470359802
00044974.npy,1,1,"[0.1755465567111969, 0.4935184419155121]","[0.42117008566856384, 0.5788298845291138]",0.5788298845291138
00044975.npy,1,1,"[-0.170945942401886, 0.05538761615753174]","[0.44365695118904114, 0.5563430786132812]",0.5563430786132812
00044976.npy,1,1,"[0.04425229877233505, 0.5616651773452759]","[0.3734573721885681, 0.6265426278114319]",0.6265426278114319
00044977.npy,1,1,"[0.12215354293584824, 0.36300987005233765]","[0.4400753378868103, 0.5599246621131897]",0.5599246621131897
00044978.npy,1,1,"[-0.045343734323978424, 0.1747594177722931]","[0.4451952874660492, 0.5548046827316284]",0.5548046827316284
00044979.npy,1,1,"[0.021810151636600494, 0.260220468044281]","[0.4406781494617462, 0.5593218207359314]",0.5593218207359314
00044980.npy,1,1,"[0.08000823110342026, 0.25172826647758484]","[0.4571751654148102, 0.5428248047828674]",0.5428248047828674
00044981.npy,1,1,"[0.13485267758369446, 0.16775554418563843]","[0.4917750656604767, 0.5082249641418457]",0.5082249641418457
00044982.npy,1,1,"[0.25576353073120117, 0.3239133656024933]","[0.48296913504600525, 0.5170308351516724]",0.5170308351516724
00044983.npy,1,1,"[-0.0971888080239296, 0.09439199417829514]","[0.45225077867507935, 0.5477492809295654]",0.5477492809295654
00044984.npy,1,1,"[-0.0356665663421154, 0.30817848443984985]","[0.4148757755756378, 0.5851242542266846]",0.5851242542266846
00044985.npy,1,1,"[-0.6133184432983398, -0.30280381441116333]","[0.422989159822464, 0.5770108699798584]",0.5770108699798584
00044986.npy,0,1,"[0.11447266489267349, 0.2535291910171509]","[0.4652917683124542, 0.5347082018852234]",0.5347082018852234
00044987.npy,1,1,"[0.07086264342069626, 0.32051828503608704]","[0.43790826201438904, 0.5620917081832886]",0.5620917081832886
00044988.npy,0,1,"[0.10188297182321548, 0.29271459579467773]","[0.45243632793426514, 0.5475636124610901]",0.5475636124610901
00044989.npy,1,1,"[-0.3328659236431122, 0.16032147407531738]","[0.37914299964904785, 0.6208570599555969]",0.6208570599555969
00044990.npy,1,1,"[-0.32146981358528137, 0.028343364596366882]","[0.4134277403354645, 0.5865722298622131]",0.5865722298622131
00044991.npy,1,1,"[-0.0337330624461174, 0.3525621294975281]","[0.40460947155952454, 0.5953904986381531]",0.5953904986381531
00044992.npy,1,1,"[-0.21206903457641602, 0.298473060131073]","[0.37506648898124695, 0.6249335408210754]",0.6249335408210754
00044993.npy,0,1,"[-0.0437505729496479, 0.39186012744903564]","[0.392787367105484, 0.6072126626968384]",0.6072126626968384
00044994.npy,1,1,"[-0.40183407068252563, 0.3781434893608093]","[0.3143247365951538, 0.685675323009491]",0.685675323009491
00044995.npy,1,1,"[-0.14260517060756683, 0.29710590839385986]","[0.3918098509311676, 0.6081901788711548]",0.6081901788711548
00044996.npy,1,1,"[-0.027876878157258034, 0.439303994178772]","[0.3852837383747101, 0.6147162914276123]",0.6147162914276123
00044997.npy,1,1,"[-0.1640189290046692, 0.39547818899154663]","[0.36366382241249084, 0.6363362073898315]",0.6363362073898315
00044998.npy,1,1,"[-0.056158456951379776, 0.3444116711616516]","[0.4011753797531128, 0.5988246202468872]",0.5988246202468872
00044999.npy,0,1,"[0.10306967049837112, 0.38553285598754883]","[0.4298500120639801, 0.5701500177383423]",0.5701500177383423
00045000.npy,1,1,"[-0.015201084315776825, 0.2877246141433716]","[0.4248424470424652, 0.5751575827598572]",0.5751575827598572
00045001.npy,1,1,"[0.013841584324836731, 0.3631499409675598]","[0.41355013847351074, 0.5864498615264893]",0.5864498615264893
00045002.npy,1,1,"[-0.07589367032051086, 0.145751953125]","[0.4448143541812897, 0.5551856756210327]",0.5551856756210327
00045003.npy,0,1,"[0.08120935410261154, 0.2089601755142212]","[0.46810564398765564, 0.531894326210022]",0.531894326210022
00045004.npy,1,1,"[0.003244001418352127, 0.18698379397392273]","[0.4541938304901123, 0.5458061695098877]",0.5458061695098877
00045005.npy,1,1,"[0.05569405108690262, 0.24532756209373474]","[0.45273318886756897, 0.5472668409347534]",0.5472668409347534
00045006.npy,1,1,"[-0.07369645684957504, 0.16143831610679626]","[0.4414856433868408, 0.5585142970085144]",0.5585142970085144
00045007.npy,1,1,"[-0.16196051239967346, 0.2871919274330139]","[0.38956233859062195, 0.6104376912117004]",0.6104376912117004
00045008.npy,1,1,"[0.07327093929052353, 0.2983008027076721]","[0.44397875666618347, 0.5560212731361389]",0.5560212731361389
00045009.npy,1,1,"[-0.20608675479888916, -0.15098975598812103]","[0.4862292408943176, 0.5137707591056824]",0.5137707591056824
00045010.npy,1,1,"[0.03498773276805878, 0.4251527488231659]","[0.4036775529384613, 0.5963224172592163]",0.5963224172592163
00045011.npy,1,1,"[-0.1844061315059662, 0.06825769692659378]","[0.4371679723262787, 0.5628320574760437]",0.5628320574760437
00045012.npy,0,1,"[-0.028753476217389107, 0.40068256855010986]","[0.3942610025405884, 0.6057389974594116]",0.6057389974594116
00045013.npy,1,1,"[0.015431702136993408, 0.2484094500541687]","[0.4420176148414612, 0.5579823851585388]",0.5579823851585388
00045014.npy,1,1,"[-0.03434388339519501, 0.09500860422849655]","[0.46770691871643066, 0.5322930812835693]",0.5322930812835693
00045015.npy,1,1,"[-0.038150809705257416, 0.2625403106212616]","[0.4253885746002197, 0.574611485004425]",0.574611485004425
00045016.npy,1,1,"[-0.1409665048122406, 0.029794998466968536]","[0.45741304755210876, 0.5425869226455688]",0.5425869226455688
00045017.npy,1,1,"[0.09544528275728226, 0.26310694217681885]","[0.4581824839115143, 0.5418174862861633]",0.5418174862861633
00045018.npy,1,1,"[-0.06797006726264954, 0.048227354884147644]","[0.4709832966327667, 0.5290167331695557]",0.5290167331695557
00045019.npy,1,1,"[0.11732374876737595, 0.4612058103084564]","[0.41486677527427673, 0.5851331949234009]",0.5851331949234009
00045020.npy,0,0,"[-0.020004667341709137, -0.07679510116577148]","[0.5141937732696533, 0.4858061969280243]",0.4858061969280243
00045021.npy,1,1,"[-0.07612301409244537, 0.19803324341773987]","[0.43188703060150146, 0.5681129693984985]",0.5681129693984985
00045022.npy,1,1,"[-0.36105674505233765, 0.19934725761413574]","[0.3634539842605591, 0.6365460157394409]",0.6365460157394409
00045023.npy,1,1,"[0.05427984893321991, 0.3949943482875824]","[0.41563594341278076, 0.5843640565872192]",0.5843640565872192
00045024.npy,1,1,"[0.15502017736434937, 0.4083866775035858]","[0.4369950592517853, 0.5630049109458923]",0.5630049109458923
00045025.npy,0,1,"[-0.07596303522586823, 0.27898478507995605]","[0.41218310594558716, 0.5878168940544128]",0.5878168940544128
00045026.npy,1,1,"[-0.05016415938735008, 0.5347822904586792]","[0.35779520869255066, 0.642204761505127]",0.642204761505127
00045027.npy,1,1,"[-0.4930793344974518, 0.1030619814991951]","[0.3552270233631134, 0.644773006439209]",0.644773006439209
00045028.npy,1,1,"[0.09568210691213608, 0.582870602607727]","[0.3805561363697052, 0.6194438934326172]",0.6194438934326172
00045029.npy,0,1,"[-0.1672888994216919, 0.19161304831504822]","[0.41122540831565857, 0.5887746214866638]",0.5887746214866638
00045030.npy,1,1,"[-0.029766038060188293, -0.025207102298736572]","[0.49886026978492737, 0.5011397004127502]",0.5011397004127502
00045031.npy,1,1,"[-0.062027450650930405, 0.0958835557103157]","[0.46060410141944885, 0.5393959283828735]",0.5393959283828735
00045032.npy,1,1,"[-0.2602252960205078, 0.06059093028306961]","[0.42047685384750366, 0.5795231461524963]",0.5795231461524963
00045033.npy,1,1,"[-0.3716917335987091, 0.0293571874499321]","[0.4010603427886963, 0.5989396572113037]",0.5989396572113037
00045034.npy,1,1,"[-0.25353318452835083, 0.09202415496110916]","[0.4144601821899414, 0.5855398178100586]",0.5855398178100586
00045035.npy,1,1,"[-0.1796867847442627, 0.030434511601924896]","[0.4476621150970459, 0.5523378849029541]",0.5523378849029541
00045036.npy,1,1,"[0.10434990376234055, 0.3339471220970154]","[0.44285154342651367, 0.5571484565734863]",0.5571484565734863
00045037.npy,1,1,"[-0.5265571475028992, -0.14917132258415222]","[0.40675753355026245, 0.5932424068450928]",0.5932424068450928
00045038.npy,0,1,"[-0.01679152622818947, 0.20824676752090454]","[0.44397667050361633, 0.5560232996940613]",0.5560232996940613
00045039.npy,1,1,"[-0.16297903656959534, 0.2942400276660919]","[0.38764578104019165, 0.6123542785644531]",0.6123542785644531
00045040.npy,0,1,"[0.1429726481437683, 0.27142414450645447]","[0.46793118119239807, 0.5320687890052795]",0.5320687890052795
00045041.npy,1,1,"[0.1931351125240326, 0.4160287380218506]","[0.4445061683654785, 0.5554938316345215]",0.5554938316345215
00045042.npy,0,1,"[-0.2503361701965332, 0.14239245653152466]","[0.4030606150627136, 0.5969393849372864]",0.5969393849372864
00045043.npy,1,1,"[0.27677568793296814, 0.2952246069908142]","[0.4953879117965698, 0.5046120882034302]",0.5046120882034302
00045044.npy,1,1,"[-0.03413145989179611, 0.35897397994995117]","[0.40296998620033264, 0.5970300436019897]",0.5970300436019897
00045045.npy,0,1,"[-0.02523268386721611, 0.26319336891174316]","[0.4283892512321472, 0.5716107487678528]",0.5716107487678528
00045046.npy,1,1,"[-0.04204590618610382, -0.03821156173944473]","[0.4990414083003998, 0.5009585618972778]",0.5009585618972778
00045047.npy,1,1,"[-0.13160252571105957, 0.1813611090183258]","[0.42239150404930115, 0.5776084661483765]",0.5776084661483765
00045048.npy,1,1,"[-0.01246507465839386, 0.3594585955142975]","[0.40807628631591797, 0.591923713684082]",0.591923713684082
00045049.npy,0,1,"[-0.2182689905166626, 0.11496260017156601]","[0.4174545407295227, 0.5825454592704773]",0.5825454592704773
00045050.npy,1,1,"[0.033900827169418335, 0.3600624203681946]","[0.4191748797893524, 0.58082515001297]",0.58082515001297
00045051.npy,1,1,"[0.06800243258476257, 0.3420901298522949]","[0.4319038689136505, 0.5680961608886719]",0.5680961608886719
00045052.npy,1,1,"[-0.0655173510313034, 0.23445039987564087]","[0.42556536197662354, 0.5744346380233765]",0.5744346380233765
00045053.npy,1,1,"[0.09402013570070267, 0.23207110166549683]","[0.4655419588088989, 0.5344579815864563]",0.5344579815864563
00045054.npy,1,1,"[0.025588810443878174, 0.37864023447036743]","[0.4126426577568054, 0.5873573422431946]",0.5873573422431946
00045055.npy,1,1,"[-0.16420787572860718, 0.09548357874155045]","[0.4354395568370819, 0.5645604133605957]",0.5645604133605957
00045056.npy,1,1,"[-0.1698727309703827, 0.06061309576034546]","[0.442632257938385, 0.5573676824569702]",0.5573676824569702
00045057.npy,0,1,"[-0.08413586020469666, 0.4697495400905609]","[0.36496344208717346, 0.6350365281105042]",0.6350365281105042
00045058.npy,0,1,"[-0.2479589283466339, 0.08305875211954117]","[0.41799303889274597, 0.5820069313049316]",0.5820069313049316
00045059.npy,0,1,"[-0.029995571821928024, 0.3336615562438965]","[0.4100745618343353, 0.5899254679679871]",0.5899254679679871
00045060.npy,1,1,"[-0.18684864044189453, 0.39547306299209595]","[0.35839852690696716, 0.6416014432907104]",0.6416014432907104
00045061.npy,0,1,"[-0.3633539378643036, 0.04394149035215378]","[0.399560809135437, 0.600439190864563]",0.600439190864563
00045062.npy,0,1,"[-0.10420368611812592, 0.30205437541007996]","[0.39980971813201904, 0.6001903414726257]",0.6001903414726257
00045063.npy,1,1,"[0.027048438787460327, 0.3890276551246643]","[0.4104805290699005, 0.5895195007324219]",0.5895195007324219
00045064.npy,0,1,"[-0.09580665826797485, 0.28710052371025085]","[0.40542590618133545, 0.5945740938186646]",0.5945740938186646
00045065.npy,1,1,"[-0.30464133620262146, 0.20275190472602844]","[0.3758048415184021, 0.6241952180862427]",0.6241952180862427
00045066.npy,1,1,"[0.06922157108783722, 0.3292948305606842]","[0.43534570932388306, 0.5646542906761169]",0.5646542906761169
00045067.npy,1,1,"[0.12909772992134094, 0.34672945737838745]","[0.44580578804016113, 0.5541942119598389]",0.5541942119598389
00045068.npy,1,1,"[-0.11351277679204941, 0.06995264440774918]","[0.4542618691921234, 0.545738160610199]",0.545738160610199
00045069.npy,1,1,"[0.004332400858402252, 0.3801743984222412]","[0.4071301221847534, 0.5928698778152466]",0.5928698778152466
00045070.npy,1,1,"[-0.08789190649986267, 0.11571118980646133]","[0.44927433133125305, 0.5507256388664246]",0.5507256388664246
00045071.npy,1,1,"[0.008899670094251633, 0.051802366971969604]","[0.4892759621143341, 0.5107240080833435]",0.5107240080833435
00045072.npy,1,1,"[-0.003086663782596588, 0.10790368169546127]","[0.4722808599472046, 0.5277191400527954]",0.5277191400527954
00045073.npy,1,1,"[-0.34218981862068176, -0.09626433253288269]","[0.43882665038108826, 0.5611733794212341]",0.5611733794212341
00045074.npy,1,1,"[-0.07922008633613586, 0.2150377631187439]","[0.4269618093967438, 0.5730381608009338]",0.5730381608009338
00045075.npy,1,1,"[-0.1096852570772171, 0.09740074723958969]","[0.4484127461910248, 0.5515872836112976]",0.5515872836112976
00045076.npy,1,1,"[-0.10888943821191788, 0.1916235089302063]","[0.42543211579322815, 0.5745679140090942]",0.5745679140090942
00045077.npy,0,1,"[-0.09725689888000488, 0.13174939155578613]","[0.4429973363876343, 0.5570026636123657]",0.5570026636123657
00045078.npy,1,1,"[-0.2516400218009949, 0.055913716554641724]","[0.42371198534965515, 0.5762880444526672]",0.5762880444526672
00045079.npy,0,1,"[-0.12972550094127655, 0.16710829734802246]","[0.42633166909217834, 0.5736683011054993]",0.5736683011054993
00045080.npy,1,1,"[-0.3206999599933624, -0.05032180994749069]","[0.4328143000602722, 0.5671857595443726]",0.5671857595443726
00045081.npy,1,1,"[-0.1139378771185875, 0.24920260906219482]","[0.4101995527744293, 0.5898004770278931]",0.5898004770278931
00045082.npy,1,1,"[-0.16633039712905884, 0.1954580843448639]","[0.41052669286727905, 0.589473307132721]",0.589473307132721
00045083.npy,1,1,"[-0.032316211611032486, 0.2260201871395111]","[0.43577271699905396, 0.5642273426055908]",0.5642273426055908
00045084.npy,1,1,"[-0.186226487159729, 0.13385945558547974]","[0.420654833316803, 0.5793452262878418]",0.5793452262878418
00045085.npy,1,1,"[-0.10221122205257416, 0.1520978808403015]","[0.4367631673812866, 0.5632368326187134]",0.5632368326187134
00045086.npy,1,1,"[0.06504704803228378, 0.257546067237854]","[0.45202329754829407, 0.5479766726493835]",0.5479766726493835
00045087.npy,1,1,"[-0.06631048768758774, 0.2377590537071228]","[0.4245629608631134, 0.575437068939209]",0.575437068939209
00045088.npy,0,1,"[0.0627666711807251, 0.34413671493530273]","[0.4301179051399231, 0.5698820352554321]",0.5698820352554321
00045089.npy,0,1,"[-0.06843787431716919, 0.4312950670719147]","[0.3776034414768219, 0.6223965883255005]",0.6223965883255005
00045090.npy,1,1,"[-0.09263932704925537, 0.1098436787724495]","[0.4495514929294586, 0.5504485368728638]",0.5504485368728638
00045091.npy,1,1,"[0.008560214191675186, 0.2574380040168762]","[0.43809974193573, 0.56190025806427]",0.56190025806427
00045092.npy,1,1,"[-0.05836980417370796, 0.4528810679912567]","[0.37490034103393555, 0.6250996589660645]",0.6250996589660645
00045093.npy,0,1,"[-0.1999480426311493, 0.05774541199207306]","[0.4359307885169983, 0.5640692114830017]",0.5640692114830017
00045094.npy,0,1,"[-0.4350290894508362, 0.02509753406047821]","[0.38695579767227173, 0.613044261932373]",0.613044261932373
00045095.npy,1,1,"[-0.11932525038719177, 0.28865760564804077]","[0.3993958830833435, 0.6006041169166565]",0.6006041169166565
00045096.npy,1,1,"[-0.017267417162656784, 0.32519420981407166]","[0.41521164774894714, 0.5847883224487305]",0.5847883224487305
00045097.npy,1,1,"[-0.19849973917007446, 0.047833651304244995]","[0.43872618675231934, 0.5612738132476807]",0.5612738132476807
00045098.npy,1,1,"[0.19976204633712769, 0.22654682397842407]","[0.49330419301986694, 0.5066957473754883]",0.5066957473754883
00045099.npy,1,1,"[-0.2034919559955597, 0.15577247738838196]","[0.4111376404762268, 0.5888623595237732]",0.5888623595237732
00045100.npy,1,1,"[-0.3181878626346588, 0.1808413863182068]","[0.3777688145637512, 0.622231125831604]",0.622231125831604
00045101.npy,0,1,"[-0.18714064359664917, 0.1899597942829132]","[0.4068264365196228, 0.5931735634803772]",0.5931735634803772
00045102.npy,0,1,"[-0.02325732633471489, 0.3575586974620819]","[0.4059301018714905, 0.5940698981285095]",0.5940698981285095
00045103.npy,1,1,"[-0.023698726668953896, 0.1281004548072815]","[0.46212291717529297, 0.537877082824707]",0.537877082824707
00045104.npy,1,1,"[-0.11271099746227264, 0.078659288585186]","[0.4523029029369354, 0.5476970672607422]",0.5476970672607422
00045105.npy,1,1,"[-0.05133145675063133, 0.13718733191490173]","[0.45300939679145813, 0.5469906330108643]",0.5469906330108643
00045106.npy,1,1,"[-0.17127957940101624, 0.011991910636425018]","[0.45430994033813477, 0.5456900596618652]",0.5456900596618652
00045107.npy,1,1,"[-0.22875642776489258, 0.20742276310920715]","[0.39265176653862, 0.6073482036590576]",0.6073482036590576
00045108.npy,1,1,"[0.08601478487253189, 0.2866055369377136]","[0.4500197768211365, 0.5499801635742188]",0.5499801635742188
00045109.npy,1,1,"[-0.027488145977258682, 0.46027711033821106]","[0.38042017817497253, 0.6195798516273499]",0.6195798516273499
00045110.npy,1,1,"[-0.0226896982640028, 0.38894644379615784]","[0.3985198736190796, 0.6014801859855652]",0.6014801859855652
00045111.npy,1,1,"[0.060081012547016144, 0.4625120460987091]","[0.40072840452194214, 0.5992716550827026]",0.5992716550827026
00045112.npy,1,1,"[-0.08429315686225891, 0.28245195746421814]","[0.40932774543762207, 0.5906722545623779]",0.5906722545623779
00045113.npy,1,1,"[0.02963899075984955, 0.2564423680305481]","[0.4435409903526306, 0.5564590692520142]",0.5564590692520142
00045114.npy,0,1,"[-0.06577355414628983, 0.15352603793144226]","[0.44539380073547363, 0.5546061992645264]",0.5546061992645264
00045115.npy,1,1,"[-0.031262584030628204, 0.15437230467796326]","[0.45372408628463745, 0.5462758541107178]",0.5462758541107178
00045116.npy,0,1,"[-0.00716400146484375, 0.07650571316480637]","[0.4790947735309601, 0.5209052562713623]",0.5209052562713623
00045117.npy,1,1,"[-0.23296904563903809, 0.22968724370002747]","[0.3863558769226074, 0.6136441230773926]",0.6136441230773926
00045118.npy,1,1,"[0.031644292175769806, 0.18580487370491028]","[0.4615360200405121, 0.5384640097618103]",0.5384640097618103
00045119.npy,1,1,"[-0.20113211870193481, 0.29210349917411804]","[0.37913161516189575, 0.6208683252334595]",0.6208683252334595
00045120.npy,1,1,"[0.02878599613904953, 0.3051881492137909]","[0.43133607506752014, 0.5686639547348022]",0.5686639547348022
00045121.npy,1,1,"[-0.3391752541065216, -0.10046793520450592]","[0.44060495495796204, 0.5593950748443604]",0.5593950748443604
00045122.npy,1,1,"[-0.14519134163856506, 0.15347304940223694]","[0.4258840084075928, 0.5741159319877625]",0.5741159319877625
00045123.npy,1,1,"[-0.23622587323188782, -0.031052427366375923]","[0.44888582825660706, 0.5511141419410706]",0.5511141419410706
00045124.npy,1,1,"[-0.06014455854892731, 0.5517053604125977]","[0.3516373038291931, 0.6483626365661621]",0.6483626365661621
00045125.npy,0,1,"[-0.16804635524749756, 0.05209949612617493]","[0.44518473744392395, 0.5548152327537537]",0.5548152327537537
00045126.npy,1,1,"[-0.2228831946849823, 0.19520419836044312]","[0.39697450399398804, 0.603025496006012]",0.603025496006012
00045127.npy,1,1,"[0.05498214066028595, 0.49691882729530334]","[0.39127957820892334, 0.6087204217910767]",0.6087204217910767
00045128.npy,1,1,"[-0.07950092852115631, 0.28459593653678894]","[0.40996819734573364, 0.5900318026542664]",0.5900318026542664
00045129.npy,1,1,"[-0.11571864038705826, 0.07320056110620499]","[0.4529101550579071, 0.5470898151397705]",0.5470898151397705
00045130.npy,1,1,"[-0.13392269611358643, 0.25415968894958496]","[0.40417903661727905, 0.5958210229873657]",0.5958210229873657
00045131.npy,1,1,"[-0.20311924815177917, 0.34638747572898865]","[0.365978866815567, 0.6340211033821106]",0.6340211033821106
00045132.npy,0,1,"[-0.04723392054438591, 0.06191696226596832]","[0.4727393388748169, 0.5272606015205383]",0.5272606015205383
00045133.npy,1,1,"[0.02710607647895813, 0.20937490463256836]","[0.45455852150917053, 0.5454415082931519]",0.5454415082931519
00045134.npy,1,1,"[0.18688058853149414, 0.4587561786174774]","[0.43244668841362, 0.5675532817840576]",0.5675532817840576
00045135.npy,0,1,"[0.08417216688394547, 0.43084046244621277]","[0.4141905605792999, 0.5858094096183777]",0.5858094096183777
00045136.npy,1,1,"[-0.28955569863319397, -0.03999907523393631]","[0.4379326403141022, 0.5620673298835754]",0.5620673298835754
00045137.npy,1,1,"[-0.21484854817390442, 0.09331386536359787]","[0.4235633313655853, 0.5764366388320923]",0.5764366388320923
00045138.npy,1,1,"[-0.2686106264591217, 0.13386017084121704]","[0.4007188081741333, 0.5992811322212219]",0.5992811322212219
00045139.npy,1,1,"[-0.025746626779437065, 0.11619516462087631]","[0.46457400918006897, 0.5354260206222534]",0.5354260206222534
00045140.npy,1,1,"[-0.1048746407032013, 0.12417615205049515]","[0.4429863691329956, 0.5570136904716492]",0.5570136904716492
00045141.npy,1,1,"[-0.15196937322616577, 0.12270701676607132]","[0.43175941705703735, 0.5682405829429626]",0.5682405829429626
00045142.npy,1,1,"[-0.14546790719032288, 0.07074230164289474]","[0.4461570382118225, 0.5538429617881775]",0.5538429617881775
00045143.npy,1,1,"[0.027390368282794952, 0.32177814841270447]","[0.4269300103187561, 0.5730699896812439]",0.5730699896812439
00045144.npy,1,1,"[-0.009143397212028503, 0.2553243041038513]","[0.43426579236984253, 0.5657342076301575]",0.5657342076301575
00045145.npy,1,1,"[-0.04791482910513878, 0.3094260096549988]","[0.4116034209728241, 0.5883966088294983]",0.5883966088294983
00045146.npy,1,1,"[-0.21944469213485718, 0.08662024885416031]","[0.42407554388046265, 0.5759244561195374]",0.5759244561195374
00045147.npy,1,1,"[-0.17867010831832886, 0.37639185786247253]","[0.3646908104419708, 0.6353092193603516]",0.6353092193603516
00045148.npy,1,1,"[0.03839629143476486, 0.4801579415798187]","[0.3913213312625885, 0.6086786985397339]",0.6086786985397339
00045149.npy,1,1,"[-0.5307464003562927, 0.09224007278680801]","[0.34910252690315247, 0.6508975028991699]",0.6508975028991699
00045150.npy,1,1,"[-0.04471256583929062, 0.13521060347557068]","[0.4551401734352112, 0.5448598861694336]",0.5448598861694336
00045151.npy,0,1,"[0.0016056783497333527, 0.4607495963573456]","[0.38718894124031067, 0.6128110885620117]",0.6128110885620117
00045152.npy,1,1,"[0.08412551134824753, 0.1851460337638855]","[0.474766343832016, 0.5252336859703064]",0.5252336859703064
00045153.npy,1,1,"[-0.16777439415454865, 0.027350373566150665]","[0.45137301087379456, 0.5486270189285278]",0.5486270189285278
00045154.npy,1,1,"[-0.13245806097984314, 0.19613340497016907]","[0.41858339309692383, 0.5814166069030762]",0.5814166069030762
00045155.npy,1,1,"[0.0830477699637413, 0.13757586479187012]","[0.48637136816978455, 0.5136286616325378]",0.5136286616325378
00045156.npy,1,1,"[-0.06257466971874237, 0.22189855575561523]","[0.42935746908187866, 0.5706425309181213]",0.5706425309181213
00045157.npy,1,1,"[0.03898603469133377, 0.08258386701345444]","[0.4891022741794586, 0.510897696018219]",0.510897696018219
00045158.npy,1,1,"[-0.08650809526443481, 0.05935293436050415]","[0.4635992646217346, 0.5364007353782654]",0.5364007353782654
00045159.npy,1,1,"[-0.1989833116531372, 0.19848597049713135]","[0.4019205570220947, 0.5980794429779053]",0.5980794429779053
00045160.npy,1,1,"[-0.005215108394622803, 0.2878819704055786]","[0.4272457957267761, 0.5727541446685791]",0.5727541446685791
00045161.npy,1,1,"[-0.1090894490480423, 0.17271724343299866]","[0.4300108850002289, 0.5699890851974487]",0.5699890851974487
00045162.npy,1,1,"[-0.00666157528758049, 0.2279600203037262]","[0.44161221385002136, 0.5583877563476562]",0.5583877563476562
00045163.npy,1,1,"[-0.2166900932788849, -0.041454821825027466]","[0.4563029408454895, 0.5436970591545105]",0.5436970591545105
00045164.npy,1,1,"[0.1059674546122551, 0.5106477737426758]","[0.4001883566379547, 0.5998116135597229]",0.5998116135597229
00045165.npy,0,1,"[-0.343830943107605, -0.19049322605133057]","[0.46174049377441406, 0.5382594466209412]",0.5382594466209412
00045166.npy,1,1,"[-0.3548492193222046, 0.01905321329832077]","[0.4075983762741089, 0.5924016237258911]",0.5924016237258911
00045167.npy,1,1,"[-0.3005143702030182, -0.07622203230857849]","[0.4441607892513275, 0.5558391809463501]",0.5558391809463501
00045168.npy,0,1,"[-0.37818077206611633, 0.1819734275341034]","[0.3635117709636688, 0.6364881992340088]",0.6364881992340088
00045169.npy,0,1,"[-0.2419547140598297, 0.0651775673031807]","[0.42381489276885986, 0.5761851668357849]",0.5761851668357849
00045170.npy,1,1,"[-0.17818939685821533, 0.31227535009384155]","[0.37978410720825195, 0.620215892791748]",0.620215892791748
00045171.npy,1,1,"[-0.2237502932548523, 0.04725750535726547]","[0.43265968561172485, 0.5673403143882751]",0.5673403143882751
00045172.npy,1,1,"[-0.16031886637210846, 0.2382315993309021]","[0.40166065096855164, 0.598339319229126]",0.598339319229126
00045173.npy,1,1,"[0.03883908689022064, 0.18339550495147705]","[0.46392372250556946, 0.5360763072967529]",0.5360763072967529
00045174.npy,0,1,"[-0.21466758847236633, -0.006089799106121063]","[0.4480437934398651, 0.5519562363624573]",0.5519562363624573
00045175.npy,1,1,"[-0.12916523218154907, 0.05420283228158951]","[0.45428600907325745, 0.5457140207290649]",0.5457140207290649
00045176.npy,1,1,"[-0.26142221689224243, 0.24563857913017273]","[0.3758827745914459, 0.6241171956062317]",0.6241171956062317
00045177.npy,1,1,"[0.09472567588090897, 0.2563166916370392]","[0.4596899151802063, 0.5403100848197937]",0.5403100848197937
00045178.npy,1,1,"[0.0041321516036987305, 0.26769840717315674]","[0.4344872534275055, 0.5655127763748169]",0.5655127763748169
00045179.npy,1,1,"[-0.03701252117753029, 0.12287717312574387]","[0.4601125121116638, 0.5398874878883362]",0.5398874878883362
00045180.npy,1,1,"[-0.01770169660449028, 0.26319047808647156]","[0.4302350580692291, 0.5697649121284485]",0.5697649121284485
00045181.npy,0,1,"[0.11708583682775497, 0.4184850752353668]","[0.425215482711792, 0.574784517288208]",0.574784517288208
00045182.npy,1,1,"[-0.250523179769516, 0.13362762331962585]","[0.40512615442276, 0.59487384557724]",0.59487384557724
00045183.npy,1,1,"[-0.3176674544811249, 0.1787744164466858]","[0.37837716937065125, 0.6216228008270264]",0.6216228008270264
00045184.npy,1,1,"[-0.30224937200546265, -0.042804960161447525]","[0.43550029397010803, 0.5644997358322144]",0.5644997358322144
00045185.npy,0,1,"[-0.10668902844190598, 0.17991039156913757]","[0.4288365840911865, 0.5711634159088135]",0.5711634159088135
00045186.npy,1,1,"[-0.1268421709537506, 0.3548307418823242]","[0.3818571865558624, 0.61814284324646]",0.61814284324646
00045187.npy,0,1,"[0.022368714213371277, 0.36650046706199646]","[0.41480615735054016, 0.5851938128471375]",0.5851938128471375
00045188.npy,1,1,"[-0.36293214559555054, 0.12636041641235352]","[0.38006025552749634, 0.6199397444725037]",0.6199397444725037
00045189.npy,0,1,"[-0.21126249432563782, 0.243910551071167]","[0.3881315588951111, 0.6118685007095337]",0.6118685007095337
00045190.npy,1,1,"[-0.18945753574371338, 0.17337745428085327]","[0.4102734625339508, 0.5897265672683716]",0.5897265672683716
00045191.npy,1,1,"[-0.05696035176515579, 0.11443822830915451]","[0.45725494623184204, 0.542745053768158]",0.542745053768158
00045192.npy,1,1,"[0.06503114849328995, 0.20917975902557373]","[0.4640251100063324, 0.5359748601913452]",0.5359748601913452
00045193.npy,1,1,"[-0.07380563020706177, 0.4051763415336609]","[0.3824925720691681, 0.6175074577331543]",0.6175074577331543
00045194.npy,1,1,"[-0.03544710949063301, 0.20384973287582397]","[0.440459668636322, 0.5595403909683228]",0.5595403909683228
00045195.npy,1,1,"[-0.1770397424697876, 0.11018095165491104]","[0.42868441343307495, 0.5713155269622803]",0.5713155269622803
00045196.npy,1,1,"[-0.13438501954078674, 0.07066190987825394]","[0.44891712069511414, 0.5510829091072083]",0.5510829091072083
00045197.npy,1,1,"[-0.2930944263935089, -0.07195473462343216]","[0.4449392557144165, 0.5550606846809387]",0.5550606846809387
00045198.npy,0,1,"[-0.14477097988128662, 0.12501564621925354]","[0.43295949697494507, 0.5670405030250549]",0.5670405030250549
00045199.npy,1,1,"[-0.07519803196191788, 0.12956425547599792]","[0.44898751378059387, 0.5510124564170837]",0.5510124564170837
00045200.npy,1,1,"[0.020936913788318634, 0.1788618266582489]","[0.4606006145477295, 0.5393993854522705]",0.5393993854522705
00045201.npy,1,1,"[-0.4204218089580536, -0.12174895405769348]","[0.425881952047348, 0.5741180777549744]",0.5741180777549744
00045202.npy,1,1,"[-0.09219095855951309, 0.14534175395965576]","[0.4408944845199585, 0.5591055154800415]",0.5591055154800415
00045203.npy,1,1,"[0.1725097894668579, 0.36106669902801514]","[0.4529999792575836, 0.5470000505447388]",0.5470000505447388
00045204.npy,1,1,"[-0.3879678547382355, 0.07046737521886826]","[0.38735708594322205, 0.6126428842544556]",0.6126428842544556
00045205.npy,1,1,"[0.017199508845806122, 0.026372067630290985]","[0.49770689010620117, 0.5022931098937988]",0.5022931098937988
00045206.npy,1,1,"[-0.18694141507148743, 0.17773392796516418]","[0.4098282754421234, 0.590171754360199]",0.590171754360199
00045207.npy,1,1,"[-0.1825622320175171, 0.02955131232738495]","[0.44716954231262207, 0.5528303980827332]",0.5528303980827332
00045208.npy,1,1,"[0.18548855185508728, 0.28693461418151855]","[0.4746602475643158, 0.5253397822380066]",0.5253397822380066
00045209.npy,1,1,"[-0.10487495362758636, 0.3509564995765686]","[0.38797521591186523, 0.6120248436927795]",0.6120248436927795
00045210.npy,1,1,"[0.15083327889442444, 0.398398756980896]","[0.438422828912735, 0.5615772008895874]",0.5615772008895874
00045211.npy,1,1,"[0.0065717436373233795, 0.3348694443702698]","[0.4186548888683319, 0.5813451409339905]",0.5813451409339905
00045212.npy,1,1,"[-0.2520560026168823, 0.16993936896324158]","[0.39603936672210693, 0.6039606332778931]",0.6039606332778931
00045213.npy,1,1,"[-0.05065378174185753, 0.07967159897089005]","[0.46746471524238586, 0.5325353145599365]",0.5325353145599365
00045214.npy,1,1,"[-0.08183465898036957, 0.07128391414880753]","[0.46179500222206116, 0.5382050275802612]",0.5382050275802612
00045215.npy,1,1,"[-0.16227960586547852, 0.1784968078136444]","[0.415620893239975, 0.5843791365623474]",0.5843791365623474
00045216.npy,0,1,"[-0.18612775206565857, 0.11026007682085037]","[0.4264407455921173, 0.5735592246055603]",0.5735592246055603
00045217.npy,1,1,"[0.15016135573387146, 0.4017575681209564]","[0.43743064999580383, 0.5625693798065186]",0.5625693798065186
00045218.npy,1,1,"[-0.20815175771713257, 0.15388017892837524]","[0.4104677736759186, 0.589532196521759]",0.589532196521759
00045219.npy,1,1,"[-0.024925367906689644, 0.11247330158948898]","[0.4657042622566223, 0.5342957377433777]",0.5342957377433777
00045220.npy,1,1,"[-0.14784392714500427, 0.06502837687730789]","[0.4469819962978363, 0.5530180335044861]",0.5530180335044861
00045221.npy,1,1,"[-0.2997931241989136, -0.0660669207572937]","[0.4418330192565918, 0.5581669807434082]",0.5581669807434082
00045222.npy,1,1,"[-0.13413435220718384, 0.2632376253604889]","[0.4019439220428467, 0.5980560779571533]",0.5980560779571533
00045223.npy,0,1,"[-0.1780843734741211, 0.02178066223859787]","[0.4501993954181671, 0.5498005747795105]",0.5498005747795105
00045224.npy,1,1,"[0.15611284971237183, 0.6439138054847717]","[0.3804117441177368, 0.6195882558822632]",0.6195882558822632
00045225.npy,1,1,"[-0.12878766655921936, 0.15422403812408447]","[0.4297156035900116, 0.5702844262123108]",0.5702844262123108
00045226.npy,1,1,"[-0.23402011394500732, 0.022254779934883118]","[0.43627965450286865, 0.5637204051017761]",0.5637204051017761
00045227.npy,1,1,"[0.12077776342630386, 0.5101399421691895]","[0.4038708209991455, 0.5961291790008545]",0.5961291790008545
00045228.npy,1,1,"[-0.2103319764137268, 0.2593817412853241]","[0.3846840262413025, 0.6153160333633423]",0.6153160333633423
00045229.npy,1,1,"[-0.1367654800415039, 0.1571122407913208]","[0.42705482244491577, 0.5729451775550842]",0.5729451775550842
00045230.npy,0,1,"[-0.09787333011627197, 0.28943172097206116]","[0.4043661952018738, 0.5956337451934814]",0.5956337451934814
00045231.npy,1,1,"[-0.17433132231235504, 0.1662375032901764]","[0.41567131876945496, 0.5843287110328674]",0.5843287110328674
00045232.npy,0,1,"[-0.44378820061683655, -0.022591371089220047]","[0.3962303698062897, 0.6037696003913879]",0.6037696003913879
00045233.npy,1,1,"[0.11525212973356247, 0.28729942440986633]","[0.4570939540863037, 0.5429059863090515]",0.5429059863090515
00045234.npy,1,1,"[0.12697789072990417, 0.13485312461853027]","[0.4980311989784241, 0.5019688010215759]",0.5019688010215759
00045235.npy,1,1,"[0.10095757991075516, 0.3113129436969757]","[0.4476042091846466, 0.552395761013031]",0.552395761013031
00045236.npy,1,1,"[-0.015260070562362671, 0.16557306051254272]","[0.45491451025009155, 0.5450854897499084]",0.5450854897499084
00045237.npy,1,1,"[-0.11878912895917892, 0.08738134056329727]","[0.4486391842365265, 0.5513607859611511]",0.5513607859611511
00045238.npy,1,1,"[-0.07113506644964218, 0.2531592547893524]","[0.4196295440196991, 0.5803704261779785]",0.5803704261779785
00045239.npy,1,1,"[0.2728044390678406, 0.6364225745201111]","[0.41008397936820984, 0.5899159908294678]",0.5899159908294678
00045240.npy,1,1,"[-0.20854514837265015, 0.03601573407649994]","[0.4391627013683319, 0.5608373284339905]",0.5608373284339905
00045241.npy,1,1,"[-0.10189700871706009, 0.130681574344635]","[0.44211605191230774, 0.5578839182853699]",0.5578839182853699
00045242.npy,1,1,"[0.016786158084869385, 0.2191106081008911]","[0.4495907127857208, 0.5504092574119568]",0.5504092574119568
00045243.npy,1,1,"[-0.30426186323165894, 0.09938421100378036]","[0.4004366397857666, 0.5995633006095886]",0.5995633006095886
00045244.npy,1,1,"[-0.40032386779785156, -0.16106107831001282]","[0.44046804308891296, 0.5595319271087646]",0.5595319271087646
00045245.npy,1,1,"[-0.04340532422065735, 0.10471045225858688]","[0.4630385935306549, 0.5369613766670227]",0.5369613766670227
00045246.npy,1,1,"[0.1218087449669838, 0.23975896835327148]","[0.47054657340049744, 0.5294533967971802]",0.5294533967971802
00045247.npy,1,1,"[-0.07289139181375504, 0.1570589542388916]","[0.44276440143585205, 0.557235598564148]",0.557235598564148
00045248.npy,1,1,"[-0.1766720712184906, 0.22245243191719055]","[0.401522696018219, 0.5984772443771362]",0.5984772443771362
00045249.npy,1,1,"[-0.28421685099601746, 0.016793780028820038]","[0.4253104627132416, 0.5746895670890808]",0.5746895670890808
00045250.npy,1,1,"[-0.11998451501131058, 0.03617319464683533]","[0.4610397219657898, 0.5389602780342102]",0.5389602780342102
00045251.npy,1,1,"[-0.05493368208408356, 0.10777812451124191]","[0.4594115614891052, 0.5405884385108948]",0.5405884385108948
00045252.npy,1,1,"[0.05727577209472656, 0.27060335874557495]","[0.44686946272850037, 0.553130567073822]",0.553130567073822
00045253.npy,1,1,"[0.0819464698433876, 0.3278794288635254]","[0.4388248026371002, 0.5611752271652222]",0.5611752271652222
00045254.npy,1,1,"[-0.16832765936851501, 0.16755568981170654]","[0.4168098270893097, 0.5831902027130127]",0.5831902027130127
00045255.npy,1,1,"[0.15819764137268066, 0.38355752825737]","[0.4438972473144531, 0.5561026930809021]",0.5561026930809021
00045256.npy,1,1,"[0.004199899733066559, 0.18046700954437256]","[0.4560469686985016, 0.5439530611038208]",0.5439530611038208
00045257.npy,1,1,"[-0.12002198398113251, 0.16057699918746948]","[0.43030694127082825, 0.5696930289268494]",0.5696930289268494
00045258.npy,1,1,"[-0.09809944033622742, 0.25542476773262024]","[0.41252806782722473, 0.5874719023704529]",0.5874719023704529
00045259.npy,0,1,"[-0.44422492384910583, -0.004420816898345947]","[0.3917876183986664, 0.6082123517990112]",0.6082123517990112
00045260.npy,1,1,"[-0.059083618223667145, 0.1891874372959137]","[0.4382490813732147, 0.5617508888244629]",0.5617508888244629
00045261.npy,1,1,"[-0.12239938229322433, 0.06479625403881073]","[0.45333728194236755, 0.5466626882553101]",0.5466626882553101
00045262.npy,1,1,"[-0.21438267827033997, 0.1411283314228058]","[0.4120466411113739, 0.5879533290863037]",0.5879533290863037
00045263.npy,1,1,"[-0.09059099853038788, 0.424998015165329]","[0.37388426065444946, 0.6261157393455505]",0.6261157393455505
00045264.npy,1,1,"[0.04859025031328201, 0.3808777332305908]","[0.4176841676235199, 0.5823158621788025]",0.5823158621788025
00045265.npy,1,1,"[0.044587112963199615, 0.41770339012145996]","[0.4077882468700409, 0.5922117829322815]",0.5922117829322815
00045266.npy,1,1,"[-0.12326275557279587, 0.138179749250412]","[0.4350091516971588, 0.5649908781051636]",0.5649908781051636
00045267.npy,1,1,"[0.04067599028348923, 0.23712262511253357]","[0.4510456621646881, 0.5489543080329895]",0.5489543080329895
00045268.npy,1,1,"[-0.2639771103858948, 0.16365286707878113]","[0.39469242095947266, 0.6053075790405273]",0.6053075790405273
00045269.npy,0,1,"[-0.16777537763118744, 0.3094545900821686]","[0.3829064667224884, 0.617093563079834]",0.617093563079834
00045270.npy,1,1,"[0.07865575700998306, 0.16400188207626343]","[0.4786764085292816, 0.521323561668396]",0.521323561668396
00045271.npy,1,1,"[-0.05265158787369728, 0.26831483840942383]","[0.4204402267932892, 0.5795597434043884]",0.5795597434043884
00045272.npy,1,1,"[0.13942378759384155, 0.3490387797355652]","[0.4477873146533966, 0.5522127151489258]",0.5522127151489258
00045273.npy,1,1,"[-0.37560999393463135, 0.12792199850082397]","[0.3767109811306, 0.6232889890670776]",0.6232889890670776
00045274.npy,0,1,"[-0.4170211851596832, -0.019645079970359802]","[0.4019429385662079, 0.5980570912361145]",0.5980570912361145
00045275.npy,1,1,"[-0.1452658474445343, 0.036448970437049866]","[0.4546958804130554, 0.5453040599822998]",0.5453040599822998
00045276.npy,1,0,"[0.008857417851686478, -0.039005011320114136]","[0.5119633078575134, 0.4880366921424866]",0.4880366921424866
00045277.npy,1,1,"[0.004692833870649338, 0.26328155398368835]","[0.4357106685638428, 0.5642893314361572]",0.5642893314361572
00045278.npy,0,1,"[0.09106918424367905, 0.5667607188224792]","[0.3832699954509735, 0.6167299747467041]",0.6167299747467041
00045279.npy,1,1,"[-0.1517382562160492, -0.05381090193986893]","[0.4755377173423767, 0.5244623422622681]",0.5244623422622681
00045280.npy,1,1,"[0.20663687586784363, 0.4810298979282379]","[0.43182891607284546, 0.5681710243225098]",0.5681710243225098
00045281.npy,1,1,"[-0.15222308039665222, 0.12745574116706848]","[0.4305325150489807, 0.5694674849510193]",0.5694674849510193
00045282.npy,1,1,"[-0.20347660779953003, -0.11413281410932541]","[0.47767889499664307, 0.5223211050033569]",0.5223211050033569
00045283.npy,1,1,"[0.06730198115110397, 0.2873838543891907]","[0.4452005624771118, 0.554799497127533]",0.554799497127533
00045284.npy,1,1,"[-0.21532705426216125, -0.1021130383014679]","[0.4717267155647278, 0.5282732844352722]",0.5282732844352722
00045285.npy,1,1,"[-0.3094780743122101, -0.06360023468732834]","[0.4388383626937866, 0.5611616373062134]",0.5611616373062134
00045286.npy,1,1,"[-0.030494658276438713, 0.2908496856689453]","[0.4203481376171112, 0.5796518325805664]",0.5796518325805664
00045287.npy,1,1,"[-0.28792157769203186, 0.05320224165916443]","[0.4155365228652954, 0.5844634771347046]",0.5844634771347046
00045288.npy,1,1,"[-0.13555777072906494, -0.03805237263441086]","[0.47564294934272766, 0.5243570804595947]",0.5243570804595947
00045289.npy,0,1,"[-0.2941473126411438, -0.03917182981967926]","[0.4365992844104767, 0.5634007453918457]",0.5634007453918457
00045290.npy,0,1,"[0.2535645663738251, 0.6468774676322937]","[0.40292003750801086, 0.5970799326896667]",0.5970799326896667
00045291.npy,0,1,"[0.16275998950004578, 0.5285987854003906]","[0.4095468819141388, 0.5904530882835388]",0.5904530882835388
00045292.npy,1,1,"[-0.0908658504486084, 0.06358415633440018]","[0.4614640772342682, 0.5385358929634094]",0.5385358929634094
00045293.npy,1,1,"[-0.0988299548625946, 0.28624680638313293]","[0.40490302443504333, 0.5950969457626343]",0.5950969457626343
00045294.npy,0,1,"[-0.18225038051605225, 0.1760495901107788]","[0.4113711416721344, 0.5886288285255432]",0.5886288285255432
00045295.npy,1,1,"[-0.1148914098739624, 0.2673224210739136]","[0.40559303760528564, 0.5944069027900696]",0.5944069027900696
00045296.npy,1,1,"[-0.42483001947402954, -0.2292494773864746]","[0.45126011967658997, 0.5487398505210876]",0.5487398505210876
00045297.npy,1,1,"[-0.08381851017475128, 0.12703806161880493]","[0.44748032093048096, 0.552519679069519]",0.552519679069519
00045298.npy,1,1,"[0.14766806364059448, 0.41064587235450745]","[0.4346318244934082, 0.565368115901947]",0.565368115901947
00045299.npy,1,1,"[0.022839538753032684, 0.17665714025497437]","[0.4616212546825409, 0.5383787751197815]",0.5383787751197815
00045300.npy,0,1,"[-0.20278331637382507, 0.12363990396261215]","[0.4191111624240875, 0.5808888077735901]",0.5808888077735901
00045301.npy,0,1,"[-0.050650086253881454, 0.5859289765357971]","[0.34602028131484985, 0.6539797186851501]",0.6539797186851501
00045302.npy,1,1,"[-0.14643579721450806, 0.15100255608558655]","[0.426183819770813, 0.573816180229187]",0.573816180229187
00045303.npy,1,1,"[0.02289634197950363, 0.39761337637901306]","[0.4074017107486725, 0.5925982594490051]",0.5925982594490051
00045304.npy,1,1,"[0.1971074342727661, 0.6413471102714539]","[0.39073121547698975, 0.6092687845230103]",0.6092687845230103
00045305.npy,1,1,"[-0.18039914965629578, 0.39330771565437317]","[0.36038193106651306, 0.6396180987358093]",0.6396180987358093
00045306.npy,1,1,"[0.03716493397951126, 0.1673232913017273]","[0.4675062596797943, 0.5324937105178833]",0.5324937105178833
00045307.npy,1,1,"[-0.20254841446876526, 0.12480250746011734]","[0.41888535022735596, 0.581114649772644]",0.581114649772644
00045308.npy,1,1,"[-0.2542390823364258, 0.12198197096586227]","[0.4070386588573456, 0.5929613709449768]",0.5929613709449768
00045309.npy,1,1,"[0.02027510106563568, 0.5877241492271423]","[0.3618256747722626, 0.6381743550300598]",0.6381743550300598
00045310.npy,1,1,"[-0.19933336973190308, 0.005773201584815979]","[0.4489023685455322, 0.5510976314544678]",0.5510976314544678
00045311.npy,1,1,"[-0.271872878074646, 0.044605135917663574]","[0.42153432965278625, 0.5784656405448914]",0.5784656405448914
00045312.npy,1,1,"[-0.184190034866333, -0.10888828337192535]","[0.4811834692955017, 0.5188165903091431]",0.5188165903091431
00045313.npy,1,1,"[-0.1044398844242096, 0.1546918749809265]","[0.4355771541595459, 0.5644228458404541]",0.5644228458404541
00045314.npy,1,1,"[-0.09402202069759369, 0.31847143173217773]","[0.39831438660621643, 0.6016855835914612]",0.6016855835914612
00045315.npy,1,1,"[0.04211211949586868, 0.19062891602516174]","[0.46293890476226807, 0.5370611548423767]",0.5370611548423767
00045316.npy,1,1,"[-0.007334314286708832, 0.13249143958091736]","[0.4651004374027252, 0.5348995923995972]",0.5348995923995972
00045317.npy,0,1,"[-0.08679768443107605, 0.16735434532165527]","[0.4368017911911011, 0.5631981492042542]",0.5631981492042542
00045318.npy,0,1,"[-0.10168193280696869, 0.32500144839286804]","[0.39491862058639526, 0.6050814390182495]",0.6050814390182495
00045319.npy,1,1,"[-0.17829629778862, 0.08155301958322525]","[0.4354007840156555, 0.5645992755889893]",0.5645992755889893
00045320.npy,1,1,"[-0.256377637386322, 0.05576888471841812]","[0.4225909113883972, 0.5774091482162476]",0.5774091482162476
00045321.npy,1,1,"[-0.09434504806995392, 0.04407636821269989]","[0.46544981002807617, 0.5345501899719238]",0.5345501899719238
00045322.npy,1,1,"[-0.28060492873191833, 0.14626958966255188]","[0.3948729336261749, 0.6051270961761475]",0.6051270961761475
00045323.npy,1,1,"[-0.24745452404022217, 0.08443456143140793]","[0.4177810847759247, 0.5822189450263977]",0.5822189450263977
00045324.npy,1,1,"[0.0076708123087882996, 0.19927522540092468]","[0.45224490761756897, 0.5477551221847534]",0.5477551221847534
00045325.npy,0,1,"[0.15080824494361877, 0.3801634907722473]","[0.44291120767593384, 0.5570887327194214]",0.5570887327194214
00045326.npy,1,1,"[0.0046855732798576355, 0.3024730384349823]","[0.42609846591949463, 0.5739015936851501]",0.5739015936851501
00045327.npy,1,1,"[-0.15675289928913116, 0.0037128254771232605]","[0.4599694311618805, 0.5400305390357971]",0.5400305390357971
00045328.npy,1,1,"[-0.10083868354558945, -0.04804462566971779]","[0.4868045449256897, 0.5131954550743103]",0.5131954550743103
00045329.npy,1,1,"[-0.07976812869310379, 0.17171251773834229]","[0.4374591112136841, 0.5625409483909607]",0.5625409483909607
00045330.npy,1,1,"[0.010947082191705704, 0.025332562625408173]","[0.49640369415283203, 0.503596305847168]",0.503596305847168
00045331.npy,1,1,"[0.09928109496831894, 0.22056129574775696]","[0.4697170555591583, 0.5302829742431641]",0.5302829742431641
00045332.npy,1,1,"[-0.19397783279418945, 0.09521130472421646]","[0.42820239067077637, 0.5717976093292236]",0.5717976093292236
00045333.npy,0,1,"[-0.01228490099310875, 0.4266159236431122]","[0.3920029103755951, 0.6079970598220825]",0.6079970598220825
00045334.npy,1,1,"[-0.026822581887245178, 0.143708735704422]","[0.457470178604126, 0.542529821395874]",0.542529821395874
00045335.npy,1,1,"[-0.10352174192667007, 0.13234513998031616]","[0.44130516052246094, 0.5586948990821838]",0.5586948990821838
00045336.npy,1,1,"[-0.2713884115219116, 0.13219180703163147]","[0.40045249462127686, 0.5995475649833679]",0.5995475649833679
00045337.npy,0,1,"[-0.03137408569455147, 0.20031705498695374]","[0.44233494997024536, 0.5576649904251099]",0.5576649904251099
00045338.npy,0,1,"[-0.1666620373725891, 0.17863509058952332]","[0.41452333331108093, 0.5854766964912415]",0.5854766964912415
00045339.npy,1,1,"[-0.2979170083999634, 0.011253409087657928]","[0.4233172535896301, 0.5766827464103699]",0.5766827464103699
00045340.npy,1,1,"[-0.004975322633981705, 0.12298411875963211]","[0.4680537283420563, 0.5319463014602661]",0.5319463014602661
00045341.npy,1,1,"[-0.19171679019927979, 0.11580976098775864]","[0.4237186014652252, 0.5762814283370972]",0.5762814283370972
00045342.npy,1,1,"[0.07306376844644547, 0.33295342326164246]","[0.435390830039978, 0.564609169960022]",0.564609169960022
00045343.npy,1,1,"[0.06998436897993088, 0.2543247938156128]","[0.45404499769210815, 0.5459550619125366]",0.5459550619125366
00045344.npy,1,1,"[-0.23814696073532104, -0.08711855858564377]","[0.4623144865036011, 0.5376855134963989]",0.5376855134963989
00045345.npy,1,1,"[0.20369112491607666, 0.369548499584198]","[0.4586304724216461, 0.5413695573806763]",0.5413695573806763
00045346.npy,1,1,"[-0.18118688464164734, 0.13087832927703857]","[0.42261070013046265, 0.5773892402648926]",0.5773892402648926
00045347.npy,1,1,"[-0.2301187813282013, 0.36600854992866516]","[0.3552301824092865, 0.6447697877883911]",0.6447697877883911
00045348.npy,1,1,"[-0.08138616383075714, 0.5314887166023254]","[0.35140368342399597, 0.6485963463783264]",0.6485963463783264
00045349.npy,1,1,"[-0.020040709525346756, 0.07977648824453354]","[0.4750664234161377, 0.5249335765838623]",0.5249335765838623
00045350.npy,1,1,"[-0.15189146995544434, 0.16372263431549072]","[0.4217450022697449, 0.5782549977302551]",0.5782549977302551
00045351.npy,1,1,"[-0.03961482644081116, 0.15600872039794922]","[0.45124948024749756, 0.5487505197525024]",0.5487505197525024
00045352.npy,1,1,"[0.05002175271511078, 0.4500746428966522]","[0.4012996256351471, 0.5987004041671753]",0.5987004041671753
00045353.npy,0,1,"[-0.13748902082443237, 0.060864485800266266]","[0.45057356357574463, 0.5494264364242554]",0.5494264364242554
00045354.npy,1,1,"[0.10400832444429398, 0.6326018571853638]","[0.3708449602127075, 0.6291549801826477]",0.6291549801826477
00045355.npy,1,1,"[-0.03386426717042923, 0.2625909447669983]","[0.4264242947101593, 0.5735757350921631]",0.5735757350921631
00045356.npy,1,1,"[0.015324309468269348, 0.050905391573905945]","[0.49110567569732666, 0.5088943243026733]",0.5088943243026733
00045357.npy,1,1,"[0.06353450566530228, 0.22387856245040894]","[0.4599996507167816, 0.5400003790855408]",0.5400003790855408
00045358.npy,1,1,"[-0.1255035698413849, 0.24992698431015015]","[0.407229483127594, 0.5927705764770508]",0.5927705764770508
00045359.npy,1,1,"[0.0017608515918254852, 0.18739715218544006]","[0.4537237286567688, 0.5462762117385864]",0.5462762117385864
00045360.npy,1,1,"[-0.13012409210205078, 0.038103580474853516]","[0.4580419659614563, 0.5419579744338989]",0.5419579744338989
00045361.npy,1,1,"[-0.04179317504167557, -0.006631482392549515]","[0.4912104904651642, 0.5087894797325134]",0.5087894797325134
00045362.npy,1,1,"[-0.07216455042362213, 0.37749558687210083]","[0.389441579580307, 0.6105583906173706]",0.6105583906173706
00045363.npy,1,1,"[0.02507789433002472, 0.23322293162345886]","[0.4481508135795593, 0.5518491864204407]",0.5518491864204407
00045364.npy,1,1,"[0.057708740234375, 0.36815980076789856]","[0.4230046570301056, 0.5769953727722168]",0.5769953727722168
00045365.npy,1,1,"[-0.19456729292869568, 0.1228422299027443]","[0.42130717635154724, 0.5786927938461304]",0.5786927938461304
00045366.npy,1,1,"[0.08091119676828384, 0.09756546467542648]","[0.4958365261554718, 0.5041635036468506]",0.5041635036468506
00045367.npy,0,1,"[-0.03950893133878708, 0.17759928107261658]","[0.44593513011932373, 0.5540648102760315]",0.5540648102760315
00045368.npy,1,1,"[-0.38299131393432617, -0.027738120406866074]","[0.4121091067790985, 0.5878908634185791]",0.5878908634185791
00045369.npy,1,1,"[-0.0597541518509388, 0.1447634994983673]","[0.44904807209968567, 0.5509519577026367]",0.5509519577026367
00045370.npy,1,1,"[-0.173674538731575, 0.10552231222391129]","[0.4306506812572479, 0.5693492889404297]",0.5693492889404297
00045371.npy,1,1,"[0.07366989552974701, 0.36638107895851135]","[0.42734023928642273, 0.5726597905158997]",0.5726597905158997
00045372.npy,1,1,"[-0.022351544350385666, 0.11218222230672836]","[0.46641722321510315, 0.5335828065872192]",0.5335828065872192
00045373.npy,0,1,"[0.11122529953718185, 0.37879857420921326]","[0.4335029721260071, 0.5664970874786377]",0.5664970874786377
00045374.npy,1,1,"[0.08022641390562057, 0.2065838873386383]","[0.4684526026248932, 0.5315474271774292]",0.5315474271774292
00045375.npy,0,1,"[-0.18746086955070496, 0.19302430748939514]","[0.40600988268852234, 0.5939900875091553]",0.5939900875091553
00045376.npy,1,1,"[0.014629609882831573, 0.20662260055541992]","[0.4521486759185791, 0.5478513836860657]",0.5478513836860657
00045377.npy,1,1,"[0.045611269772052765, 0.08481460064649582]","[0.490200400352478, 0.5097995400428772]",0.5097995400428772
00045378.npy,1,1,"[-0.1726262867450714, 0.056809715926647186]","[0.44289129972457886, 0.5571086406707764]",0.5571086406707764
00045379.npy,1,1,"[-0.030097849667072296, 0.1300281584262848]","[0.46005380153656006, 0.5399461984634399]",0.5399461984634399
00045380.npy,0,1,"[-0.14461708068847656, 0.26994678378105164]","[0.39781832695007324, 0.6021817326545715]",0.6021817326545715
00045381.npy,1,1,"[-0.22732067108154297, -0.037298865616321564]","[0.4526369869709015, 0.5473630428314209]",0.5473630428314209
00045382.npy,1,1,"[-0.049651626497507095, 0.4631147086620331]","[0.37454524636268616, 0.6254547834396362]",0.6254547834396362
00045383.npy,0,1,"[0.06087404489517212, 0.2952197790145874]","[0.4416802227497101, 0.5583197474479675]",0.5583197474479675
00045384.npy,1,1,"[-0.04035132750868797, 0.04691695421934128]","[0.47819676995277405, 0.5218032598495483]",0.5218032598495483
00045385.npy,1,1,"[0.0012108907103538513, 0.424902081489563]","[0.3956338167190552, 0.6043661832809448]",0.6043661832809448
00045386.npy,1,1,"[-0.05251076817512512, 0.2203962802886963]","[0.4321935772895813, 0.5678064823150635]",0.5678064823150635
00045387.npy,1,1,"[-0.10253439843654633, 0.18227478861808777]","[0.42927515506744385, 0.5707249045372009]",0.5707249045372009
00045388.npy,1,1,"[-0.02250841073691845, 0.25002720952033997]","[0.43228471279144287, 0.5677152872085571]",0.5677152872085571
00045389.npy,1,1,"[-0.22373193502426147, 0.05283048748970032]","[0.4312967360019684, 0.5687032341957092]",0.5687032341957092
00045390.npy,1,1,"[0.0014030374586582184, 0.3383041024208069]","[0.4165624678134918, 0.5834375619888306]",0.5834375619888306
00045391.npy,1,1,"[-0.10315674543380737, 0.4231325387954712]","[0.37138280272483826, 0.6286172270774841]",0.6286172270774841
00045392.npy,1,1,"[-0.01248924806714058, 0.03997797518968582]","[0.486886203289032, 0.513113796710968]",0.513113796710968
00045393.npy,1,1,"[-0.15694737434387207, 0.03592067211866379]","[0.451931893825531, 0.548068106174469]",0.548068106174469
00045394.npy,1,1,"[-0.18575415015220642, 0.10029952973127365]","[0.42897024750709534, 0.5710297226905823]",0.5710297226905823
00045395.npy,0,1,"[-0.44394704699516296, -0.004652254283428192]","[0.39190903306007385, 0.6080909967422485]",0.6080909967422485
00045396.npy,1,1,"[-0.11024715006351471, -0.03413161635398865]","[0.4809802770614624, 0.5190196633338928]",0.5190196633338928
00045397.npy,0,1,"[-0.10303343832492828, 0.1284174621105194]","[0.4423942267894745, 0.5576058030128479]",0.5576058030128479
00045398.npy,1,1,"[-0.21408137679100037, 0.21756517887115479]","[0.3937332034111023, 0.6062667965888977]",0.6062667965888977
00045399.npy,1,1,"[-0.10649244487285614, 0.25532838702201843]","[0.4105188846588135, 0.5894811749458313]",0.5894811749458313
00045400.npy,1,1,"[-0.2836635112762451, 0.02977406233549118]","[0.4222758710384369, 0.5777240991592407]",0.5777240991592407
00045401.npy,1,1,"[-0.043872278183698654, 0.3697771430015564]","[0.3980373740196228, 0.6019626259803772]",0.6019626259803772
00045402.npy,1,1,"[-0.12567660212516785, 0.14080598950386047]","[0.4337708055973053, 0.5662291646003723]",0.5662291646003723
00045403.npy,1,1,"[-0.262300968170166, 0.27211034297943115]","[0.36948859691619873, 0.6305114030838013]",0.6305114030838013
00045404.npy,1,1,"[0.043308570981025696, 0.3377167284488678]","[0.42692503333091736, 0.5730749368667603]",0.5730749368667603
00045405.npy,1,1,"[-0.009105134755373001, 0.2738341689109802]","[0.4297333359718323, 0.5702666640281677]",0.5702666640281677
00045406.npy,1,1,"[0.09477782994508743, 0.39970365166664124]","[0.4243537485599518, 0.5756462216377258]",0.5756462216377258
00045407.npy,1,1,"[0.07383835315704346, 0.21746304631233215]","[0.4641554355621338, 0.5358445644378662]",0.5358445644378662
00045408.npy,1,1,"[-0.0011579841375350952, 0.25657251477241516]","[0.43592166900634766, 0.5640782713890076]",0.5640782713890076
00045409.npy,1,1,"[-0.1781059205532074, 0.24541282653808594]","[0.39567506313323975, 0.6043249368667603]",0.6043249368667603
00045410.npy,1,1,"[-0.25278887152671814, 0.3199078440666199]","[0.3606148064136505, 0.6393851637840271]",0.6393851637840271
00045411.npy,1,1,"[-0.1380670964717865, -0.09555864334106445]","[0.4893744885921478, 0.5106255412101746]",0.5106255412101746
00045412.npy,0,1,"[-0.27192845940589905, 0.09732795506715775]","[0.4087207317352295, 0.5912792682647705]",0.5912792682647705
00045413.npy,1,1,"[-0.14290907979011536, -0.05350431799888611]","[0.47766366600990295, 0.5223363041877747]",0.5223363041877747
00045414.npy,1,1,"[-0.17342188954353333, 0.11095469444990158]","[0.4293811321258545, 0.5706188678741455]",0.5706188678741455
00045415.npy,0,1,"[-0.08792753517627716, 0.3100905120372772]","[0.401788592338562, 0.5982113480567932]",0.5982113480567932
00045416.npy,1,1,"[-0.1677168607711792, -0.0891999825835228]","[0.4803808629512787, 0.5196191072463989]",0.5196191072463989
00045417.npy,0,1,"[-0.4047272503376007, -0.07899260520935059]","[0.4192788302898407, 0.5807211995124817]",0.5807211995124817
00045418.npy,1,1,"[0.007353700697422028, 0.04377470165491104]","[0.49089574813842773, 0.5091042518615723]",0.5091042518615723
00045419.npy,0,1,"[-0.2121148407459259, 0.39432916045188904]","[0.3528708219528198, 0.647129237651825]",0.647129237651825
00045420.npy,0,1,"[-0.2652052640914917, 0.0714954361319542]","[0.4166111350059509, 0.5833888649940491]",0.5833888649940491
00045421.npy,0,1,"[-0.07088352739810944, 0.3840504586696625]","[0.38818830251693726, 0.6118116974830627]",0.6118116974830627
00045422.npy,0,1,"[-0.2170446813106537, -0.023127790540456772]","[0.45167210698127747, 0.5483278632164001]",0.5483278632164001
00045423.npy,1,1,"[-0.08578046411275864, 0.4801832139492035]","[0.36216869950294495, 0.6378312706947327]",0.6378312706947327
00045424.npy,1,1,"[-0.02407011203467846, 0.15917900204658508]","[0.4543154835700989, 0.5456845164299011]",0.5456845164299011
00045425.npy,1,1,"[-0.16025391221046448, 0.024463854730129242]","[0.4539514183998108, 0.5460485816001892]",0.5460485816001892
00045426.npy,1,1,"[0.04512336105108261, 0.22892826795578003]","[0.45417770743370056, 0.545822262763977]",0.545822262763977
00045427.npy,1,1,"[-0.03165356442332268, 0.3256564438343048]","[0.4116109013557434, 0.5883890986442566]",0.5883890986442566
00045428.npy,1,1,"[0.11959915608167648, 0.33879220485687256]","[0.44542011618614197, 0.5545799136161804]",0.5545799136161804
00045429.npy,0,1,"[-0.26896578073501587, 0.2707000970840454]","[0.368265300989151, 0.6317347288131714]",0.6317347288131714
00045430.npy,1,1,"[-0.11226952821016312, 0.03276249021291733]","[0.4638054370880127, 0.5361945629119873]",0.5361945629119873
00045431.npy,0,1,"[-0.37098467350006104, 0.20526918768882751]","[0.3597950041294098, 0.6402049660682678]",0.6402049660682678
00045432.npy,1,1,"[-0.19105687737464905, 0.17871826887130737]","[0.40859538316726685, 0.5914046168327332]",0.5914046168327332
00045433.npy,1,1,"[-0.1973065435886383, 0.12458635121583939]","[0.42021453380584717, 0.5797855257987976]",0.5797855257987976
00045434.npy,1,1,"[-0.041734788566827774, 0.33113670349121094]","[0.4078473448753357, 0.5921526551246643]",0.5921526551246643
00045435.npy,1,1,"[-0.08143036812543869, 0.013769514858722687]","[0.47621798515319824, 0.5237820148468018]",0.5237820148468018
00045436.npy,1,1,"[-0.11824600398540497, 0.3509730398654938]","[0.38480111956596375, 0.6151988506317139]",0.6151988506317139
00045437.npy,1,1,"[0.06949766725301743, 0.40524882078170776]","[0.41684192419052124, 0.5831580758094788]",0.5831580758094788
00045438.npy,0,1,"[-0.2542001008987427, -0.04158405214548111]","[0.44704532623291016, 0.5529546737670898]",0.5529546737670898
00045439.npy,1,1,"[0.19740056991577148, 0.3915814161300659]","[0.45160675048828125, 0.5483932495117188]",0.5483932495117188
00045440.npy,1,1,"[-0.3168507218360901, 0.14673617482185364]","[0.3861352801322937, 0.6138647794723511]",0.6138647794723511
00045441.npy,1,1,"[-0.06200968101620674, 0.16036751866340637]","[0.4446336627006531, 0.5553662776947021]",0.5553662776947021
00045442.npy,1,1,"[-0.03367709368467331, 0.3002186417579651]","[0.4172930419445038, 0.5827069878578186]",0.5827069878578186
00045443.npy,1,1,"[-0.08099140226840973, 0.04676039516925812]","[0.46810540556907654, 0.5318945646286011]",0.5318945646286011
00045444.npy,1,1,"[0.20820459723472595, 0.24785038828849792]","[0.4900898337364197, 0.5099101662635803]",0.5099101662635803
00045445.npy,1,1,"[-0.12128863483667374, 0.11752072721719742]","[0.44057977199554443, 0.5594202280044556]",0.5594202280044556
00045446.npy,1,1,"[-0.017210382968187332, 0.28008532524108887]","[0.42621874809265137, 0.5737813115119934]",0.5737813115119934
00045447.npy,1,1,"[0.12998193502426147, 0.4663618505001068]","[0.4166891276836395, 0.5833109021186829]",0.5833109021186829
00045448.npy,1,1,"[-0.21827852725982666, 0.051072269678115845]","[0.4330664873123169, 0.5669335126876831]",0.5669335126876831
00045449.npy,1,1,"[-0.28456899523735046, 0.20632386207580566]","[0.3796832859516144, 0.620316743850708]",0.620316743850708
00045450.npy,1,1,"[-0.06469640880823135, 0.06628305464982986]","[0.4673018753528595, 0.5326980948448181]",0.5326980948448181
00045451.npy,1,1,"[-0.026490487158298492, 0.23137226700782776]","[0.4358891546726227, 0.5641108155250549]",0.5641108155250549
00060286.npy,1,1,"[0.09423787146806717, 0.3007436990737915]","[0.44855624437332153, 0.5514437556266785]",0.5514437556266785
00060287.npy,1,1,"[-0.39677679538726807, 0.07704930752515793]","[0.383711040019989, 0.6162889003753662]",0.6162889003753662
00060288.npy,1,1,"[-0.20490169525146484, 0.2398240864276886]","[0.3906154930591583, 0.6093845367431641]",0.6093845367431641
00060289.npy,1,1,"[0.030781082808971405, 0.3972964882850647]","[0.40938326716423035, 0.5906167030334473]",0.5906167030334473
00060290.npy,0,1,"[-0.06474056839942932, 0.429332435131073]","[0.3789345622062683, 0.6210654377937317]",0.6210654377937317
00060291.npy,0,1,"[0.0976388081908226, 0.4385414123535156]","[0.41559022665023804, 0.5844097137451172]",0.5844097137451172
00060292.npy,0,1,"[-0.278028666973114, 0.098471499979496]","[0.406971275806427, 0.593028724193573]",0.593028724193573
00060293.npy,0,1,"[-0.10328412055969238, 0.2810640335083008]","[0.40507858991622925, 0.594921350479126]",0.594921350479126
00060294.npy,0,1,"[-0.07469150424003601, 0.2055809199810028]","[0.4303869903087616, 0.5696130394935608]",0.5696130394935608
00060295.npy,1,1,"[-0.21975725889205933, 0.14145797491073608]","[0.4106654226779938, 0.5893345475196838]",0.5893345475196838
00060296.npy,0,1,"[-0.11889967322349548, 0.2153671383857727]","[0.41720283031463623, 0.5827971696853638]",0.5827971696853638
00060297.npy,0,1,"[0.011283565312623978, 0.20754289627075195]","[0.45109206438064575, 0.5489079356193542]",0.5489079356193542
00060298.npy,0,1,"[-0.21361133456230164, 0.10186506062746048]","[0.4217785894870758, 0.5782214403152466]",0.5782214403152466
00060299.npy,0,1,"[-0.20125806331634521, 0.40264129638671875]","[0.35345208644866943, 0.6465479135513306]",0.6465479135513306
00060300.npy,0,1,"[-0.2421162724494934, 0.2185896635055542]","[0.38681837916374207, 0.6131816506385803]",0.6131816506385803
00060301.npy,0,1,"[-0.20673665404319763, 0.03877171874046326]","[0.43892934918403625, 0.5610706806182861]",0.5610706806182861
00060302.npy,0,1,"[-0.3512463867664337, 0.28227099776268005]","[0.34671342372894287, 0.6532865762710571]",0.6532865762710571
00060303.npy,0,1,"[-0.02905668318271637, 0.41583308577537537]","[0.39057645201683044, 0.6094235777854919]",0.6094235777854919
00060304.npy,1,1,"[0.00837872177362442, 0.37556353211402893]","[0.40922147035598755, 0.5907785892486572]",0.5907785892486572
00060305.npy,1,1,"[-0.0838429182767868, 0.3578421473503113]","[0.391339510679245, 0.6086604595184326]",0.6086604595184326
00060306.npy,1,1,"[0.09531917423009872, 0.3068910837173462]","[0.4473034739494324, 0.5526965260505676]",0.5526965260505676
00060307.npy,1,1,"[-0.12266936153173447, 0.30809417366981506]","[0.39394402503967285, 0.6060559749603271]",0.6060559749603271
00060308.npy,1,1,"[-0.15064984560012817, 0.0980033203959465]","[0.43815502524375916, 0.5618449449539185]",0.5618449449539185
00060309.npy,0,1,"[0.45091837644577026, 0.8561323285102844]","[0.4000602662563324, 0.5999397039413452]",0.5999397039413452
00060310.npy,1,1,"[-0.031284138560295105, 0.18705052137374878]","[0.44563212990760803, 0.5543678402900696]",0.5543678402900696
00060311.npy,0,1,"[0.13021892309188843, 0.6051185727119446]","[0.383457213640213, 0.6165427565574646]",0.6165427565574646
00060312.npy,0,1,"[0.0156930610537529, 0.40327200293540955]","[0.4043002724647522, 0.5956997275352478]",0.5956997275352478
00060313.npy,0,1,"[-0.22956737875938416, 0.08022437244653702]","[0.42316558957099915, 0.5768344402313232]",0.5768344402313232
00060314.npy,0,1,"[-0.148392915725708, 0.10758113116025925]","[0.4363536238670349, 0.5636463761329651]",0.5636463761329651
00060315.npy,0,1,"[0.08776018768548965, 0.848388671875]","[0.3185098469257355, 0.6814901232719421]",0.6814901232719421
00060316.npy,0,1,"[-0.004812594503164291, 0.4761437475681305]","[0.3820263147354126, 0.6179736852645874]",0.6179736852645874
00060317.npy,0,1,"[-0.01012520119547844, 0.28095802664756775]","[0.4277387261390686, 0.5722613334655762]",0.5722613334655762
00060318.npy,0,1,"[-0.004544313997030258, 0.18877440690994263]","[0.4518202841281891, 0.5481797456741333]",0.5481797456741333
00060319.npy,0,1,"[-0.27636003494262695, 0.17501035332679749]","[0.38903501629829407, 0.6109650135040283]",0.6109650135040283
00060320.npy,0,1,"[0.046023011207580566, 0.4189223647117615]","[0.4078406095504761, 0.5921593904495239]",0.5921593904495239
00060321.npy,0,1,"[-0.07946665585041046, 0.19984006881713867]","[0.43062376976013184, 0.5693762898445129]",0.5693762898445129
00060322.npy,0,1,"[-0.014895312488079071, 0.44350728392601013]","[0.38736483454704285, 0.6126351356506348]",0.6126351356506348
00060323.npy,1,1,"[-0.048990048468112946, 0.1149001494050026]","[0.45911893248558044, 0.5408810973167419]",0.5408810973167419
00060324.npy,1,1,"[0.3678700923919678, 0.504959225654602]","[0.4657813012599945, 0.5342187285423279]",0.5342187285423279
00060325.npy,1,1,"[0.10285194963216782, 0.36117061972618103]","[0.43577703833580017, 0.5642229318618774]",0.5642229318618774
00060326.npy,0,1,"[-0.312240868806839, 0.10639078170061111]","[0.39684420824050903, 0.603155791759491]",0.603155791759491
00060327.npy,0,1,"[0.37591543793678284, 0.8755789995193481]","[0.37761974334716797, 0.622380256652832]",0.622380256652832
00060328.npy,0,1,"[-0.020270828157663345, 0.26615723967552185]","[0.4288785755634308, 0.5711214542388916]",0.5711214542388916
00060329.npy,0,1,"[0.10201651602983475, 0.30826136469841003]","[0.4486207664012909, 0.5513792037963867]",0.5513792037963867
00060330.npy,0,1,"[-0.2089429795742035, 0.08561503142118454]","[0.4268883764743805, 0.5731116533279419]",0.5731116533279419
00060331.npy,0,1,"[0.12352166324853897, 0.46196600794792175]","[0.4161874055862427, 0.5838125944137573]",0.5838125944137573
00060332.npy,0,1,"[-0.019854985177516937, 0.44962194561958313]","[0.38474005460739136, 0.6152599453926086]",0.6152599453926086
00060333.npy,0,1,"[0.04219144582748413, 0.26423946022987366]","[0.4447149932384491, 0.5552850365638733]",0.5552850365638733
00060334.npy,0,1,"[-0.14857789874076843, 0.1857735514640808]","[0.41718223690986633, 0.582817792892456]",0.582817792892456
00060335.npy,1,1,"[-0.20280250906944275, 0.21484792232513428]","[0.39707911014556885, 0.6029208898544312]",0.6029208898544312
00060336.npy,1,1,"[0.015628039836883545, 0.2319059669971466]","[0.4461402893066406, 0.5538597106933594]",0.5538597106933594
00060337.npy,1,1,"[-0.030430341139435768, 0.05883517861366272]","[0.477698415517807, 0.5223015546798706]",0.5223015546798706
00060338.npy,1,1,"[-0.1626622974872589, 0.16535398364067078]","[0.41872337460517883, 0.5812765955924988]",0.5812765955924988
00060339.npy,0,1,"[-0.39881759881973267, -0.04335115849971771]","[0.412057489156723, 0.5879425406455994]",0.5879425406455994
00060340.npy,0,1,"[-0.08971819281578064, 0.2325437068939209]","[0.4201246201992035, 0.5798753499984741]",0.5798753499984741
00060341.npy,0,1,"[0.0191647931933403, 0.42945095896720886]","[0.3988434970378876, 0.60115647315979]",0.60115647315979
00060342.npy,0,1,"[-0.10441335290670395, 0.507981538772583]","[0.3515130877494812, 0.6484869122505188]",0.6484869122505188
00060343.npy,0,1,"[-0.29486972093582153, 0.012160144746303558]","[0.42383989691734314, 0.5761601328849792]",0.5761601328849792
00060344.npy,0,1,"[0.03738181293010712, 0.5588672757148743]","[0.37250494956970215, 0.6274949908256531]",0.6274949908256531
00060345.npy,0,1,"[-0.07826567441225052, 0.40456023812294006]","[0.381585031747818, 0.6184149384498596]",0.6184149384498596
00060346.npy,0,1,"[0.12210137397050858, 0.5708128809928894]","[0.3896671533584595, 0.6103328466415405]",0.6103328466415405
00060347.npy,0,1,"[-0.11036889255046844, 0.24943363666534424]","[0.4110073745250702, 0.5889926552772522]",0.5889926552772522
00060348.npy,0,1,"[-0.12391077727079391, 0.22202187776565552]","[0.4143691062927246, 0.5856309533119202]",0.5856309533119202
00060349.npy,0,1,"[-0.19067928194999695, 0.03951995074748993]","[0.442702978849411, 0.5572969913482666]",0.5572969913482666
00060350.npy,0,1,"[-0.21438604593276978, 0.16648748517036438]","[0.4059162437915802, 0.5940837860107422]",0.5940837860107422
00060351.npy,0,1,"[0.0934736505150795, 0.42225372791290283]","[0.4185374677181244, 0.5814625024795532]",0.5814625024795532
00060352.npy,0,1,"[-0.2973683774471283, -0.12110969424247742]","[0.4560490548610687, 0.5439509153366089]",0.5439509153366089
00060353.npy,0,1,"[-0.26511290669441223, 0.33050331473350525]","[0.35534727573394775, 0.6446527242660522]",0.6446527242660522
00060354.npy,0,1,"[-0.09670250117778778, 0.22331959009170532]","[0.42067036032676697, 0.5793296098709106]",0.5793296098709106
00060355.npy,0,1,"[-0.4441032111644745, 0.1851232349872589]","[0.34768596291542053, 0.6523140668869019]",0.6523140668869019
00060356.npy,0,1,"[-0.1976611316204071, 0.1477668583393097]","[0.41449156403541565, 0.5855084657669067]",0.5855084657669067
00060357.npy,0,1,"[0.0027359165251255035, 0.3999176323413849]","[0.4019896686077118, 0.5980103611946106]",0.5980103611946106
00060358.npy,0,1,"[-0.22939178347587585, 0.2861655056476593]","[0.373891681432724, 0.6261082887649536]",0.6261082887649536
00060359.npy,0,1,"[-0.380686491727829, 0.18415439128875732]","[0.36242809891700745, 0.6375718712806702]",0.6375718712806702
00060360.npy,0,1,"[-0.012014802545309067, 0.003998421132564545]","[0.49599677324295044, 0.5040032267570496]",0.5040032267570496
00060361.npy,0,1,"[0.04857651889324188, 0.48376402258872986]","[0.39288827776908875, 0.6071116924285889]",0.6071116924285889
00060362.npy,0,1,"[0.09482438117265701, 0.42825114727020264]","[0.4174070954322815, 0.5825929045677185]",0.5825929045677185
00060363.npy,0,1,"[-0.4207090437412262, 0.13097882270812988]","[0.3654729127883911, 0.6345270872116089]",0.6345270872116089
00060364.npy,0,1,"[-0.15675468742847443, 0.1946520209312439]","[0.413041353225708, 0.5869587063789368]",0.5869587063789368
00060365.npy,1,1,"[-0.44402462244033813, -0.10601569712162018]","[0.4162932336330414, 0.583706796169281]",0.583706796169281
00060366.npy,0,1,"[0.037248991429805756, 0.5921854972839355]","[0.36471986770629883, 0.6352801322937012]",0.6352801322937012
00060367.npy,1,1,"[-0.06766603142023087, 0.33725348114967346]","[0.4001309275627136, 0.5998690128326416]",0.5998690128326416
00060368.npy,0,1,"[0.05436290055513382, 0.3104340136051178]","[0.43632972240448, 0.5636702179908752]",0.5636702179908752
00060369.npy,1,1,"[-0.28419265151023865, -0.09739510715007782]","[0.4534359276294708, 0.5465640425682068]",0.5465640425682068
00060370.npy,0,1,"[0.2714521288871765, 0.8489199280738831]","[0.3595154583454132, 0.6404845714569092]",0.6404845714569092
00060371.npy,0,1,"[0.1724272072315216, 0.5216405391693115]","[0.4135732352733612, 0.5864267945289612]",0.5864267945289612
00060372.npy,0,1,"[0.005440898239612579, 0.4965539872646332]","[0.379631370306015, 0.6203685998916626]",0.6203685998916626
00060373.npy,0,1,"[0.13153651356697083, 0.6361882090568542]","[0.3764481246471405, 0.6235518455505371]",0.6235518455505371
00060374.npy,0,1,"[-0.14709945023059845, 0.2680184245109558]","[0.39768558740615845, 0.6023144125938416]",0.6023144125938416
00060375.npy,0,1,"[0.037354543805122375, 0.47814032435417175]","[0.39155375957489014, 0.6084462404251099]",0.6084462404251099
00060376.npy,0,1,"[0.19706466794013977, 0.7525890469551086]","[0.36458367109298706, 0.6354163289070129]",0.6354163289070129
00060377.npy,0,1,"[-0.38144299387931824, 0.0018753781914710999]","[0.40532681345939636, 0.594673216342926]",0.594673216342926
00060378.npy,0,1,"[0.0029228366911411285, 0.14323121309280396]","[0.4649803340435028, 0.5350196361541748]",0.5350196361541748
00060379.npy,0,1,"[-0.07435618340969086, 0.6735149621963501]","[0.32128533720970154, 0.6787146925926208]",0.6787146925926208
00060380.npy,0,1,"[-0.12171313166618347, 0.3311062753200531]","[0.38869062066078186, 0.6113094091415405]",0.6113094091415405
00060381.npy,0,1,"[-0.004499036818742752, 0.21541628241539001]","[0.44524168968200684, 0.5547583103179932]",0.5547583103179932
00060382.npy,0,1,"[0.030779264867305756, 0.38244280219078064]","[0.4129790961742401, 0.5870209336280823]",0.5870209336280823
00060383.npy,0,1,"[0.05994576960802078, 0.37332314252853394]","[0.4222905933856964, 0.577709436416626]",0.577709436416626
00060384.npy,0,1,"[-0.156269371509552, 0.06736735254526138]","[0.44432270526885986, 0.5556772947311401]",0.5556772947311401
00060385.npy,0,1,"[0.23359835147857666, 0.5255460143089294]","[0.42752712965011597, 0.5724729299545288]",0.5724729299545288
00060386.npy,0,1,"[-0.07131656259298325, 0.07846932858228683]","[0.46262335777282715, 0.5373766422271729]",0.5373766422271729
00060387.npy,0,1,"[-0.23241370916366577, 0.17520278692245483]","[0.3994837999343872, 0.6005162000656128]",0.6005162000656128
00060388.npy,0,1,"[-0.2493622899055481, 0.11012496799230576]","[0.4110836982727051, 0.5889163017272949]",0.5889163017272949
00060389.npy,0,1,"[-0.06950364261865616, 0.11363240331411362]","[0.4543434977531433, 0.5456565022468567]",0.5456565022468567
00060390.npy,0,1,"[-0.17915940284729004, 0.27709004282951355]","[0.3878759443759918, 0.6121240258216858]",0.6121240258216858
00060391.npy,0,1,"[-0.21111956238746643, 0.22087839245796204]","[0.3936493396759033, 0.6063506603240967]",0.6063506603240967
00060392.npy,0,1,"[0.027116306126117706, 0.41686883568763733]","[0.4037768542766571, 0.5962231159210205]",0.5962231159210205
00060393.npy,0,1,"[-0.3089708983898163, 0.17382729053497314]","[0.3815915882587433, 0.6184083819389343]",0.6184083819389343
00060394.npy,0,1,"[-0.2901923954486847, 0.16875162720680237]","[0.3872363567352295, 0.6127636432647705]",0.6127636432647705
00060395.npy,0,1,"[-0.21394920349121094, 0.319291889667511]","[0.36976125836372375, 0.6302387118339539]",0.6302387118339539
00060396.npy,0,1,"[-0.124844029545784, 0.03347218781709671]","[0.4605034291744232, 0.5394966006278992]",0.5394966006278992
00060397.npy,0,1,"[-0.04292801022529602, 0.10485131293535233]","[0.46312224864959717, 0.5368777513504028]",0.5368777513504028
00060398.npy,0,1,"[-0.09993621706962585, 0.08021769672632217]","[0.4550829827785492, 0.5449170470237732]",0.5449170470237732
00060399.npy,0,1,"[0.13500037789344788, 0.32384538650512695]","[0.4529285728931427, 0.5470714569091797]",0.5470714569091797
00060400.npy,0,1,"[-0.1252097487449646, 0.2877148985862732]","[0.3982110619544983, 0.6017889380455017]",0.6017889380455017
00060401.npy,0,1,"[-0.10355263948440552, 0.13763490319252014]","[0.4399937093257904, 0.5600062608718872]",0.5600062608718872
00060402.npy,0,1,"[-0.11472604423761368, -0.006995406001806259]","[0.4730933606624603, 0.5269066095352173]",0.5269066095352173
00060403.npy,1,1,"[-0.27064016461372375, 0.10384271293878555]","[0.40745824575424194, 0.5925417542457581]",0.5925417542457581
00060404.npy,1,1,"[0.13967981934547424, 0.48596641421318054]","[0.4142831861972809, 0.5857167840003967]",0.5857167840003967
00060405.npy,0,1,"[-0.2205721139907837, -0.11684173345565796]","[0.47409066557884216, 0.5259093642234802]",0.5259093642234802
00060406.npy,1,1,"[-0.11247719824314117, 0.29122379422187805]","[0.40042343735694885, 0.5995765328407288]",0.5995765328407288
00060407.npy,0,1,"[-0.011703487485647202, 0.41387495398521423]","[0.39518263936042786, 0.6048173308372498]",0.6048173308372498
00060408.npy,0,1,"[-0.3552631139755249, 0.4148949086666107]","[0.31644490361213684, 0.6835550665855408]",0.6835550665855408
00060409.npy,0,1,"[0.10473496466875076, 0.38079318404197693]","[0.43142038583755493, 0.5685795545578003]",0.5685795545578003
00060410.npy,1,1,"[-0.18632850050926208, -0.036146972328424454]","[0.46252501010894775, 0.5374749898910522]",0.5374749898910522
00060411.npy,0,1,"[-0.14646539092063904, 0.3612012267112732]","[0.3757407069206238, 0.6242592930793762]",0.6242592930793762
00060412.npy,0,1,"[-0.12701068818569183, 0.24476507306098938]","[0.4081119894981384, 0.5918879508972168]",0.5918879508972168
00060413.npy,0,1,"[-0.09747765958309174, 0.2918449342250824]","[0.40388038754463196, 0.5961195826530457]",0.5961195826530457
00060414.npy,0,1,"[-0.22455087304115295, 0.09209751337766647]","[0.4214927852153778, 0.5785071849822998]",0.5785071849822998
00060415.npy,0,1,"[-0.1631825715303421, 0.3736684322357178]","[0.3689204454421997, 0.6310796141624451]",0.6310796141624451
00060416.npy,0,1,"[-0.24261930584907532, 0.019880972802639008]","[0.43474918603897095, 0.565250813961029]",0.565250813961029
00060417.npy,0,1,"[0.021939635276794434, 0.22031009197235107]","[0.45056936144828796, 0.5494306087493896]",0.5494306087493896
00060418.npy,0,1,"[0.031941838562488556, 0.43833282589912415]","[0.39977777004241943, 0.6002221703529358]",0.6002221703529358
00060419.npy,0,1,"[0.28489431738853455, 0.7128391265869141]","[0.3946172297000885, 0.6053828001022339]",0.6053828001022339
00060420.npy,0,1,"[-0.0017233006656169891, 0.43585798144340515]","[0.3923174738883972, 0.6076825857162476]",0.6076825857162476
00060421.npy,0,1,"[-0.13504792749881744, 0.32745447754859924]","[0.3863923251628876, 0.61360764503479]",0.61360764503479
00060422.npy,0,1,"[0.014528773725032806, 0.3534897565841675]","[0.4160618782043457, 0.5839380621910095]",0.5839380621910095
00060423.npy,0,1,"[0.012416452169418335, 0.4496467411518097]","[0.3924011290073395, 0.6075988411903381]",0.6075988411903381
00060424.npy,0,1,"[-0.022574609145522118, 0.5004884004592896]","[0.37213626503944397, 0.6278637051582336]",0.6278637051582336
00060425.npy,0,1,"[-0.15849542617797852, 0.1273323893547058]","[0.4290255904197693, 0.5709744095802307]",0.5709744095802307
00060426.npy,0,1,"[-0.04609823599457741, 0.17784395813941956]","[0.4442472457885742, 0.5557527542114258]",0.5557527542114258
00060427.npy,0,1,"[-0.22071534395217896, 0.12029749900102615]","[0.4155634641647339, 0.5844365358352661]",0.5844365358352661
00060428.npy,0,1,"[-0.18401935696601868, 0.017714500427246094]","[0.4497368633747101, 0.5502631068229675]",0.5502631068229675
00060429.npy,0,1,"[-0.2490231990814209, 0.21580767631530762]","[0.38584044575691223, 0.6141595840454102]",0.6141595840454102
00060430.npy,0,1,"[0.00044098496437072754, 0.27848461270332336]","[0.43093347549438477, 0.5690665245056152]",0.5690665245056152
00060431.npy,0,1,"[0.13169285655021667, 0.67696213722229]","[0.3669626712799072, 0.6330373287200928]",0.6330373287200928
00060432.npy,0,1,"[-0.15167108178138733, 0.13583043217658997]","[0.42861562967300415, 0.5713843703269958]",0.5713843703269958
00060433.npy,0,1,"[-0.015407387167215347, 0.40821436047554016]","[0.3956504166126251, 0.6043496131896973]",0.6043496131896973
00060434.npy,0,1,"[-0.23125973343849182, 0.20346111059188843]","[0.3929995894432068, 0.6070003509521484]",0.6070003509521484
00060435.npy,0,1,"[0.2533125579357147, 0.5537363886833191]","[0.42545390129089355, 0.5745461583137512]",0.5745461583137512
00060436.npy,0,1,"[-0.04057178273797035, 0.1863822638988495]","[0.4435037672519684, 0.5564962029457092]",0.5564962029457092
00060437.npy,0,1,"[-0.34707939624786377, 0.2982793152332306]","[0.34403619170188904, 0.6559637784957886]",0.6559637784957886
00060438.npy,0,1,"[0.0007586739957332611, 0.2105395793914795]","[0.44774627685546875, 0.5522537231445312]",0.5522537231445312
00060439.npy,0,1,"[0.1935734748840332, 0.6154738068580627]","[0.39606210589408875, 0.6039379239082336]",0.6039379239082336
00060440.npy,0,1,"[-0.1437285840511322, 0.27048277854919434]","[0.39790278673171997, 0.6020972728729248]",0.6020972728729248
00060441.npy,0,1,"[-0.10009400546550751, 0.4309943616390228]","[0.37026306986808777, 0.6297369599342346]",0.6297369599342346
00060442.npy,0,1,"[-0.1485217809677124, 0.2807143032550812]","[0.39430877566337585, 0.6056912541389465]",0.6056912541389465
00060443.npy,0,1,"[-0.15071910619735718, 0.2375830113887787]","[0.4041261374950409, 0.5958738923072815]",0.5958738923072815
00060444.npy,0,1,"[-0.2741686701774597, 0.1697760820388794]","[0.39080139994621277, 0.6091985702514648]",0.6091985702514648
00060445.npy,0,1,"[-0.13161695003509521, 0.17460814118385315]","[0.42403644323349, 0.57596355676651]",0.57596355676651
00060446.npy,0,1,"[-0.14391252398490906, 0.3903447687625885]","[0.3695244789123535, 0.6304755210876465]",0.6304755210876465
00060447.npy,0,1,"[-0.3048551380634308, 0.17331767082214355]","[0.3826836943626404, 0.6173163652420044]",0.6173163652420044
00060448.npy,0,1,"[-0.1591579020023346, 0.29822680354118347]","[0.3876064419746399, 0.6123935580253601]",0.6123935580253601
00060449.npy,0,1,"[0.004158884286880493, 0.5493084788322449]","[0.36699047684669495, 0.6330094933509827]",0.6330094933509827
00060450.npy,0,1,"[-0.03042147122323513, 0.289271742105484]","[0.42075052857398987, 0.5792494416236877]",0.5792494416236877
00060451.npy,0,1,"[-0.20683887600898743, 0.15130069851875305]","[0.41140997409820557, 0.5885899662971497]",0.5885899662971497
00060452.npy,1,1,"[-0.1965615153312683, 0.17434152960777283]","[0.408322811126709, 0.5916771292686462]",0.5916771292686462
00060453.npy,0,1,"[-0.35690510272979736, 0.11473438888788223]","[0.38422828912734985, 0.6157717704772949]",0.6157717704772949
00060454.npy,0,1,"[-0.06308946758508682, 0.22393673658370972]","[0.4287320375442505, 0.5712679028511047]",0.5712679028511047
00060455.npy,0,1,"[-0.14713603258132935, 0.21001246571540833]","[0.41165000200271606, 0.5883499979972839]",0.5883499979972839
00060456.npy,0,1,"[-0.1962205469608307, 0.12854665517807007]","[0.41951438784599304, 0.5804855823516846]",0.5804855823516846
00060457.npy,0,1,"[-0.20158889889717102, 0.32712504267692566]","[0.3708169162273407, 0.6291831135749817]",0.6291831135749817
00060458.npy,0,1,"[-0.10106806457042694, 0.48013564944267273]","[0.3586556315422058, 0.6413443088531494]",0.6413443088531494
00060459.npy,0,1,"[0.03560223430395126, 0.3159694969654083]","[0.4303637146949768, 0.5696362257003784]",0.5696362257003784
00060460.npy,0,1,"[-0.22276517748832703, 0.3471551835536957]","[0.3612551987171173, 0.6387447714805603]",0.6387447714805603
00060461.npy,0,1,"[-0.18696185946464539, 0.25759419798851013]","[0.39065590500831604, 0.6093441247940063]",0.6093441247940063
00060462.npy,0,1,"[-0.12206851691007614, 0.1716771423816681]","[0.42708712816238403, 0.5729129314422607]",0.5729129314422607
00060463.npy,0,1,"[-0.12179136276245117, 0.18733060359954834]","[0.42332908511161804, 0.5766708850860596]",0.5766708850860596
00060464.npy,0,1,"[-0.05469154566526413, 0.10224155336618423]","[0.46084704995155334, 0.5391529202461243]",0.5391529202461243
00060465.npy,0,1,"[-0.17021960020065308, 0.1511307656764984]","[0.4203466773033142, 0.5796533226966858]",0.5796533226966858
00060466.npy,0,1,"[-0.2754531800746918, 0.2714024782180786]","[0.36659422516822815, 0.6334057450294495]",0.6334057450294495
00060467.npy,0,1,"[-0.10371768474578857, 0.5598930716514587]","[0.3399289846420288, 0.660071074962616]",0.660071074962616
00060468.npy,0,1,"[-0.19340068101882935, 0.14069339632987976]","[0.4172447919845581, 0.5827551484107971]",0.5827551484107971
00060469.npy,1,1,"[-0.0974326878786087, 0.28797203302383423]","[0.40482401847839355, 0.5951759815216064]",0.5951759815216064
00060470.npy,1,1,"[-0.15639305114746094, 0.14862078428268433]","[0.42433226108551025, 0.5756677389144897]",0.5756677389144897
00060471.npy,0,1,"[-0.02863924950361252, 0.14237532019615173]","[0.4573502540588379, 0.5426497459411621]",0.5426497459411621
00060472.npy,0,1,"[0.09318942576646805, 0.3957304358482361]","[0.424936443567276, 0.5750635862350464]",0.5750635862350464
00060473.npy,0,1,"[0.058094799518585205, 0.49227872490882874]","[0.3931277096271515, 0.6068723201751709]",0.6068723201751709
00060474.npy,1,1,"[-0.11069691926240921, 0.19541823863983154]","[0.4240632653236389, 0.5759367346763611]",0.5759367346763611
00060475.npy,0,1,"[0.09272556751966476, 0.3344915211200714]","[0.43985119462013245, 0.5601487755775452]",0.5601487755775452
00060476.npy,0,1,"[-0.4448443651199341, 0.03247327357530594]","[0.38288575410842896, 0.617114245891571]",0.617114245891571
00060477.npy,0,1,"[0.020592965185642242, 0.4436852037906647]","[0.39577704668045044, 0.6042229533195496]",0.6042229533195496
00060478.npy,0,1,"[-0.10914096236228943, 0.02543860673904419]","[0.46640580892562866, 0.5335941910743713]",0.5335941910743713
00060479.npy,0,1,"[-0.01773383840918541, 0.2759416103363037]","[0.42710429430007935, 0.5728957056999207]",0.5728957056999207
00060480.npy,1,1,"[0.1374157965183258, 0.8683874607086182]","[0.3249815106391907, 0.6750184297561646]",0.6750184297561646
00060481.npy,0,1,"[0.13068890571594238, 0.3022940754890442]","[0.4572036862373352, 0.5427963137626648]",0.5427963137626648
00060482.npy,0,1,"[-0.05394809693098068, 0.15089768171310425]","[0.4489668905735016, 0.5510331392288208]",0.5510331392288208
00060483.npy,0,1,"[-0.06475706398487091, 0.337944895029068]","[0.4006633162498474, 0.5993366241455078]",0.5993366241455078
00060484.npy,0,1,"[-0.02417163923382759, 0.17538297176361084]","[0.450276255607605, 0.549723744392395]",0.549723744392395
00060485.npy,0,1,"[0.18395474553108215, 0.6018121242523193]","[0.3970296084880829, 0.6029704213142395]",0.6029704213142395
00060486.npy,1,1,"[-0.23575419187545776, 0.03622113913297653]","[0.4324222505092621, 0.5675777792930603]",0.5675777792930603
00060487.npy,0,1,"[0.09469661861658096, 0.7200144529342651]","[0.3485729396343231, 0.6514270305633545]",0.6514270305633545
00060488.npy,1,1,"[0.3656240999698639, 0.6844074130058289]","[0.4209722876548767, 0.5790277123451233]",0.5790277123451233
00060489.npy,0,1,"[-0.06457603722810745, 0.12647667527198792]","[0.45238158106803894, 0.5476184487342834]",0.5476184487342834
00060490.npy,0,1,"[0.07425899803638458, 0.12132785469293594]","[0.4882349669933319, 0.5117650628089905]",0.5117650628089905
00060491.npy,0,1,"[0.034772828221321106, 0.6804947853088379]","[0.3439542353153229, 0.6560457944869995]",0.6560457944869995
00060492.npy,0,1,"[0.06658531725406647, 0.4216681122779846]","[0.41215038299560547, 0.5878496170043945]",0.5878496170043945
00060493.npy,0,1,"[-0.07600972801446915, 0.2358359396457672]","[0.4226643145084381, 0.5773357152938843]",0.5773357152938843
00060494.npy,0,1,"[-0.2182956337928772, -0.04710160195827484]","[0.4573056995868683, 0.5426942706108093]",0.5426942706108093
00060495.npy,0,1,"[-0.014626946300268173, 0.378829687833786]","[0.4028854966163635, 0.5971145033836365]",0.5971145033836365
00060496.npy,0,1,"[-0.01062169298529625, 0.2747254967689514]","[0.42914333939552307, 0.5708566904067993]",0.5708566904067993
00060497.npy,0,1,"[-0.29735708236694336, 0.19909045100212097]","[0.3783758878707886, 0.6216241121292114]",0.6216241121292114
00060498.npy,0,1,"[0.06477244943380356, 0.3369405269622803]","[0.4323749244213104, 0.5676250457763672]",0.5676250457763672
00060499.npy,0,1,"[-0.06555163860321045, 0.21970418095588684]","[0.42916572093963623, 0.5708342790603638]",0.5708342790603638
00060500.npy,0,1,"[-0.04347928985953331, 0.475332111120224]","[0.373130202293396, 0.6268697381019592]",0.6268697381019592
00060501.npy,0,1,"[-0.11189709603786469, 0.25302526354789734]","[0.4097684919834137, 0.5902314782142639]",0.5902314782142639
00060502.npy,0,1,"[-0.18808096647262573, 0.059836238622665405]","[0.43833619356155396, 0.5616637468338013]",0.5616637468338013
00060503.npy,0,1,"[-0.16354382038116455, 0.1757643222808838]","[0.4159775674343109, 0.5840224623680115]",0.5840224623680115
00060504.npy,0,1,"[0.16232970356941223, 0.4346087574958801]","[0.4323476552963257, 0.5676522850990295]",0.5676522850990295
00060505.npy,0,1,"[-0.16036759316921234, 0.10256647318601608]","[0.4346425533294678, 0.5653573870658875]",0.5653573870658875
00060506.npy,0,1,"[-0.016013428568840027, 0.1635327935218811]","[0.4552336633205414, 0.544766366481781]",0.544766366481781
00060507.npy,0,1,"[-0.08652408421039581, 0.3016839027404785]","[0.40414875745773315, 0.5958512425422668]",0.5958512425422668
00060508.npy,0,1,"[-0.04693827033042908, 0.41724100708961487]","[0.3859948515892029, 0.6140051484107971]",0.6140051484107971
00060509.npy,0,1,"[0.09047050029039383, 0.3542969524860382]","[0.4344232976436615, 0.5655766725540161]",0.5655766725540161
00060510.npy,0,1,"[-0.12857884168624878, 0.10003269463777542]","[0.44309476017951965, 0.5569052696228027]",0.5569052696228027
00060511.npy,0,1,"[0.017551079392433167, 0.414289265871048]","[0.40209630131721497, 0.5979036688804626]",0.5979036688804626
00060512.npy,0,1,"[0.11440985649824142, 0.30682268738746643]","[0.45204466581344604, 0.547955334186554]",0.547955334186554
00060513.npy,0,1,"[-0.1820003092288971, 0.10582806915044785]","[0.4285355806350708, 0.5714643597602844]",0.5714643597602844
00060514.npy,0,1,"[-0.004264034330844879, 0.4569895565509796]","[0.3866884708404541, 0.6133115291595459]",0.6133115291595459
00060515.npy,0,1,"[0.15193617343902588, 0.33754685521125793]","[0.45373010635375977, 0.5462698936462402]",0.5462698936462402
00060516.npy,0,1,"[-0.18222078680992126, 0.2550846338272095]","[0.39238324761390686, 0.6076167821884155]",0.6076167821884155
00060517.npy,0,1,"[-0.14047014713287354, 0.07136411219835281]","[0.44723859429359436, 0.5527613759040833]",0.5527613759040833
00060518.npy,0,1,"[-0.01414475217461586, 0.20146134495735168]","[0.4463063180446625, 0.5536937117576599]",0.5536937117576599
00060519.npy,0,1,"[-0.04512011259794235, 0.36822012066841125]","[0.3981114625930786, 0.6018884778022766]",0.6018884778022766
00060520.npy,0,1,"[-0.09553339332342148, 0.25336968898773193]","[0.41364845633506775, 0.5863515734672546]",0.5863515734672546
00060521.npy,0,1,"[0.15880927443504333, 0.22114959359169006]","[0.48441997170448303, 0.5155799984931946]",0.5155799984931946
00060522.npy,0,1,"[-0.2619250416755676, 0.06183883547782898]","[0.41975876688957214, 0.5802412629127502]",0.5802412629127502
00060523.npy,0,1,"[-0.08128128945827484, 0.2668605446815491]","[0.4138331115245819, 0.5861669182777405]",0.5861669182777405
00060524.npy,0,1,"[0.04633531719446182, 0.2503614127635956]","[0.44916966557502747, 0.5508303046226501]",0.5508303046226501
00060525.npy,0,1,"[-0.3227631747722626, 0.058878593146800995]","[0.4057309925556183, 0.5942690372467041]",0.5942690372467041
00060526.npy,0,1,"[-0.006073113530874252, 0.4788346588611603]","[0.3810938894748688, 0.6189061403274536]",0.6189061403274536
00060527.npy,0,1,"[-0.042086001485586166, 0.052003681659698486]","[0.4764949381351471, 0.5235050916671753]",0.5235050916671753
00060528.npy,0,1,"[0.40505093336105347, 0.8989736437797546]","[0.3789699077606201, 0.6210300922393799]",0.6210300922393799
00060529.npy,0,1,"[-0.13397134840488434, 0.14856836199760437]","[0.42983126640319824, 0.5701687932014465]",0.5701687932014465
00060530.npy,0,1,"[-0.025002464652061462, 0.18539848923683167]","[0.44759297370910645, 0.5524070262908936]",0.5524070262908936
00060531.npy,0,1,"[-0.0003831051290035248, 0.2938706576824188]","[0.42696279287338257, 0.5730372071266174]",0.5730372071266174
00060532.npy,0,1,"[-0.16483677923679352, 0.4162619411945343]","[0.3586798310279846, 0.6413201689720154]",0.6413201689720154
00060533.npy,0,1,"[-0.1355045735836029, 0.2556810975074768]","[0.4034319221973419, 0.5965681076049805]",0.5965681076049805
00060534.npy,0,1,"[-0.11971239745616913, 0.17012786865234375]","[0.4280429780483246, 0.5719570517539978]",0.5719570517539978
00060535.npy,0,1,"[-0.326660692691803, 0.05358602851629257]","[0.406067430973053, 0.5939326286315918]",0.5939326286315918
00060536.npy,0,1,"[-0.014823473989963531, 0.19169387221336365]","[0.4485533833503723, 0.5514466166496277]",0.5514466166496277
00060537.npy,0,1,"[-0.08606535196304321, 0.1936621367931366]","[0.43052056431770325, 0.5694794058799744]",0.5694794058799744
00060538.npy,0,1,"[0.02796972543001175, 0.5059145092964172]","[0.38273757696151733, 0.6172624826431274]",0.6172624826431274
00060539.npy,0,1,"[0.13861316442489624, 0.6820307374000549]","[0.3673929274082184, 0.632607102394104]",0.632607102394104
00060540.npy,1,1,"[0.2735828161239624, 0.48644527792930603]","[0.4469844102859497, 0.5530155897140503]",0.5530155897140503
00060541.npy,0,1,"[-0.3368106484413147, 0.05282975733280182]","[0.40380385518074036, 0.5961961150169373]",0.5961961150169373
00060542.npy,0,1,"[-0.16431517899036407, 0.13197746872901917]","[0.4264640212059021, 0.5735359787940979]",0.5735359787940979
00060543.npy,0,1,"[0.22558414936065674, 0.756324052810669]","[0.3703443109989166, 0.629655659198761]",0.629655659198761
00060544.npy,0,1,"[-0.08482591807842255, 0.21322649717330933]","[0.4260336756706238, 0.573966383934021]",0.573966383934021
00060545.npy,0,1,"[0.11682233959436417, 0.6418976187705994]","[0.3716662526130676, 0.6283338069915771]",0.6283338069915771
00060546.npy,0,1,"[-0.12033896148204803, 0.36631348729133606]","[0.38068249821662903, 0.6193175315856934]",0.6193175315856934
00060547.npy,0,1,"[-0.14406588673591614, 0.2640851140022278]","[0.39935556054115295, 0.6006444692611694]",0.6006444692611694
00060548.npy,0,1,"[-0.010109316557645798, 0.5131028294563293]","[0.37210142612457275, 0.6278985738754272]",0.6278985738754272
00060549.npy,0,1,"[0.11110811680555344, 0.4513489305973053]","[0.41575098037719727, 0.5842490196228027]",0.5842490196228027
00060550.npy,0,1,"[-0.1672927439212799, 0.043539926409721375]","[0.4474862217903137, 0.5525137782096863]",0.5525137782096863
00060551.npy,0,1,"[0.2513810098171234, 0.5024155974388123]","[0.43756887316703796, 0.5624311566352844]",0.5624311566352844
00060552.npy,0,1,"[0.127017080783844, 0.4130907356739044]","[0.42896535992622375, 0.5710346102714539]",0.5710346102714539
00060553.npy,0,1,"[-0.05972723662853241, 0.6070843935012817]","[0.3392111361026764, 0.660788893699646]",0.660788893699646
00060554.npy,0,1,"[0.1331835389137268, 0.7570443749427795]","[0.3489038646221161, 0.6510961055755615]",0.6510961055755615
00060555.npy,0,1,"[-0.07010392099618912, 0.21997666358947754]","[0.4279841482639313, 0.5720158815383911]",0.5720158815383911
00060556.npy,0,1,"[-0.15445798635482788, 0.13001415133476257]","[0.42935770750045776, 0.5706422924995422]",0.5706422924995422
00060557.npy,0,1,"[-0.07006552815437317, 0.4357677698135376]","[0.376170814037323, 0.623829185962677]",0.623829185962677
00060558.npy,0,1,"[0.1812000572681427, 0.39787954092025757]","[0.4460411071777344, 0.5539588928222656]",0.5539588928222656
00060559.npy,0,1,"[-0.10121627151966095, 0.38893234729766846]","[0.3798585534095764, 0.6201413869857788]",0.6201413869857788
00060560.npy,0,1,"[-0.173848956823349, 0.0981815829873085]","[0.4324086606502533, 0.5675913095474243]",0.5675913095474243
00060561.npy,0,1,"[-0.18166697025299072, 0.5305944085121155]","[0.3290993571281433, 0.6709007024765015]",0.6709007024765015
00060562.npy,0,1,"[-0.018018636852502823, 0.4213220179080963]","[0.39189809560775757, 0.6081019043922424]",0.6081019043922424
00060563.npy,0,1,"[-0.19015252590179443, 0.29890957474708557]","[0.3801145553588867, 0.6198854446411133]",0.6198854446411133
00060564.npy,0,1,"[-0.17153960466384888, 0.17475229501724243]","[0.4142819344997406, 0.5857180953025818]",0.5857180953025818
00060565.npy,0,1,"[0.12801891565322876, 0.8979175686836243]","[0.31650102138519287, 0.6834989786148071]",0.6834989786148071
00060566.npy,0,1,"[0.267339825630188, 0.424719899892807]","[0.4607360064983368, 0.5392640233039856]",0.5392640233039856
00060567.npy,0,1,"[0.0027973540127277374, 0.1572260558605194]","[0.4614693820476532, 0.5385306477546692]",0.5385306477546692
00060568.npy,0,1,"[-0.11378385126590729, 0.26646000146865845]","[0.4060681164264679, 0.5939319133758545]",0.5939319133758545
00060569.npy,0,1,"[-0.05087469518184662, 0.25150924921035767]","[0.42497482895851135, 0.575025200843811]",0.575025200843811
00060570.npy,0,1,"[-0.24456250667572021, 0.19521614909172058]","[0.39179369807243347, 0.6082062721252441]",0.6082062721252441
00060571.npy,0,1,"[-0.08229809999465942, 0.07472560554742813]","[0.46082451939582825, 0.5391754508018494]",0.5391754508018494
00060572.npy,0,1,"[-0.018156901001930237, 0.38564303517341614]","[0.40039968490600586, 0.5996002554893494]",0.5996002554893494
00060573.npy,0,1,"[-0.04409946873784065, 0.3539845943450928]","[0.40177276730537415, 0.5982272624969482]",0.5982272624969482
00060574.npy,0,1,"[-0.11564810574054718, 0.19513201713562012]","[0.42292433977127075, 0.5770756602287292]",0.5770756602287292
00060575.npy,0,1,"[0.09008381515741348, 0.4776357114315033]","[0.4043067693710327, 0.5956932306289673]",0.5956932306289673
00060576.npy,0,1,"[-0.15095236897468567, 0.013587914407253265]","[0.4589574933052063, 0.5410425066947937]",0.5410425066947937
00060577.npy,0,1,"[-0.02773095667362213, 0.1581583023071289]","[0.4536610543727875, 0.5463389754295349]",0.5463389754295349
00060578.npy,0,1,"[0.07420790195465088, 0.7202827334403992]","[0.34387463331222534, 0.6561254262924194]",0.6561254262924194
00060579.npy,0,1,"[-0.06353624910116196, 0.21562102437019348]","[0.4306603968143463, 0.5693395733833313]",0.5693395733833313
00060580.npy,0,1,"[-0.18258720636367798, 0.7334399223327637]","[0.285768061876297, 0.7142319083213806]",0.7142319083213806
00060581.npy,0,1,"[-0.08656509220600128, 0.34456345438957214]","[0.39385688304901123, 0.6061431765556335]",0.6061431765556335
00060582.npy,0,1,"[-0.2690984308719635, 0.12984904646873474]","[0.40156522393226624, 0.5984347462654114]",0.5984347462654114
00060583.npy,0,1,"[0.016264870762825012, 0.4899269640445709]","[0.3837498426437378, 0.6162501573562622]",0.6162501573562622
00060584.npy,0,1,"[-0.010164197534322739, 0.059487484395504]","[0.4825941026210785, 0.5174058675765991]",0.5174058675765991
00060585.npy,0,1,"[-0.16668933629989624, 0.341633141040802]","[0.3755868375301361, 0.6244131326675415]",0.6244131326675415
00060586.npy,0,1,"[-0.13155925273895264, 0.19929280877113342]","[0.41803333163261414, 0.5819666385650635]",0.5819666385650635
00060587.npy,0,1,"[-0.15281091630458832, 0.24960443377494812]","[0.400732159614563, 0.599267840385437]",0.599267840385437
00060588.npy,0,1,"[-0.4497095048427582, 0.05393816530704498]","[0.3766838312149048, 0.6233161687850952]",0.6233161687850952
00060589.npy,0,1,"[-0.17193616926670074, 0.2225615680217743]","[0.40263503789901733, 0.5973649621009827]",0.5973649621009827
00060590.npy,0,1,"[-0.08702455461025238, 0.12306518107652664]","[0.4476698935031891, 0.5523300766944885]",0.5523300766944885
00060591.npy,0,1,"[-0.0843980684876442, 0.0738692656159401]","[0.460515558719635, 0.539484441280365]",0.539484441280365
00060592.npy,0,1,"[-0.16815972328186035, 0.3872631788253784]","[0.36460715532302856, 0.6353928446769714]",0.6353928446769714
00060593.npy,0,1,"[0.24340206384658813, 0.9853578805923462]","[0.3225766122341156, 0.677423357963562]",0.677423357963562
00060594.npy,0,1,"[0.010900065302848816, 0.41146376729011536]","[0.40117689967155457, 0.598823070526123]",0.598823070526123
00060595.npy,0,1,"[-0.015293080359697342, 0.3214021921157837]","[0.4166124761104584, 0.583387553691864]",0.583387553691864
00060596.npy,0,1,"[-0.22973501682281494, 0.24163344502449036]","[0.3842923939228058, 0.6157075762748718]",0.6157075762748718
00060597.npy,0,1,"[-0.16557636857032776, 0.24535170197486877]","[0.3986895978450775, 0.6013103723526001]",0.6013103723526001
00060598.npy,0,1,"[-0.12517091631889343, 0.25523775815963745]","[0.4060283303260803, 0.5939716100692749]",0.5939716100692749
00060599.npy,0,1,"[-0.13992664217948914, 0.3393140435218811]","[0.3824314773082733, 0.6175685524940491]",0.6175685524940491
00060600.npy,0,1,"[-0.06687577068805695, 0.4457993805408478]","[0.3745666444301605, 0.6254333853721619]",0.6254333853721619
00060601.npy,0,1,"[-0.06107525900006294, -0.010458197444677353]","[0.4873484671115875, 0.5126515626907349]",0.5126515626907349
00060602.npy,0,1,"[-0.16199052333831787, 0.5172105431556702]","[0.3364396393299103, 0.6635603904724121]",0.6635603904724121
00060603.npy,0,1,"[-0.08449244499206543, 0.4158955514431]","[0.37744948267936707, 0.6225505471229553]",0.6225505471229553
00060604.npy,0,1,"[-0.02700890228152275, 0.3060811460018158]","[0.4174889624118805, 0.5825110077857971]",0.5825110077857971
00060605.npy,0,1,"[-0.14481940865516663, 0.41926780343055725]","[0.36260226368904114, 0.6373977065086365]",0.6373977065086365
00060606.npy,0,1,"[-0.2512364685535431, 0.1096014752984047]","[0.4107567369937897, 0.5892432928085327]",0.5892432928085327
00060607.npy,0,1,"[-0.10283096134662628, 0.2011847198009491]","[0.42457613348960876, 0.5754238963127136]",0.5754238963127136
00060608.npy,0,1,"[-0.1797659695148468, 0.03957565128803253]","[0.44538336992263794, 0.5546165704727173]",0.5546165704727173
00060609.npy,0,1,"[-0.18149113655090332, 0.006950728595256805]","[0.45302844047546387, 0.5469714999198914]",0.5469714999198914
00060610.npy,0,1,"[0.5761551260948181, 0.7269504070281982]","[0.46237248182296753, 0.5376275181770325]",0.5376275181770325
00060611.npy,0,1,"[-0.15490832924842834, 0.21705973148345947]","[0.4080655574798584, 0.5919343829154968]",0.5919343829154968
00060612.npy,0,1,"[0.33702096343040466, 0.8063830137252808]","[0.3847672641277313, 0.6152327656745911]",0.6152327656745911
00060613.npy,0,1,"[-0.2049417793750763, -0.08218792080879211]","[0.46935001015663147, 0.5306499600410461]",0.5306499600410461
00060614.npy,0,1,"[-0.06805841624736786, 0.404858261346817]","[0.383926123380661, 0.6160738468170166]",0.6160738468170166
00060615.npy,0,1,"[0.07756894081830978, 0.3732292354106903]","[0.42661869525909424, 0.5733813047409058]",0.5733813047409058
00060616.npy,0,1,"[0.03241892158985138, 0.22084707021713257]","[0.45303186774253845, 0.5469681620597839]",0.5469681620597839
00060617.npy,0,1,"[-0.08240924775600433, 0.45232096314430237]","[0.3694142997264862, 0.6305856704711914]",0.6305856704711914
00060618.npy,0,1,"[0.08243650943040848, 0.48773178458213806]","[0.40004074573516846, 0.5999592542648315]",0.5999592542648315
00060619.npy,0,1,"[0.09371905773878098, 0.6630303263664246]","[0.3613957464694977, 0.6386042237281799]",0.6386042237281799
00060620.npy,0,1,"[-0.12322723865509033, 0.015826329588890076]","[0.4652925133705139, 0.5347074866294861]",0.5347074866294861
00060621.npy,0,1,"[-0.24030795693397522, -0.2167029082775116]","[0.4940989911556244, 0.5059009790420532]",0.5059009790420532
00060622.npy,0,1,"[-0.3059222400188446, 0.23835843801498413]","[0.3671923875808716, 0.6328076124191284]",0.6328076124191284
00060623.npy,0,1,"[0.16818326711654663, 0.39757734537124634]","[0.4429016411304474, 0.557098388671875]",0.557098388671875
00060624.npy,0,1,"[-0.10227571427822113, 0.1677209734916687]","[0.43290790915489197, 0.5670921206474304]",0.5670921206474304
00060625.npy,0,1,"[0.11883833259344101, 0.2763422131538391]","[0.4607052206993103, 0.5392947793006897]",0.5392947793006897
00060626.npy,0,1,"[-0.050704214721918106, 0.42592212557792664]","[0.3830491006374359, 0.6169509291648865]",0.6169509291648865
00060627.npy,1,1,"[-0.1485222578048706, 0.2756706476211548]","[0.3955138623714447, 0.6044861674308777]",0.6044861674308777
00060628.npy,0,1,"[-0.04373028874397278, 0.17319509387016296]","[0.44598034024238586, 0.5540196895599365]",0.5540196895599365
00060629.npy,0,1,"[-0.023109976202249527, 0.2300839126110077]","[0.43703752756118774, 0.5629624724388123]",0.5629624724388123
00060630.npy,0,1,"[-0.24175956845283508, 0.27216675877571106]","[0.3742735683917999, 0.6257264614105225]",0.6257264614105225
00060631.npy,0,1,"[0.1088881716132164, 0.26381561160087585]","[0.4613454341888428, 0.5386545658111572]",0.5386545658111572
00060632.npy,0,1,"[0.036066800355911255, 0.43994536995887756]","[0.40038082003593445, 0.5996191501617432]",0.5996191501617432
00060633.npy,0,1,"[-0.09748850017786026, 0.31638485193252563]","[0.39798372983932495, 0.602016270160675]",0.602016270160675
00060634.npy,0,1,"[-0.010531827807426453, 0.5291252732276917]","[0.36826735734939575, 0.6317326426506042]",0.6317326426506042
00060635.npy,0,1,"[-0.36289340257644653, 0.17309364676475525]","[0.36912158131599426, 0.6308783888816833]",0.6308783888816833
00060636.npy,0,1,"[-0.17005759477615356, 0.11071325093507767]","[0.43026483058929443, 0.5697352290153503]",0.5697352290153503
00060637.npy,0,1,"[-0.16563129425048828, 0.3890121281147003]","[0.3647877871990204, 0.6352121829986572]",0.6352121829986572
00060638.npy,0,1,"[-0.13017696142196655, 0.24615055322647095]","[0.4070129692554474, 0.5929870009422302]",0.5929870009422302
00060639.npy,0,1,"[-0.2847330868244171, 0.30906668305397034]","[0.3557634949684143, 0.6442365646362305]",0.6442365646362305
00060640.npy,0,1,"[-0.161589115858078, 0.42740166187286377]","[0.35686641931533813, 0.6431335210800171]",0.6431335210800171
00060641.npy,0,1,"[-0.032744091004133224, 0.4537102282047272]","[0.38072919845581055, 0.6192708015441895]",0.6192708015441895
00060642.npy,0,1,"[-0.16167786717414856, 0.3573569357395172]","[0.37307795882225037, 0.6269220113754272]",0.6269220113754272
00060643.npy,0,1,"[-0.09689567983150482, 0.35520613193511963]","[0.38886117935180664, 0.6111388802528381]",0.6111388802528381
00060644.npy,0,1,"[0.189724862575531, 0.8040710687637329]","[0.3510684072971344, 0.648931622505188]",0.648931622505188
00060645.npy,0,1,"[0.08876726776361465, 0.6069426536560059]","[0.37327900528907776, 0.6267210245132446]",0.6267210245132446
00060646.npy,0,1,"[-0.04007847234606743, 0.3403235077857971]","[0.40602996945381165, 0.5939700603485107]",0.5939700603485107
00060647.npy,0,1,"[-0.12462979555130005, 0.129812091588974]","[0.4367304742336273, 0.5632694959640503]",0.5632694959640503
00060648.npy,0,1,"[-0.12157946825027466, 0.2870062291622162]","[0.3992512822151184, 0.6007487177848816]",0.6007487177848816
00060649.npy,0,1,"[-0.24397492408752441, -0.08692993968725204]","[0.4608192443847656, 0.5391807556152344]",0.5391807556152344
00060650.npy,0,1,"[0.16767984628677368, 0.4709976017475128]","[0.42474663257598877, 0.5752533674240112]",0.5752533674240112
00060651.npy,0,1,"[-0.024971019476652145, 0.3344371020793915]","[0.41110289096832275, 0.588897168636322]",0.588897168636322
00060652.npy,0,1,"[-0.082036092877388, 0.10728263109922409]","[0.4528111517429352, 0.5471888184547424]",0.5471888184547424
00060653.npy,0,1,"[-0.10651582479476929, 0.2732485830783844]","[0.40618371963500977, 0.5938162803649902]",0.5938162803649902
00060654.npy,0,1,"[-0.0217141080647707, 0.506592333316803]","[0.37091195583343506, 0.6290879845619202]",0.6290879845619202
00060655.npy,0,1,"[-0.12235331535339355, 0.3528975546360016]","[0.3833741843700409, 0.6166257858276367]",0.6166257858276367
00060656.npy,0,1,"[0.1141320988535881, 0.508626401424408]","[0.4026359021663666, 0.5973641276359558]",0.5973641276359558
00060657.npy,0,1,"[-0.21985232830047607, 0.22523623704910278]","[0.3905291259288788, 0.6094708442687988]",0.6094708442687988
00060658.npy,0,1,"[0.08225976675748825, 0.4750133454799652]","[0.4030546247959137, 0.5969453454017639]",0.5969453454017639
00060659.npy,0,1,"[-0.2871391475200653, 0.3374050557613373]","[0.34874865412712097, 0.6512513160705566]",0.6512513160705566
00060660.npy,0,1,"[-0.25432464480400085, 0.1084737554192543]","[0.41028234362602234, 0.5897176861763]",0.5897176861763
00060661.npy,0,1,"[-0.24432072043418884, 0.11781980842351913]","[0.41044148802757263, 0.5895585417747498]",0.5895585417747498
00060662.npy,0,1,"[0.027463532984256744, 0.18996375799179077]","[0.4594641327857971, 0.5405359268188477]",0.5405359268188477
00060663.npy,0,1,"[-0.06262001395225525, 0.34858012199401855]","[0.39862439036369324, 0.6013756394386292]",0.6013756394386292
00060664.npy,0,1,"[0.10317403823137283, 0.5439426302909851]","[0.39155787229537964, 0.6084421873092651]",0.6084421873092651
00060665.npy,0,1,"[-0.18638235330581665, 0.10943154245615005]","[0.42658114433288574, 0.573418915271759]",0.573418915271759
00060666.npy,0,1,"[-0.3858174681663513, 0.29100534319877625]","[0.3369707763195038, 0.6630291938781738]",0.6630291938781738
00060667.npy,0,1,"[-0.0056460946798324585, 0.2881181538105011]","[0.4270825982093811, 0.5729174613952637]",0.5729174613952637
00060668.npy,0,1,"[-0.028650589287281036, 0.23585361242294312]","[0.43425679206848145, 0.5657432079315186]",0.5657432079315186
00060669.npy,0,1,"[-0.057614684104919434, 0.3356667160987854]","[0.4029276371002197, 0.597072422504425]",0.597072422504425
00060670.npy,0,1,"[-0.182655930519104, 0.1135076954960823]","[0.42649561166763306, 0.5735044479370117]",0.5735044479370117
00060671.npy,0,1,"[0.03559551388025284, 0.4967004954814911]","[0.38672372698783875, 0.6132763028144836]",0.6132763028144836
00060672.npy,0,1,"[-0.3698776364326477, 0.037180639803409576]","[0.3996177017688751, 0.6003822684288025]",0.6003822684288025
00060673.npy,0,1,"[-0.04914255812764168, 0.13507771492004395]","[0.45407477021217346, 0.5459252595901489]",0.5459252595901489
00060674.npy,0,1,"[-0.04973006621003151, 0.1835387647151947]","[0.4419458210468292, 0.5580542087554932]",0.5580542087554932
00060675.npy,0,1,"[0.08215717226266861, 0.4598582684993744]","[0.40668150782585144, 0.593318521976471]",0.593318521976471
00060676.npy,0,1,"[-0.05767546594142914, 0.28643256425857544]","[0.414811909198761, 0.585188090801239]",0.585188090801239
00060677.npy,0,1,"[-0.058049969375133514, 0.11142195016145706]","[0.4577331244945526, 0.542266845703125]",0.542266845703125
00060678.npy,0,1,"[0.09331537038087845, 0.6722593307495117]","[0.3591756522655487, 0.6408243775367737]",0.6408243775367737
00060679.npy,0,1,"[-0.3657323718070984, 0.2166929543018341]","[0.3583747148513794, 0.6416252851486206]",0.6416252851486206
00060680.npy,0,1,"[-0.15638363361358643, 0.3670918047428131]","[0.37203991413116455, 0.6279600262641907]",0.6279600262641907
00060681.npy,0,1,"[0.02448452264070511, 0.45020225644111633]","[0.3951493501663208, 0.6048506498336792]",0.6048506498336792
00060682.npy,0,1,"[0.007268454879522324, 0.2590566873550415]","[0.43738341331481934, 0.5626165866851807]",0.5626165866851807
00060683.npy,0,1,"[-0.06805463135242462, 0.6279940605163574]","[0.3326888680458069, 0.6673111319541931]",0.6673111319541931
00060684.npy,1,1,"[0.21457085013389587, 1.0716912746429443]","[0.29794132709503174, 0.7020586133003235]",0.7020586133003235
00060685.npy,0,1,"[-0.11230012774467468, 0.34044429659843445]","[0.3887084424495697, 0.6112915277481079]",0.6112915277481079
00060686.npy,0,1,"[-0.03234243765473366, 0.1500546634197235]","[0.45452672243118286, 0.5454732775688171]",0.5454732775688171
00060687.npy,0,1,"[-0.001709815114736557, 0.4536091983318329]","[0.3880968391895294, 0.6119031310081482]",0.6119031310081482
00060688.npy,0,1,"[0.1686285436153412, 0.3814762532711029]","[0.4469880759716034, 0.5530118942260742]",0.5530118942260742
00060689.npy,0,1,"[-0.010756619274616241, 0.5262375473976135]","[0.3688870966434479, 0.6311129331588745]",0.6311129331588745
00060690.npy,0,1,"[0.029806219041347504, 0.5760247707366943]","[0.36674219369888306, 0.6332578063011169]",0.6332578063011169
00060691.npy,0,1,"[-0.09899774193763733, -0.08068881928920746]","[0.495422899723053, 0.5045771598815918]",0.5045771598815918
00060692.npy,0,1,"[0.07026204466819763, 0.5018518567085266]","[0.3937467634677887, 0.6062532663345337]",0.6062532663345337
00060693.npy,0,1,"[-0.3374825716018677, -0.08937099575996399]","[0.4382883608341217, 0.5617116689682007]",0.5617116689682007
00060694.npy,0,1,"[-0.08907099068164825, 0.4270677864551544]","[0.373755544424057, 0.6262444257736206]",0.6262444257736206
00060695.npy,0,1,"[-0.24052268266677856, 0.12592089176177979]","[0.4094006419181824, 0.5905993580818176]",0.5905993580818176
00060696.npy,0,1,"[0.0379033237695694, 0.24569302797317505]","[0.44823870062828064, 0.551761269569397]",0.551761269569397
00060697.npy,0,1,"[-0.06869634985923767, 0.2424713671207428]","[0.4228297472000122, 0.5771702527999878]",0.5771702527999878
00060698.npy,0,1,"[0.024190306663513184, 0.34883153438568115]","[0.41954508423805237, 0.58045494556427]",0.58045494556427
00060699.npy,0,1,"[-0.20664897561073303, 0.0704181119799614]","[0.4311729669570923, 0.5688270330429077]",0.5688270330429077
00060700.npy,0,1,"[-0.1286454200744629, 0.23170879483222961]","[0.4108738303184509, 0.5891261696815491]",0.5891261696815491
00060701.npy,0,1,"[0.03725253790616989, 0.2773014008998871]","[0.44027432799339294, 0.5597257018089294]",0.5597257018089294
00060702.npy,0,1,"[-0.08796419203281403, 0.21794474124908447]","[0.4241136312484741, 0.5758863091468811]",0.5758863091468811
00060703.npy,0,1,"[-0.23882585763931274, 0.02551751583814621]","[0.43429630994796753, 0.5657036900520325]",0.5657036900520325
00060704.npy,0,1,"[-0.18232262134552002, 0.039400115609169006]","[0.44479528069496155, 0.5552046895027161]",0.5552046895027161
00060705.npy,0,1,"[0.09156381338834763, 0.3237881064414978]","[0.44220346212387085, 0.5577965974807739]",0.5577965974807739
00060706.npy,0,1,"[-0.10033415257930756, 0.27589529752731323]","[0.40703660249710083, 0.5929633975028992]",0.5929633975028992
00060707.npy,0,1,"[-0.1905187964439392, -0.028825558722019196]","[0.45966455340385437, 0.540335476398468]",0.540335476398468
00060708.npy,0,1,"[-0.15532884001731873, 0.17315328121185303]","[0.41861000657081604, 0.5813900232315063]",0.5813900232315063
00060709.npy,0,1,"[-0.13850413262844086, 0.35953250527381897]","[0.3780021667480469, 0.6219978332519531]",0.6219978332519531
00060710.npy,0,1,"[-0.13109908998012543, 0.09084468334913254]","[0.4447407126426697, 0.5552592873573303]",0.5552592873573303
00060711.npy,0,1,"[-0.07424452900886536, 0.0866020992398262]","[0.45987480878829956, 0.5401251912117004]",0.5401251912117004
00060712.npy,0,1,"[-0.1460762619972229, 0.11060138791799545]","[0.43618062138557434, 0.563819408416748]",0.563819408416748
00060713.npy,0,1,"[-0.1691461205482483, 0.15613317489624023]","[0.4193897247314453, 0.5806103348731995]",0.5806103348731995
00060714.npy,0,1,"[-0.15726053714752197, 0.26659154891967773]","[0.39559534192085266, 0.604404628276825]",0.604404628276825
00060715.npy,0,1,"[-0.1460081934928894, 0.1958615779876709]","[0.4153553545475006, 0.5846446752548218]",0.5846446752548218
00060716.npy,0,1,"[0.12734770774841309, 0.45615389943122864]","[0.4185311198234558, 0.5814688205718994]",0.5814688205718994
00060717.npy,0,1,"[-0.2555137574672699, -0.010628405958414078]","[0.4390827715396881, 0.5609171986579895]",0.5609171986579895
00060718.npy,0,1,"[-0.18546974658966064, 0.18260905146598816]","[0.409005343914032, 0.590994656085968]",0.590994656085968
00060719.npy,0,1,"[-0.055784717202186584, 0.34506288170814514]","[0.40110868215560913, 0.5988913178443909]",0.5988913178443909
00060720.npy,0,1,"[0.00027011334896087646, 0.2876814007759094]","[0.4286377429962158, 0.5713622570037842]",0.5713622570037842
00060721.npy,0,1,"[-0.5141147375106812, -0.039810966700315475]","[0.38359808921813965, 0.6164019107818604]",0.6164019107818604
00060722.npy,0,1,"[-0.017690591514110565, 0.2409188151359558]","[0.4357055723667145, 0.5642944574356079]",0.5642944574356079
00060723.npy,0,1,"[-0.180749773979187, 0.28534919023513794]","[0.3855399489402771, 0.6144599914550781]",0.6144599914550781
00060724.npy,0,1,"[-0.2665848433971405, 0.04003244638442993]","[0.42394065856933594, 0.5760593414306641]",0.5760593414306641
00060725.npy,0,1,"[-0.3419884443283081, -0.01935504376888275]","[0.42003411054611206, 0.5799658894538879]",0.5799658894538879
00060726.npy,0,1,"[-0.045927613973617554, 0.33781126141548157]","[0.4052254557609558, 0.5947745442390442]",0.5947745442390442
00060727.npy,0,1,"[-0.1000748723745346, 0.28390178084373474]","[0.4051681458950043, 0.5948318839073181]",0.5948318839073181
00060728.npy,0,1,"[-0.020860783755779266, 0.18831881880760193]","[0.44789499044418335, 0.5521050691604614]",0.5521050691604614
00060729.npy,0,1,"[-0.19668126106262207, 0.05826336145401001]","[0.43660685420036316, 0.5633931756019592]",0.5633931756019592
00060730.npy,0,1,"[-0.1461370885372162, 0.0639074444770813]","[0.44768109917640686, 0.5523189306259155]",0.5523189306259155
00060731.npy,0,1,"[0.1843181848526001, 0.509223222732544]","[0.4194808304309845, 0.5805191993713379]",0.5805191993713379
00060732.npy,0,1,"[-0.07470206916332245, 0.23868811130523682]","[0.4222874641418457, 0.5777125358581543]",0.5777125358581543
00060733.npy,1,1,"[-0.07073940336704254, 0.08616728335618973]","[0.46085360646247864, 0.5391464233398438]",0.5391464233398438
00060734.npy,0,1,"[-0.04248034209012985, 0.14142435789108276]","[0.4541529715061188, 0.5458470582962036]",0.5458470582962036
00060735.npy,1,1,"[0.186527818441391, 0.5712971687316895]","[0.40497711300849915, 0.5950229167938232]",0.5950229167938232
00060736.npy,0,1,"[-0.24559342861175537, 0.23761489987373352]","[0.38149482011795044, 0.6185051798820496]",0.6185051798820496
00060737.npy,0,1,"[-0.03538205102086067, 0.16877901554107666]","[0.44913628697395325, 0.5508637428283691]",0.5508637428283691
00060738.npy,0,1,"[0.003063708543777466, 0.43389734625816345]","[0.39392730593681335, 0.606072723865509]",0.606072723865509
00060739.npy,0,1,"[-0.15689155459403992, 0.173819899559021]","[0.4180675446987152, 0.5819324254989624]",0.5819324254989624
00060740.npy,0,1,"[-0.12309098988771439, 0.026306048035621643]","[0.4627200663089752, 0.5372799634933472]",0.5372799634933472
00060741.npy,0,1,"[0.07169709354639053, 0.11384432762861252]","[0.48946475982666016, 0.5105352401733398]",0.5105352401733398
00060742.npy,0,1,"[0.07906300574541092, 0.6430282592773438]","[0.3626304864883423, 0.6373695731163025]",0.6373695731163025
00060743.npy,0,1,"[-0.008039921522140503, 0.26030072569847107]","[0.4333145320415497, 0.5666854977607727]",0.5666854977607727
00060744.npy,0,1,"[-0.15253156423568726, 0.17891743779182434]","[0.4178881049156189, 0.5821118354797363]",0.5821118354797363
00060745.npy,0,1,"[-0.15198786556720734, 0.27259930968284607]","[0.3954195976257324, 0.6045804023742676]",0.6045804023742676
00060746.npy,0,1,"[-0.09965288639068604, 0.25324928760528564]","[0.4126788377761841, 0.5873211622238159]",0.5873211622238159
00060747.npy,0,1,"[-0.34350791573524475, -0.016812719404697418]","[0.41904494166374207, 0.5809550285339355]",0.5809550285339355
00060748.npy,0,1,"[0.1690187156200409, 0.690727174282074]","[0.37245282530784607, 0.6275472044944763]",0.6275472044944763
00060749.npy,0,1,"[-0.08872268348932266, 0.13938841223716736]","[0.44321826100349426, 0.5567817687988281]",0.5567817687988281
00060750.npy,0,1,"[-0.26420310139656067, 0.018790148198604584]","[0.42972010374069214, 0.5702798962593079]",0.5702798962593079
00060751.npy,0,1,"[-0.11661957949399948, 0.09889829903841019]","[0.4463281035423279, 0.5536718368530273]",0.5536718368530273
00060752.npy,0,1,"[0.028211824595928192, 0.41168874502182007]","[0.40528857707977295, 0.594711422920227]",0.594711422920227
00060753.npy,0,1,"[-0.31162476539611816, 0.020902588963508606]","[0.4176258146762848, 0.5823741555213928]",0.5823741555213928
00060754.npy,0,1,"[-0.04979293793439865, 0.08457116037607193]","[0.4664594233036041, 0.5335406064987183]",0.5335406064987183
00060755.npy,0,1,"[-0.009095482528209686, 0.29163041710853577]","[0.42538005113601685, 0.5746199488639832]",0.5746199488639832
00060756.npy,0,1,"[-0.4190247058868408, 0.0772882029414177]","[0.3784075677394867, 0.6215924620628357]",0.6215924620628357
00060757.npy,0,1,"[-0.21830514073371887, 0.15222877264022827]","[0.40841203927993774, 0.5915879607200623]",0.5915879607200623
00060758.npy,0,1,"[-0.35487088561058044, 0.017693832516670227]","[0.4079214334487915, 0.5920785665512085]",0.5920785665512085
00060759.npy,0,1,"[0.07786981016397476, 0.6318095326423645]","[0.36495086550712585, 0.6350491642951965]",0.6350491642951965
00060760.npy,0,1,"[-0.19069823622703552, 0.09768148511648178]","[0.42840060591697693, 0.5715994238853455]",0.5715994238853455
00060761.npy,0,1,"[-0.11419244110584259, 0.3686601221561432]","[0.3815787434577942, 0.618421196937561]",0.618421196937561
00060762.npy,0,1,"[-0.000888187438249588, 0.5847960710525513]","[0.35762569308280945, 0.6423742771148682]",0.6423742771148682
00060763.npy,0,1,"[0.014841467142105103, 0.19739696383476257]","[0.4544874429702759, 0.5455125570297241]",0.5455125570297241
00060764.npy,0,1,"[0.11006628721952438, 0.7090581059455872]","[0.35457438230514526, 0.6454256176948547]",0.6454256176948547
00060765.npy,0,1,"[-0.23512467741966248, 0.04564779996871948]","[0.430264413356781, 0.569735586643219]",0.569735586643219
00060766.npy,0,1,"[-0.21875622868537903, 0.40179893374443054]","[0.3496552109718323, 0.6503448486328125]",0.6503448486328125
00060767.npy,0,1,"[0.10360405594110489, 0.2514309883117676]","[0.46311041712760925, 0.5368896126747131]",0.5368896126747131
00060768.npy,0,1,"[0.016559965908527374, 0.3192988634109497]","[0.42488807439804077, 0.5751119256019592]",0.5751119256019592
00060769.npy,0,1,"[0.22402411699295044, 0.7724124789237976]","[0.36623838543891907, 0.6337615847587585]",0.6337615847587585
00060770.npy,0,1,"[0.13043347001075745, 0.4364587962627411]","[0.42408522963523865, 0.5759148001670837]",0.5759148001670837
00060771.npy,0,1,"[-0.17144271731376648, 0.05055227875709534]","[0.4447280764579773, 0.5552719831466675]",0.5552719831466675
00060772.npy,0,1,"[-0.12050826102495193, 0.2931936979293823]","[0.3980247974395752, 0.6019752025604248]",0.6019752025604248
00060773.npy,0,1,"[0.011345434933900833, 0.6310425400733948]","[0.3498503267765045, 0.6501496434211731]",0.6501496434211731
00060774.npy,0,1,"[-0.2121068239212036, 0.17209643125534058]","[0.4051135182380676, 0.5948864221572876]",0.5948864221572876
00060775.npy,0,1,"[0.13050657510757446, 0.3674689829349518]","[0.44103506207466125, 0.5589649081230164]",0.5589649081230164
00060776.npy,0,1,"[-0.2968628704547882, 0.041380852460861206]","[0.41623616218566895, 0.583763837814331]",0.583763837814331
00060777.npy,0,1,"[-0.029790636152029037, 0.09403177350759506]","[0.46908387541770935, 0.5309160947799683]",0.5309160947799683
00060778.npy,0,1,"[-0.06683811545372009, 0.26974502205848694]","[0.4166397452354431, 0.5833603143692017]",0.5833603143692017
00060779.npy,0,1,"[-0.2172074019908905, 0.11562288552522659]","[0.4175521433353424, 0.58244788646698]",0.58244788646698
00060780.npy,0,1,"[-0.028366880491375923, 0.23521646857261658]","[0.43448302149772644, 0.5655169486999512]",0.5655169486999512
00060781.npy,0,1,"[0.0333467572927475, 0.3262828290462494]","[0.42728522419929504, 0.5727147459983826]",0.5727147459983826
00060782.npy,0,1,"[0.07152456790208817, 0.10099973529577255]","[0.492631733417511, 0.507368266582489]",0.507368266582489
00060783.npy,0,1,"[-0.09963294118642807, 0.3942628800868988]","[0.3789762556552887, 0.6210237741470337]",0.6210237741470337
00060784.npy,0,1,"[-0.16533201932907104, 0.013388127088546753]","[0.455438494682312, 0.544561505317688]",0.544561505317688
00060785.npy,0,1,"[0.04277591407299042, 0.391722708940506]","[0.41363784670829773, 0.5863621830940247]",0.5863621830940247
00060786.npy,0,1,"[-0.10115833580493927, 0.22268536686897278]","[0.4197392761707306, 0.580260694026947]",0.580260694026947
00060787.npy,0,1,"[-0.11999630928039551, 0.06627925485372543]","[0.4535652995109558, 0.5464347004890442]",0.5464347004890442
00060788.npy,0,1,"[-0.042699091136455536, 0.30855533480644226]","[0.413078248500824, 0.5869216918945312]",0.5869216918945312
00060789.npy,0,1,"[-0.02203093282878399, 0.6062211990356445]","[0.3479069471359253, 0.6520929932594299]",0.6520929932594299
00060790.npy,0,1,"[-0.0695745199918747, 0.3280254304409027]","[0.4018891155719757, 0.5981108546257019]",0.5981108546257019
00060791.npy,0,1,"[-0.1587165892124176, 0.4108593165874481]","[0.3613346815109253, 0.6386653184890747]",0.6386653184890747
00060792.npy,0,1,"[0.08866288512945175, 0.2818547487258911]","[0.4518516957759857, 0.5481482744216919]",0.5481482744216919
00060793.npy,0,1,"[0.04028382897377014, 0.5487146377563477]","[0.3755614459514618, 0.6244385838508606]",0.6244385838508606
00060794.npy,0,1,"[0.026765622198581696, 0.45539239048957825]","[0.39445430040359497, 0.605545699596405]",0.605545699596405
00060795.npy,0,1,"[0.188716322183609, 0.4273037612438202]","[0.44063448905944824, 0.5593655109405518]",0.5593655109405518
00060796.npy,0,1,"[0.41003209352493286, 0.7542568445205688]","[0.41478362679481506, 0.5852164030075073]",0.5852164030075073
00060797.npy,0,1,"[-0.053660936653614044, 0.06569511443376541]","[0.47019636631011963, 0.5298036336898804]",0.5298036336898804
00060798.npy,0,1,"[0.04778658598661423, 0.4382750988006592]","[0.40359970927238464, 0.5964003205299377]",0.5964003205299377
00060799.npy,0,1,"[-0.05324973165988922, 0.2369798719882965]","[0.42794767022132874, 0.5720523595809937]",0.5720523595809937
00060800.npy,0,1,"[-0.2913384437561035, 0.3636057674884796]","[0.34187623858451843, 0.6581237316131592]",0.6581237316131592
00060801.npy,0,1,"[-0.1329074501991272, 0.2167741358280182]","[0.4134596586227417, 0.5865403413772583]",0.5865403413772583
00060802.npy,0,1,"[-0.0746878907084465, 0.3641783595085144]","[0.3920111656188965, 0.6079888343811035]",0.6079888343811035
00060803.npy,0,1,"[-0.08993016183376312, 0.23724108934402466]","[0.4189290702342987, 0.5810708999633789]",0.5810708999633789
00060804.npy,1,1,"[-0.055984169244766235, 0.08288838714361191]","[0.4653375744819641, 0.5346624851226807]",0.5346624851226807
00060805.npy,0,1,"[-0.25305190682411194, 0.45689186453819275]","[0.32961127161979675, 0.6703887581825256]",0.6703887581825256
00060806.npy,1,1,"[-0.23672205209732056, 0.028353720903396606]","[0.434116393327713, 0.5658836364746094]",0.5658836364746094
00060807.npy,0,1,"[-0.010419514030218124, 0.4912548363208771]","[0.37714725732803345, 0.6228527426719666]",0.6228527426719666
00060808.npy,0,1,"[0.07101934403181076, 0.5066813826560974]","[0.3927750885486603, 0.6072248816490173]",0.6072248816490173
00060809.npy,0,1,"[0.03314889967441559, 0.22433140873908997]","[0.45234939455986023, 0.5476505756378174]",0.5476505756378174
00060810.npy,0,1,"[-0.014508668333292007, 0.20174863934516907]","[0.4461454153060913, 0.5538545846939087]",0.5538545846939087
00060811.npy,1,1,"[0.08541367202997208, 0.4475310146808624]","[0.4104471206665039, 0.5895528793334961]",0.5895528793334961
00060812.npy,0,1,"[0.036095261573791504, 0.1913052499294281]","[0.46127521991729736, 0.5387247800827026]",0.5387247800827026
00060813.npy,0,1,"[0.002440202981233597, 0.21128711104393005]","[0.4479772448539734, 0.5520227551460266]",0.5520227551460266
00060814.npy,0,1,"[-0.18263456225395203, 0.12331781536340714]","[0.4241030216217041, 0.5758969783782959]",0.5758969783782959
00060815.npy,1,1,"[-0.07340139895677567, 0.35262447595596313]","[0.3950757086277008, 0.6049242615699768]",0.6049242615699768
00060816.npy,0,1,"[-0.2866344153881073, 0.10888964682817459]","[0.40238821506500244, 0.5976117849349976]",0.5976117849349976
00060817.npy,0,1,"[0.16334515810012817, 0.3740774393081665]","[0.44751107692718506, 0.5524889826774597]",0.5524889826774597
00060818.npy,0,1,"[-0.0013993456959724426, 0.582859218120575]","[0.357953280210495, 0.6420466899871826]",0.6420466899871826
00060819.npy,0,1,"[-0.1038588285446167, 0.20983299612998962]","[0.4222138822078705, 0.5777861475944519]",0.5777861475944519
00060820.npy,0,1,"[-0.07738791406154633, 0.09986362606287003]","[0.4558027684688568, 0.5441972017288208]",0.5441972017288208
00060821.npy,0,1,"[-0.002558339387178421, 0.3931586742401123]","[0.4023418128490448, 0.5976581573486328]",0.5976581573486328
00060822.npy,0,1,"[0.011291835457086563, 0.30358314514160156]","[0.4274429976940155, 0.5725569725036621]",0.5725569725036621
00060823.npy,0,1,"[0.1572900414466858, 0.3177136778831482]","[0.4599798917770386, 0.5400201082229614]",0.5400201082229614
00060824.npy,0,1,"[-0.1629597395658493, 0.09247037023305893]","[0.4364874064922333, 0.5635125637054443]",0.5635125637054443
00060825.npy,0,1,"[-0.1964055597782135, 0.0842527374625206]","[0.43029239773750305, 0.5697075724601746]",0.5697075724601746
00060826.npy,0,1,"[-0.08433938026428223, 0.22508391737937927]","[0.4232555329799652, 0.5767444968223572]",0.5767444968223572
00060827.npy,0,1,"[-0.11930496245622635, 0.13329041004180908]","[0.43718481063842773, 0.5628151893615723]",0.5628151893615723
00060828.npy,0,1,"[-0.15967172384262085, -0.007451992481946945]","[0.46201837062835693, 0.5379816293716431]",0.5379816293716431
00060829.npy,0,1,"[-0.09318405389785767, 0.41744333505630493]","[0.3750464618206024, 0.62495356798172]",0.62495356798172
00060830.npy,0,1,"[0.22349712252616882, 0.8893753886222839]","[0.339420348405838, 0.6605796217918396]",0.6605796217918396
00060831.npy,0,1,"[-0.0496458075940609, 0.24174952507019043]","[0.42766228318214417, 0.5723376870155334]",0.5723376870155334
00060832.npy,0,1,"[-0.03159197047352791, 0.4477936327457428]","[0.38239720463752747, 0.6176027655601501]",0.6176027655601501
00060833.npy,0,1,"[-0.05336432904005051, 0.26327139139175415]","[0.42149585485458374, 0.5785040855407715]",0.5785040855407715
00060834.npy,0,1,"[-0.40383538603782654, -0.004696942865848541]","[0.4015193581581116, 0.5984806418418884]",0.5984806418418884
00060835.npy,0,1,"[-0.224455326795578, 0.17196553945541382]","[0.4021725654602051, 0.5978274345397949]",0.5978274345397949
00060836.npy,0,1,"[0.18206337094306946, 0.4301314949989319]","[0.4382990300655365, 0.5617009401321411]",0.5617009401321411
00060837.npy,0,1,"[0.11633434146642685, 0.3759765028953552]","[0.4354516863822937, 0.5645483136177063]",0.5645483136177063
00060838.npy,0,1,"[-0.373855859041214, 0.12530261278152466]","[0.37773844599723816, 0.6222615242004395]",0.6222615242004395
00060839.npy,0,1,"[-0.23866590857505798, 0.22258126735687256]","[0.38669002056121826, 0.6133099794387817]",0.6133099794387817
00060840.npy,0,1,"[-0.19383540749549866, -0.059668660163879395]","[0.46650856733322144, 0.5334914326667786]",0.5334914326667786
00060841.npy,0,1,"[0.012774139642715454, 0.32291775941848755]","[0.4230796694755554, 0.5769202709197998]",0.5769202709197998
00060842.npy,0,1,"[0.02372555434703827, 0.6785484552383423]","[0.3419035077095032, 0.658096432685852]",0.658096432685852
00060843.npy,0,1,"[-0.49552902579307556, 0.23822084069252014]","[0.32437238097190857, 0.675627589225769]",0.675627589225769
00060844.npy,0,1,"[-0.12280721962451935, 0.2321537435054779]","[0.4121799170970917, 0.5878200531005859]",0.5878200531005859
00060845.npy,0,1,"[-0.09886932373046875, 0.35875117778778076]","[0.3875504732131958, 0.6124495267868042]",0.6124495267868042
00060846.npy,0,1,"[-0.18654930591583252, 0.22533228993415833]","[0.3984610438346863, 0.6015390157699585]",0.6015390157699585
00060847.npy,0,1,"[-0.35808229446411133, 0.11702746897935867]","[0.3834075331687927, 0.6165924072265625]",0.6165924072265625
00060848.npy,0,1,"[-0.0873807817697525, 0.45936325192451477]","[0.36662015318870544, 0.6333798170089722]",0.6333798170089722
00060849.npy,0,1,"[-0.28213682770729065, -0.004335120320320129]","[0.43099281191825867, 0.5690072178840637]",0.5690072178840637
00060850.npy,0,1,"[-0.08881047368049622, 0.02822382003068924]","[0.47077476978302, 0.52922523021698]",0.52922523021698
00060851.npy,0,1,"[0.2500147223472595, 0.6317000985145569]","[0.40572047233581543, 0.5942794680595398]",0.5942794680595398
00060852.npy,1,1,"[-0.15101760625839233, 0.11260270327329636]","[0.4344739615917206, 0.565526008605957]",0.565526008605957
00060853.npy,1,1,"[0.008489664644002914, 0.12903127074241638]","[0.46990102529525757, 0.5300989151000977]",0.5300989151000977
00060854.npy,1,1,"[0.28958773612976074, 0.30999556183815]","[0.4948982000350952, 0.5051017999649048]",0.5051017999649048
00060855.npy,0,1,"[-0.6169224977493286, -0.1968134343624115]","[0.3964906334877014, 0.6035093665122986]",0.6035093665122986
00060856.npy,0,1,"[-0.09824228286743164, 0.4370862543582916]","[0.36927494406700134, 0.630725085735321]",0.630725085735321
00060857.npy,0,1,"[0.023921482264995575, 0.3971260190010071]","[0.4077669084072113, 0.5922330617904663]",0.5922330617904663
00060858.npy,0,1,"[-0.16161057353019714, 0.21370011568069458]","[0.40725839138031006, 0.5927416086196899]",0.5927416086196899
00060859.npy,0,1,"[-0.13617843389511108, 0.495828777551651]","[0.3470555245876312, 0.6529444456100464]",0.6529444456100464
00060860.npy,0,1,"[-0.19719240069389343, 0.346802681684494]","[0.3672587275505066, 0.6327412724494934]",0.6327412724494934
00060861.npy,0,1,"[-0.05921483784914017, 0.7007969617843628]","[0.318643718957901, 0.6813563108444214]",0.6813563108444214
00060862.npy,0,1,"[-0.17477785050868988, 0.26646772027015686]","[0.39144420623779297, 0.608555793762207]",0.608555793762207
00060863.npy,1,1,"[-0.0024233832955360413, 0.3755730986595154]","[0.4066102206707001, 0.5933898091316223]",0.5933898091316223
00060864.npy,0,1,"[-0.013257920742034912, 0.334794282913208]","[0.41385483741760254, 0.5861451625823975]",0.5861451625823975
00060865.npy,1,1,"[0.1616186499595642, 0.4294324815273285]","[0.4334438741207123, 0.5665561556816101]",0.5665561556816101
00060866.npy,0,1,"[-0.18692824244499207, 0.39575067162513733]","[0.35831642150878906, 0.6416836380958557]",0.6416836380958557
00060867.npy,0,1,"[-0.2581123113632202, 0.3565038740634918]","[0.3510069251060486, 0.6489930748939514]",0.6489930748939514
00060868.npy,1,1,"[0.20908698439598083, 0.3009742796421051]","[0.47704431414604187, 0.5229556560516357]",0.5229556560516357
00060869.npy,0,1,"[-0.1157914325594902, 0.26373031735420227]","[0.4062422215938568, 0.5937577486038208]",0.5937577486038208
00060870.npy,0,1,"[-0.05888571962714195, 0.25934332609176636]","[0.4211074113845825, 0.5788926482200623]",0.5788926482200623
00060871.npy,0,1,"[-0.09536989033222198, 0.3261295258998871]","[0.39615800976753235, 0.60384202003479]",0.60384202003479
00060872.npy,0,1,"[-0.18039610981941223, 0.12561610341072083]","[0.42408841848373413, 0.5759115815162659]",0.5759115815162659
00060873.npy,0,1,"[-0.004689972847700119, 0.2760223150253296]","[0.4302791655063629, 0.5697208046913147]",0.5697208046913147
00060874.npy,0,1,"[-0.2323138415813446, -0.05130922794342041]","[0.4548719823360443, 0.5451280474662781]",0.5451280474662781
00060875.npy,0,1,"[-0.16015705466270447, 0.122405044734478]","[0.4298257529735565, 0.5701742172241211]",0.5701742172241211
00060876.npy,0,1,"[-0.1775413453578949, -0.05542506277561188]","[0.4695087969303131, 0.5304911732673645]",0.5304911732673645
00060877.npy,0,1,"[0.011647429317235947, 0.45712557435035706]","[0.39043641090393066, 0.6095635890960693]",0.6095635890960693
00060878.npy,0,1,"[-0.1197095736861229, 0.3745489716529846]","[0.37889087200164795, 0.621109127998352]",0.621109127998352
00060879.npy,0,1,"[0.012437596917152405, 0.5021737813949585]","[0.3799557387828827, 0.6200442910194397]",0.6200442910194397
00060880.npy,0,1,"[-0.31662923097610474, 0.22159701585769653]","[0.3686002790927887, 0.6313996911048889]",0.6313996911048889
00060881.npy,0,1,"[-0.1376003623008728, 0.48544207215309143]","[0.3490898311138153, 0.6509101986885071]",0.6509101986885071
00060882.npy,0,1,"[-0.02507796697318554, 0.20008930563926697]","[0.4439448118209839, 0.5560551285743713]",0.5560551285743713
00060883.npy,0,1,"[-0.0816936045885086, 0.22372937202453613]","[0.4242323637008667, 0.5757676959037781]",0.5757676959037781
00060884.npy,0,1,"[-0.17192243039608002, 0.052978575229644775]","[0.44401055574417114, 0.5559895038604736]",0.5559895038604736
00060885.npy,0,1,"[0.05076766014099121, 0.5280481576919556]","[0.38289451599121094, 0.6171054840087891]",0.6171054840087891
00060886.npy,0,1,"[-0.008490081876516342, 0.31692594289779663]","[0.41935640573501587, 0.5806435942649841]",0.5806435942649841
00060887.npy,0,1,"[-0.22583714127540588, 0.13010141253471375]","[0.41194307804107666, 0.5880568623542786]",0.5880568623542786
00060888.npy,0,1,"[0.03749284893274307, 0.5332451462745667]","[0.37853941321372986, 0.6214606165885925]",0.6214606165885925
00060889.npy,0,1,"[-0.03384270519018173, 0.5156542062759399]","[0.3659811317920685, 0.6340188384056091]",0.6340188384056091
00060890.npy,0,1,"[-0.25955477356910706, -0.07985447347164154]","[0.45519542694091797, 0.544804573059082]",0.544804573059082
00060891.npy,0,1,"[0.09478283673524857, 0.774408221244812]","[0.3363448977470398, 0.6636550426483154]",0.6636550426483154
00060892.npy,1,1,"[0.08694622665643692, 0.21889787912368774]","[0.4670598804950714, 0.532940149307251]",0.532940149307251
00060893.npy,0,1,"[0.08656536787748337, 0.1608056128025055]","[0.4814484417438507, 0.5185515284538269]",0.5185515284538269
00060894.npy,0,1,"[-0.10920105874538422, 0.23715776205062866]","[0.4142656624317169, 0.5857343077659607]",0.5857343077659607
00060895.npy,0,1,"[-0.08550722897052765, 0.13073530793190002]","[0.4461490511894226, 0.5538509488105774]",0.5538509488105774
00060896.npy,0,1,"[-0.053805261850357056, 0.513092041015625]","[0.36195307970046997, 0.63804692029953]",0.63804692029953
00060897.npy,0,1,"[-0.2148386836051941, 0.20995670557022095]","[0.39536982774734497, 0.604630172252655]",0.604630172252655
00060898.npy,0,1,"[-0.13196377456188202, 0.27862852811813354]","[0.3987700939178467, 0.6012299060821533]",0.6012299060821533
00060899.npy,0,1,"[-0.35014939308166504, -0.07354697585105896]","[0.43128693103790283, 0.5687130689620972]",0.5687130689620972
00060900.npy,0,1,"[0.06675370782613754, 0.6232025027275085]","[0.36436954140663147, 0.6356304287910461]",0.6356304287910461
00060901.npy,0,1,"[0.22614413499832153, 0.2286510169506073]","[0.49937328696250916, 0.5006267428398132]",0.5006267428398132
00060902.npy,0,1,"[-0.008998885750770569, 0.27048277854919434]","[0.43058085441589355, 0.5694191455841064]",0.5694191455841064
00060903.npy,0,1,"[-0.09887029975652695, 0.03434375673532486]","[0.46674561500549316, 0.5332543253898621]",0.5332543253898621
00060904.npy,0,1,"[0.030790016055107117, 0.32596278190612793]","[0.4267379641532898, 0.5732620358467102]",0.5732620358467102
00060905.npy,0,1,"[-0.3156602084636688, -0.04675113782286644]","[0.4331749379634857, 0.5668250322341919]",0.5668250322341919
00060906.npy,0,1,"[-0.10770083963871002, 0.05595022439956665]","[0.45917829871177673, 0.5408216714859009]",0.5408216714859009
00060907.npy,0,1,"[-0.016982462257146835, 0.45442643761634827]","[0.38428282737731934, 0.6157171726226807]",0.6157171726226807
00060908.npy,0,1,"[-0.10541379451751709, 0.2674114406108856]","[0.40785855054855347, 0.5921415090560913]",0.5921415090560913
00060909.npy,0,1,"[-0.3180260956287384, 0.0570714995265007]","[0.4073098301887512, 0.5926901698112488]",0.5926901698112488
00060910.npy,0,1,"[0.17934396862983704, 0.2939699590206146]","[0.47137486934661865, 0.5286251902580261]",0.5286251902580261
00060911.npy,1,1,"[-0.05608806386590004, 0.25457459688186646]","[0.4229529798030853, 0.5770469903945923]",0.5770469903945923
00060912.npy,0,1,"[-0.018020007759332657, 0.17956361174583435]","[0.45076417922973633, 0.5492358207702637]",0.5492358207702637
00060913.npy,0,1,"[-0.11519735306501389, 0.06154976785182953]","[0.45592787861824036, 0.5440720915794373]",0.5440720915794373
00060914.npy,0,1,"[0.05876212567090988, 0.4327847957611084]","[0.40756934881210327, 0.5924306511878967]",0.5924306511878967
00060915.npy,0,1,"[-0.226282000541687, 0.09577158838510513]","[0.42017534375190735, 0.5798246264457703]",0.5798246264457703
00060916.npy,0,1,"[-0.17558936774730682, -0.014421049505472183]","[0.45979487895965576, 0.5402050614356995]",0.5402050614356995
00060917.npy,0,1,"[0.28423094749450684, 0.40113821625709534]","[0.47080641984939575, 0.5291935801506042]",0.5291935801506042
00060918.npy,0,1,"[-0.17976868152618408, 0.15804797410964966]","[0.4163399338722229, 0.5836600661277771]",0.5836600661277771
00060919.npy,0,1,"[-0.07427281141281128, 0.09049341827630997]","[0.45890137553215027, 0.5410985946655273]",0.5410985946655273
00060920.npy,0,1,"[-0.20586451888084412, 0.07486752420663834]","[0.4302743375301361, 0.5697256922721863]",0.5697256922721863
00060921.npy,0,1,"[-0.05035514757037163, 0.3126162588596344]","[0.4102404713630676, 0.5897595882415771]",0.5897595882415771
00060922.npy,1,1,"[-0.10398067533969879, 0.06122448295354843]","[0.45879238843917847, 0.5412076115608215]",0.5412076115608215
00060923.npy,0,1,"[-0.02131461910903454, 0.14597472548484802]","[0.4582749307155609, 0.5417250990867615]",0.5417250990867615
00060924.npy,0,1,"[0.14214631915092468, 0.45086273550987244]","[0.4234280586242676, 0.5765718817710876]",0.5765718817710876
00060925.npy,0,1,"[-0.154658704996109, 0.1378774642944336]","[0.42738309502601624, 0.5726168751716614]",0.5726168751716614
00060926.npy,1,1,"[-0.3060474395751953, 0.08015192300081253]","[0.404632568359375, 0.595367431640625]",0.595367431640625
00060927.npy,0,1,"[0.21858301758766174, 0.5054730176925659]","[0.4287654161453247, 0.5712345838546753]",0.5712345838546753
00060928.npy,0,1,"[-0.07558498531579971, 0.4987175166606903]","[0.36024463176727295, 0.639755368232727]",0.639755368232727
00060929.npy,0,1,"[-0.0969066470861435, 0.34717288613319397]","[0.3907693326473236, 0.6092306971549988]",0.6092306971549988
00060930.npy,1,1,"[0.59011310338974, 0.7868657112121582]","[0.450969934463501, 0.549030065536499]",0.549030065536499
00060931.npy,0,1,"[-0.1790720522403717, 0.28936031460762024]","[0.38498735427856445, 0.6150126457214355]",0.6150126457214355
00060932.npy,0,1,"[-0.07914265990257263, 0.20338395237922668]","[0.4298344552516937, 0.5701655745506287]",0.5701655745506287
00060933.npy,0,1,"[-0.3529093265533447, -0.14069348573684692]","[0.4471442401409149, 0.5528557300567627]",0.5528557300567627
00060934.npy,0,1,"[-0.030820511281490326, 0.27047500014305115]","[0.42524081468582153, 0.5747591853141785]",0.5747591853141785
00060935.npy,0,1,"[-0.15427406132221222, 0.17867663502693176]","[0.4175228476524353, 0.5824771523475647]",0.5824771523475647
00060936.npy,0,1,"[0.002921260893344879, 0.2617255449295044]","[0.43565765023231506, 0.5643423199653625]",0.5643423199653625
00060937.npy,0,1,"[-0.22652208805084229, -0.11283004283905029]","[0.4716075658798218, 0.5283924341201782]",0.5283924341201782
00060938.npy,0,1,"[-0.022014474496245384, 0.45605579018592834]","[0.3827079236507416, 0.6172921061515808]",0.6172921061515808
00060939.npy,1,1,"[-0.17276766896247864, 0.2300993800163269]","[0.40062370896339417, 0.5993762612342834]",0.5993762612342834
00060940.npy,0,1,"[0.10249610990285873, 0.9231922030448914]","[0.3056159019470215, 0.6943840384483337]",0.6943840384483337
00060941.npy,1,1,"[0.011521957814693451, 0.27832233905792236]","[0.4336927533149719, 0.5663071870803833]",0.5663071870803833
00060942.npy,1,1,"[-0.06157747656106949, 0.08125696331262589]","[0.46435198187828064, 0.5356480479240417]",0.5356480479240417
00060943.npy,0,1,"[0.16134396195411682, 0.3409428894519806]","[0.4552205502986908, 0.5447794198989868]",0.5447794198989868
00060944.npy,0,1,"[0.1872839331626892, 1.2849323749542236]","[0.25018078088760376, 0.7498192191123962]",0.7498192191123962
00060945.npy,1,1,"[0.23632538318634033, 0.384245365858078]","[0.463087260723114, 0.5369126796722412]",0.5369126796722412
00060946.npy,1,1,"[-0.05559505522251129, 0.44008585810661316]","[0.3785562217235565, 0.6214438080787659]",0.6214438080787659
00060947.npy,1,1,"[-0.15508174896240234, 0.14881640672683716]","[0.4246048629283905, 0.5753951668739319]",0.5753951668739319
00060948.npy,0,1,"[-0.12688323855400085, 0.18032053112983704]","[0.4237973988056183, 0.5762025713920593]",0.5762025713920593
00060949.npy,1,1,"[0.22754186391830444, 0.5166386365890503]","[0.42822501063346863, 0.571774959564209]",0.571774959564209
00060950.npy,0,1,"[0.01457010954618454, 0.3838469088077545]","[0.40871578454971313, 0.5912842154502869]",0.5912842154502869
00060951.npy,0,1,"[0.29518431425094604, 0.8010643124580383]","[0.3761598467826843, 0.6238401532173157]",0.6238401532173157
00060952.npy,0,1,"[-0.39761170744895935, 0.089211605489254]","[0.38064220547676086, 0.6193578243255615]",0.6193578243255615
00060953.npy,0,1,"[0.055901043117046356, 0.2758176922798157]","[0.44524136185646057, 0.5547586679458618]",0.5547586679458618
00060954.npy,1,1,"[-0.08920029550790787, 0.14922389388084412]","[0.44067472219467163, 0.5593252778053284]",0.5593252778053284
00060955.npy,1,1,"[0.14186552166938782, 0.640827476978302]","[0.3777846693992615, 0.6222153902053833]",0.6222153902053833
00060956.npy,0,1,"[-0.2482428252696991, 0.27948078513145447]","[0.3710479736328125, 0.6289520263671875]",0.6289520263671875
00060957.npy,0,1,"[-0.2556401491165161, 0.434744268655777]","[0.3339475691318512, 0.6660524606704712]",0.6660524606704712
00060958.npy,1,1,"[-0.1292935460805893, 0.035130180418491364]","[0.45898643136024475, 0.5410135984420776]",0.5410135984420776
00060959.npy,1,1,"[0.0390855148434639, 0.33613505959510803]","[0.4262789189815521, 0.5737211108207703]",0.5737211108207703
00060960.npy,0,1,"[-0.11927963048219681, -0.043581146746873856]","[0.4810844361782074, 0.518915593624115]",0.518915593624115
00060961.npy,0,1,"[-0.20024803280830383, 0.270841509103775]","[0.38435837626457214, 0.6156415939331055]",0.6156415939331055
00060962.npy,0,1,"[-0.06506866216659546, 0.4951781928539276]","[0.36349037289619446, 0.6365096569061279]",0.6365096569061279
00060963.npy,0,1,"[-0.23116573691368103, 0.052220575511455536]","[0.4296237826347351, 0.5703762173652649]",0.5703762173652649
00060964.npy,0,1,"[-0.09730075299739838, 0.0773167833685875]","[0.4564562141895294, 0.543543815612793]",0.543543815612793
00060965.npy,0,1,"[0.09539105743169785, 0.21052449941635132]","[0.4712483882904053, 0.5287516117095947]",0.5287516117095947
00060966.npy,0,1,"[-0.035534750670194626, 0.24071213603019714]","[0.43137413263320923, 0.5686258673667908]",0.5686258673667908
00060967.npy,0,1,"[-0.25768202543258667, 0.25344616174697876]","[0.37492913007736206, 0.6250709295272827]",0.6250709295272827
00060968.npy,0,1,"[-0.13277366757392883, 0.27563828229904175]","[0.3992929458618164, 0.6007069945335388]",0.6007069945335388
00060969.npy,0,1,"[-0.02491212822496891, 0.5497856140136719]","[0.36015352606773376, 0.6398464441299438]",0.6398464441299438
00063359.npy,1,1,"[-0.08680752664804459, 0.3324739336967468]","[0.39668869972229004, 0.60331130027771]",0.60331130027771
00063360.npy,1,1,"[-0.1347479224205017, 0.5452197790145874]","[0.33626851439476013, 0.6637315154075623]",0.6637315154075623
00063361.npy,1,1,"[-0.09474492073059082, 0.18330278992652893]","[0.4309324622154236, 0.5690675377845764]",0.5690675377845764
00063362.npy,1,1,"[-0.3301013708114624, 0.08837365359067917]","[0.39688172936439514, 0.6031183004379272]",0.6031183004379272
00063363.npy,1,1,"[0.13365843892097473, 0.679592490196228]","[0.3668082356452942, 0.6331917643547058]",0.6331917643547058
00063364.npy,1,1,"[-0.06332571059465408, 0.2641560137271881]","[0.4188534915447235, 0.5811464786529541]",0.5811464786529541
00063365.npy,1,1,"[-0.11050880700349808, 0.21023714542388916]","[0.4204939603805542, 0.5795060396194458]",0.5795060396194458
00063366.npy,1,1,"[0.12089521437883377, 0.7805714011192322]","[0.3408123254776001, 0.6591876745223999]",0.6591876745223999
00063367.npy,1,1,"[0.1730877161026001, 0.7284854054450989]","[0.36461302638053894, 0.6353870034217834]",0.6353870034217834
00063368.npy,1,1,"[-0.2516782879829407, 0.005446538329124451]","[0.43607062101364136, 0.5639293789863586]",0.5639293789863586
00063369.npy,0,1,"[-0.1792786717414856, 0.22610929608345032]","[0.40001851320266724, 0.5999815464019775]",0.5999815464019775
00063370.npy,1,1,"[-0.06034006178379059, 0.28654944896698]","[0.41413694620132446, 0.5858631134033203]",0.5858631134033203
00063371.npy,1,1,"[0.010248061269521713, 0.3298007547855377]","[0.42078477144241333, 0.5792152285575867]",0.5792152285575867
00063372.npy,0,1,"[-0.1768072545528412, 0.31474632024765015]","[0.37952765822410583, 0.6204723715782166]",0.6204723715782166
00063373.npy,1,1,"[0.0073510147631168365, 0.18970027565956116]","[0.45453858375549316, 0.5454614162445068]",0.5454614162445068
00063374.npy,0,1,"[-0.051198434084653854, 0.2089110016822815]","[0.4353368282318115, 0.5646631717681885]",0.5646631717681885
00063375.npy,1,1,"[-0.23130092024803162, 0.2528592050075531]","[0.38127025961875916, 0.6187297701835632]",0.6187297701835632
00063376.npy,1,1,"[-0.11966522783041, 0.042455822229385376]","[0.45955830812454224, 0.5404417514801025]",0.5404417514801025
00063377.npy,1,1,"[0.032808586955070496, 0.5256044864654541]","[0.379235178232193, 0.6207648515701294]",0.6207648515701294
00063378.npy,1,1,"[-0.001969423145055771, 0.4358844757080078]","[0.39225247502326965, 0.6077475547790527]",0.6077475547790527
00063379.npy,1,1,"[-0.023319782689213753, 0.1555519998073578]","[0.45540091395378113, 0.5445991158485413]",0.5445991158485413
00063380.npy,1,1,"[-0.17201179265975952, 0.023257888853549957]","[0.45133712887763977, 0.5486629009246826]",0.5486629009246826
00063381.npy,1,1,"[-0.1419932246208191, 0.17866727709770203]","[0.4205147624015808, 0.5794851779937744]",0.5794851779937744
00063382.npy,1,1,"[0.0034110210835933685, 0.234996497631073]","[0.4423609972000122, 0.5576390027999878]",0.5576390027999878
00063383.npy,1,1,"[-0.30042025446891785, -0.012367591261863708]","[0.42848068475723267, 0.5715193152427673]",0.5715193152427673
00063384.npy,1,1,"[-0.22601792216300964, 0.0064843446016311646]","[0.4421348571777344, 0.5578651428222656]",0.5578651428222656
00063385.npy,1,1,"[-0.07325620949268341, 0.6268841624259949]","[0.3317810893058777, 0.6682188510894775]",0.6682188510894775
00063386.npy,1,1,"[-0.11402100324630737, 0.09435617178678513]","[0.44809338450431824, 0.5519065856933594]",0.5519065856933594
00063387.npy,1,1,"[-0.09752872586250305, 0.2724493145942688]","[0.4085463285446167, 0.5914537310600281]",0.5914537310600281
00063388.npy,1,1,"[-0.08290132880210876, 0.14743199944496155]","[0.44266989827156067, 0.5573300719261169]",0.5573300719261169
00063389.npy,1,1,"[-0.13701501488685608, 0.2949365973472595]","[0.39366042613983154, 0.6063396334648132]",0.6063396334648132
00063390.npy,1,1,"[-0.2394092082977295, 0.19208043813705444]","[0.39377066493034363, 0.606229305267334]",0.606229305267334
00063391.npy,1,1,"[-0.272675484418869, 0.05231701582670212]","[0.4194595217704773, 0.5805404782295227]",0.5805404782295227
00063392.npy,1,1,"[-0.18165305256843567, 0.1718437373638153]","[0.4125347137451172, 0.5874652862548828]",0.5874652862548828
00063393.npy,1,1,"[0.2070908546447754, 0.3981676995754242]","[0.452375590801239, 0.547624409198761]",0.547624409198761
00063394.npy,1,1,"[-0.036010801792144775, 0.4334675669670105]","[0.3847397267818451, 0.6152603030204773]",0.6152603030204773
00063395.npy,1,1,"[0.039619237184524536, 0.5139102935791016]","[0.3836010992527008, 0.6163988709449768]",0.6163988709449768
00063396.npy,1,1,"[-0.3126184642314911, 0.1125677153468132]","[0.39527639746665955, 0.6047235727310181]",0.6047235727310181
00063397.npy,0,1,"[-0.14097946882247925, 0.08847399801015854]","[0.44288700819015503, 0.5571130514144897]",0.5571130514144897
00063398.npy,1,1,"[-0.1625296175479889, 0.261109858751297]","[0.39564618468284607, 0.6043537855148315]",0.6043537855148315
00063399.npy,1,1,"[-0.2285996377468109, 0.03599023073911667]","[0.43423575162887573, 0.5657642483711243]",0.5657642483711243
00063400.npy,1,1,"[-0.24541959166526794, -0.06388700753450394]","[0.45474106073379517, 0.5452589392662048]",0.5452589392662048
00063401.npy,1,1,"[-0.3394935429096222, 0.17355915904045105]","[0.37447816133499146, 0.6255218386650085]",0.6255218386650085
00063402.npy,1,1,"[-0.16985200345516205, 0.07709253579378128]","[0.43857571482658386, 0.5614243149757385]",0.5614243149757385
00063403.npy,1,1,"[-0.06608384102582932, 0.26673370599746704]","[0.41755521297454834, 0.5824447274208069]",0.5824447274208069
00063404.npy,1,1,"[-0.09090805053710938, 0.22659829258918762]","[0.4212836027145386, 0.5787163972854614]",0.5787163972854614
00063405.npy,1,1,"[-0.02603551559150219, 0.18367016315460205]","[0.44776487350463867, 0.5522351264953613]",0.5522351264953613
00063406.npy,1,1,"[-0.25302621722221375, 0.18184322118759155]","[0.3929641842842102, 0.6070358753204346]",0.6070358753204346
00063407.npy,1,1,"[0.0006650276482105255, 0.08882442861795425]","[0.47797441482543945, 0.5220255851745605]",0.5220255851745605
00063408.npy,1,1,"[-0.13201427459716797, 0.13374286890029907]","[0.4339490234851837, 0.5660509467124939]",0.5660509467124939
00063409.npy,1,1,"[-0.15849211812019348, 0.1884322464466095]","[0.41412845253944397, 0.5858715176582336]",0.5858715176582336
00063410.npy,1,1,"[0.12989646196365356, 0.33571532368659973]","[0.4487261474132538, 0.5512738227844238]",0.5512738227844238
00063411.npy,1,1,"[-0.11033950746059418, 0.1319410800933838]","[0.4397244155406952, 0.5602756142616272]",0.5602756142616272
00063412.npy,1,1,"[-0.19962391257286072, -0.004683006554841995]","[0.45141851902008057, 0.5485814809799194]",0.5485814809799194
00063413.npy,0,1,"[0.18668359518051147, 0.4475397765636444]","[0.4351532459259033, 0.5648467540740967]",0.5648467540740967
00063414.npy,0,1,"[-0.13762976229190826, 0.10643921047449112]","[0.4392838478088379, 0.5607161521911621]",0.5607161521911621
00063415.npy,0,1,"[-0.08779983967542648, 0.2212323546409607]","[0.4233510196208954, 0.576649010181427]",0.576649010181427
00063416.npy,0,0,"[-0.05162918195128441, -0.05181964114308357]","[0.5000476241111755, 0.49995240569114685]",0.49995240569114685
00063417.npy,0,1,"[0.22138941287994385, 0.6047991514205933]","[0.40530475974082947, 0.5946952104568481]",0.5946952104568481
00063418.npy,1,1,"[-0.16231678426265717, 0.2045779526233673]","[0.4092915952205658, 0.5907084345817566]",0.5907084345817566
00063419.npy,1,1,"[-0.24514314532279968, 0.23921874165534973]","[0.381222665309906, 0.618777334690094]",0.618777334690094
00063420.npy,1,1,"[-0.2617257535457611, -0.014061365276575089]","[0.43839845061302185, 0.5616015195846558]",0.5616015195846558
00063421.npy,1,1,"[0.06857167184352875, 0.38103288412094116]","[0.4225141108036041, 0.5774859189987183]",0.5774859189987183
00063422.npy,1,1,"[-0.44239240884780884, 0.005398347973823547]","[0.38988617062568665, 0.6101138591766357]",0.6101138591766357
00063423.npy,1,1,"[-0.13746386766433716, 0.26779741048812866]","[0.4000489115715027, 0.5999510884284973]",0.5999510884284973
00063424.npy,1,1,"[0.0341360867023468, 0.24047833681106567]","[0.448596715927124, 0.551403284072876]",0.551403284072876
00063425.npy,1,1,"[-0.21135878562927246, 0.033458806574344635]","[0.4390994608402252, 0.5609005093574524]",0.5609005093574524
00063426.npy,1,1,"[-0.4340953230857849, 0.0005811713635921478]","[0.3930101990699768, 0.606989860534668]",0.606989860534668
00063427.npy,0,1,"[-0.2725343108177185, -0.04267096519470215]","[0.4427858591079712, 0.5572141408920288]",0.5572141408920288
00063428.npy,0,1,"[-0.06018931046128273, 0.2248954474925995]","[0.42920762300491333, 0.5707923769950867]",0.5707923769950867
00063429.npy,1,1,"[-0.11316719651222229, 0.21054306626319885]","[0.41977179050445557, 0.5802282094955444]",0.5802282094955444
00063430.npy,1,1,"[-0.11244156956672668, 0.09247573465108871]","[0.4489491879940033, 0.5510508418083191]",0.5510508418083191
00063431.npy,1,1,"[-0.3508337438106537, -0.011417225003242493]","[0.4159512221813202, 0.5840488076210022]",0.5840488076210022
00063432.npy,1,1,"[-0.13113123178482056, 0.1485162079334259]","[0.43054020404815674, 0.5694597363471985]",0.5694597363471985
00063433.npy,1,1,"[-0.05963823199272156, 0.13381427526474]","[0.45178714394569397, 0.5482128858566284]",0.5482128858566284
00063434.npy,1,1,"[-0.08273503184318542, 0.4811338484287262]","[0.3626527786254883, 0.6373472809791565]",0.6373472809791565
00063435.npy,0,1,"[-0.268558531999588, 0.24491307139396667]","[0.37438005208969116, 0.6256199479103088]",0.6256199479103088
00063436.npy,1,1,"[-0.015952426940202713, 0.2500559091567993]","[0.4338873028755188, 0.5661126971244812]",0.5661126971244812
00063437.npy,1,1,"[-0.139285609126091, 0.1350378394126892]","[0.4318459928035736, 0.568153977394104]",0.568153977394104
00063438.npy,1,1,"[-0.11812184005975723, 0.36394184827804565]","[0.3817649483680725, 0.6182350516319275]",0.6182350516319275
00063439.npy,1,1,"[-0.09210096299648285, 0.09015151113271713]","[0.45456257462501526, 0.5454373955726624]",0.5454373955726624
00063440.npy,1,1,"[-0.27140575647354126, 0.04258082062005997]","[0.42214199900627136, 0.577858030796051]",0.577858030796051
00063441.npy,1,1,"[-0.1880139708518982, 0.2168232500553131]","[0.40015068650245667, 0.599849283695221]",0.599849283695221
00063442.npy,0,1,"[-0.021194320172071457, 0.18728694319725037]","[0.44806766510009766, 0.5519323348999023]",0.5519323348999023
00063443.npy,1,1,"[-0.2075907588005066, 0.02066773921251297]","[0.4431818425655365, 0.5568181276321411]",0.5568181276321411
00063444.npy,1,1,"[-0.37647655606269836, -0.035571709275245667]","[0.41558969020843506, 0.5844103097915649]",0.5844103097915649
00063445.npy,1,1,"[-0.03913179785013199, 0.06996152549982071]","[0.4727536737918854, 0.5272462964057922]",0.5272462964057922
00063446.npy,1,1,"[-0.20649898052215576, 0.3532763123512268]","[0.36359941959381104, 0.6364005208015442]",0.6364005208015442
00063447.npy,1,1,"[-0.20836588740348816, -0.006228066980838776]","[0.44963693618774414, 0.5503631234169006]",0.5503631234169006
00063448.npy,1,1,"[-0.17680221796035767, 0.18281540274620056]","[0.4110521078109741, 0.5889478325843811]",0.5889478325843811
00063449.npy,1,1,"[-0.04995563253760338, 0.41391831636428833]","[0.3860672116279602, 0.6139327883720398]",0.6139327883720398
00063450.npy,1,1,"[-0.17815977334976196, 0.21702677011489868]","[0.4024693965911865, 0.5975306034088135]",0.5975306034088135
00063451.npy,1,1,"[0.03368490934371948, 0.4298621416091919]","[0.4022311568260193, 0.5977688431739807]",0.5977688431739807
00063452.npy,1,1,"[0.034360915422439575, 0.3851318359375]","[0.41319549083709717, 0.5868045091629028]",0.5868045091629028
00063453.npy,1,1,"[-0.2792659401893616, 0.09239356964826584]","[0.40814009308815, 0.5918598771095276]",0.5918598771095276
00063454.npy,0,1,"[-0.14437873661518097, 0.001432463526725769]","[0.4636116623878479, 0.5363883376121521]",0.5363883376121521
00063455.npy,0,1,"[0.008487332612276077, 0.3667214512825012]","[0.4113870859146118, 0.5886128544807434]",0.5886128544807434
00063456.npy,0,1,"[-0.07473036646842957, 0.06877665966749191]","[0.4641847014427185, 0.5358153581619263]",0.5358153581619263
00063457.npy,1,1,"[-0.4038366973400116, -0.008065193891525269]","[0.4023287296295166, 0.5976712703704834]",0.5976712703704834
00063458.npy,1,1,"[-0.1020236611366272, 0.14784860610961914]","[0.43785494565963745, 0.5621449947357178]",0.5621449947357178
00063459.npy,1,1,"[-0.39425545930862427, -0.011223439127206802]","[0.4053958058357239, 0.5946041941642761]",0.5946041941642761
00063460.npy,1,1,"[-0.24400001764297485, 0.14262092113494873]","[0.40453100204467773, 0.5954689979553223]",0.5954689979553223
00063461.npy,1,1,"[-0.10340054333209991, 0.0882192924618721]","[0.45224112272262573, 0.547758936882019]",0.547758936882019
00063462.npy,1,1,"[-0.10485745966434479, 0.19883528351783752]","[0.4246549904346466, 0.575344979763031]",0.575344979763031
00063463.npy,1,1,"[-0.01183471828699112, 0.3219246566295624]","[0.4173261821269989, 0.5826737880706787]",0.5826737880706787
00063464.npy,1,1,"[-0.27612918615341187, 0.2315661907196045]","[0.3757339417934418, 0.6242660880088806]",0.6242660880088806
00063465.npy,1,1,"[0.04059086740016937, 0.19630181789398193]","[0.4611507058143616, 0.5388492345809937]",0.5388492345809937
00063466.npy,1,1,"[-0.12841466069221497, 0.2543209493160248]","[0.40546730160713196, 0.5945327281951904]",0.5945327281951904
00063467.npy,1,1,"[0.18927159905433655, 0.6349883079528809]","[0.3903796672821045, 0.6096203923225403]",0.6096203923225403
00063468.npy,1,1,"[-0.10377997159957886, 0.2893718183040619]","[0.40295884013175964, 0.5970411896705627]",0.5970411896705627
00063469.npy,0,1,"[-0.12740957736968994, 0.16438359022140503]","[0.42756494879722595, 0.5724350810050964]",0.5724350810050964
00063470.npy,1,1,"[-0.1357051134109497, 0.4130365550518036]","[0.36615636944770813, 0.6338436007499695]",0.6338436007499695
00063471.npy,1,1,"[-0.08255018293857574, 0.6341261863708496]","[0.3281252682209015, 0.6718747019767761]",0.6718747019767761
00063472.npy,1,1,"[-0.16600081324577332, -0.012842591851949692]","[0.46178510785102844, 0.5382148623466492]",0.5382148623466492
00063473.npy,1,1,"[-0.04116814583539963, 0.22772231698036194]","[0.4331795275211334, 0.566820502281189]",0.566820502281189
00063474.npy,1,1,"[-0.28970083594322205, 0.06835979968309402]","[0.41142910718917847, 0.5885708928108215]",0.5885708928108215
00063475.npy,1,1,"[-0.18714353442192078, 0.09095921367406845]","[0.43091896176338196, 0.5690810084342957]",0.5690810084342957
00063476.npy,1,1,"[-0.21116650104522705, 0.21572187542915344]","[0.3948695957660675, 0.6051303744316101]",0.6051303744316101
00063477.npy,1,1,"[-0.29365235567092896, 0.33204928040504456]","[0.3484858274459839, 0.6515141725540161]",0.6515141725540161
00063478.npy,1,1,"[-0.010731738060712814, 0.11830196529626846]","[0.4677862823009491, 0.5322137475013733]",0.5322137475013733
00063479.npy,1,1,"[-0.03297680616378784, 0.23810473084449768]","[0.4326415956020355, 0.5673583745956421]",0.5673583745956421
00063480.npy,1,1,"[-0.1163831576704979, 0.13590893149375916]","[0.43725940585136414, 0.5627405643463135]",0.5627405643463135
00063481.npy,1,1,"[-0.07055408507585526, 0.22366780042648315]","[0.42697060108184814, 0.5730293989181519]",0.5730293989181519
00063482.npy,1,1,"[-0.04854760691523552, 0.4753204882144928]","[0.3719482123851776, 0.6280518174171448]",0.6280518174171448
00063483.npy,1,1,"[-0.006523940712213516, 0.4526592791080475]","[0.3871796131134033, 0.6128203868865967]",0.6128203868865967
00063484.npy,1,1,"[-0.21930891275405884, -0.024174008518457413]","[0.4513704776763916, 0.5486295223236084]",0.5486295223236084
00063485.npy,1,1,"[0.15963810682296753, 0.45500949025154114]","[0.42668938636779785, 0.5733106732368469]",0.5733106732368469
00063486.npy,1,1,"[-0.34501633048057556, 0.10121915489435196]","[0.39025619626045227, 0.6097438335418701]",0.6097438335418701
00063487.npy,1,1,"[0.03356347978115082, 0.19654521346092224]","[0.4593445360660553, 0.5406554937362671]",0.5406554937362671
00063488.npy,1,1,"[0.20278888940811157, 0.6178615093231201]","[0.39769643545150757, 0.6023035645484924]",0.6023035645484924
00063489.npy,1,1,"[-0.09854407608509064, 0.41463524103164673]","[0.3744485378265381, 0.6255515217781067]",0.6255515217781067
00063490.npy,1,1,"[0.0902562215924263, 0.5017651319503784]","[0.3985503315925598, 0.6014496088027954]",0.6014496088027954
00063491.npy,1,1,"[-0.5105467438697815, 0.12311511486768723]","[0.3466807007789612, 0.6533192992210388]",0.6533192992210388
00063492.npy,1,1,"[-0.2359827160835266, -0.010879132896661758]","[0.4439605176448822, 0.5560394525527954]",0.5560394525527954
00063493.npy,1,1,"[0.040250495076179504, 0.40689462423324585]","[0.4093521535396576, 0.59064781665802]",0.59064781665802
00063494.npy,1,1,"[-0.037867993116378784, 0.15063291788101196]","[0.4530138075351715, 0.5469861626625061]",0.5469861626625061
00063495.npy,1,1,"[-0.00614195317029953, 0.13639527559280396]","[0.4644258916378021, 0.5355740785598755]",0.5355740785598755
00063496.npy,1,1,"[-0.13330292701721191, 0.2907106876373291]","[0.3955567479133606, 0.6044432520866394]",0.6044432520866394
00063497.npy,0,1,"[-0.09255993366241455, 0.36469224095344543]","[0.3876379132270813, 0.6123621463775635]",0.6123621463775635
00063498.npy,1,1,"[0.11162728816270828, 0.3863789439201355]","[0.431740939617157, 0.568259060382843]",0.568259060382843
00063499.npy,1,1,"[-0.04081945866346359, 0.18725761771202087]","[0.4432266354560852, 0.5567733645439148]",0.5567733645439148
00063500.npy,1,1,"[-0.13902577757835388, 0.34109747409820557]","[0.3822230398654938, 0.6177769303321838]",0.6177769303321838
00063501.npy,1,1,"[-0.10475563257932663, 0.21026894450187683]","[0.4218887686729431, 0.5781112313270569]",0.5781112313270569
00063502.npy,1,1,"[-0.22261789441108704, 0.1767985224723816]","[0.40145257115364075, 0.5985474586486816]",0.5985474586486816
00063503.npy,1,1,"[-0.29009830951690674, -0.028028495609760284]","[0.43485498428344727, 0.5651450157165527]",0.5651450157165527
00063504.npy,1,1,"[-0.2620684504508972, 0.17490673065185547]","[0.3924619257450104, 0.6075380444526672]",0.6075380444526672
00063505.npy,1,1,"[0.4246901571750641, 1.0048907995224]","[0.3588864207267761, 0.6411135792732239]",0.6411135792732239
00063506.npy,1,1,"[-0.176944762468338, 0.17969104647636414]","[0.4117741882801056, 0.588225781917572]",0.588225781917572
00063507.npy,1,1,"[-0.06828784942626953, 0.1633472740650177]","[0.44234874844551086, 0.5576512217521667]",0.5576512217521667
00063508.npy,1,1,"[0.01605086773633957, 0.24149495363235474]","[0.4438765048980713, 0.5561234951019287]",0.5561234951019287
00063509.npy,1,1,"[0.012278661131858826, 0.39145007729530334]","[0.4063267707824707, 0.5936732888221741]",0.5936732888221741
00063510.npy,1,1,"[0.016918934881687164, 0.10159633308649063]","[0.4788432717323303, 0.5211566686630249]",0.5211566686630249
00063511.npy,1,1,"[-0.16845130920410156, 0.013824909925460815]","[0.4545566737651825, 0.5454432964324951]",0.5454432964324951
00063512.npy,1,1,"[-0.32535520195961, -0.011636104434728622]","[0.42220720648765564, 0.577792763710022]",0.577792763710022
00063513.npy,1,1,"[-0.058051351457834244, -0.00401383638381958]","[0.48649391531944275, 0.5135061144828796]",0.5135061144828796
00063514.npy,1,1,"[0.14328265190124512, 0.6883919835090637]","[0.3669998347759247, 0.6330001354217529]",0.6330001354217529
00063515.npy,1,1,"[-0.4306357204914093, 0.31439563632011414]","[0.32190489768981934, 0.6780951023101807]",0.6780951023101807
00063516.npy,1,1,"[-0.11761689186096191, 0.0756084993481636]","[0.45184338092803955, 0.5481565594673157]",0.5481565594673157
00063517.npy,1,1,"[-0.12388433516025543, 0.20585283637046814]","[0.41830459237098694, 0.5816954374313354]",0.5816954374313354
00063518.npy,1,1,"[-0.07807070016860962, 0.24007391929626465]","[0.42112797498703003, 0.57887202501297]",0.57887202501297
00063519.npy,1,1,"[-0.015585590153932571, 0.23800647258758545]","[0.4369395673274994, 0.5630604028701782]",0.5630604028701782
00063520.npy,1,1,"[-0.12593205273151398, 0.394245445728302]","[0.3728107511997223, 0.6271892786026001]",0.6271892786026001
00063521.npy,1,1,"[-0.282208114862442, 0.10087145119905472]","[0.405384361743927, 0.594615638256073]",0.594615638256073
00063522.npy,1,1,"[-0.14766737818717957, 0.3211608827114105]","[0.38489362597465515, 0.6151064038276672]",0.6151064038276672
00063523.npy,1,1,"[0.1442277729511261, 0.5105682611465454]","[0.4094255864620209, 0.5905743837356567]",0.5905743837356567
00063524.npy,1,1,"[-0.03598746657371521, 0.4094245433807373]","[0.39045214653015137, 0.6095477938652039]",0.6095477938652039
00063525.npy,1,1,"[-0.1505807638168335, 0.04552099108695984]","[0.45113107562065125, 0.5488688945770264]",0.5488688945770264
00063526.npy,0,1,"[-0.08916871249675751, 0.36247143149375916]","[0.38897088170051575, 0.6110291481018066]",0.6110291481018066
00063527.npy,0,1,"[-0.0009065009653568268, 0.5075497627258301]","[0.37555545568466187, 0.6244445443153381]",0.6244445443153381
00063528.npy,1,1,"[-0.09858709573745728, 0.3364146947860718]","[0.39293259382247925, 0.6070674061775208]",0.6070674061775208
00063529.npy,1,1,"[-0.3130654990673065, 0.06280834972858429]","[0.4071224629878998, 0.5928775668144226]",0.5928775668144226
00063530.npy,1,1,"[-0.0892593190073967, 0.07135491818189621]","[0.4599325358867645, 0.5400674343109131]",0.5400674343109131
00063531.npy,1,1,"[-0.29298603534698486, 0.08899220079183578]","[0.405649870634079, 0.5943501591682434]",0.5943501591682434
00063532.npy,1,1,"[-0.25772133469581604, 0.07518751174211502]","[0.4175330400466919, 0.5824669599533081]",0.5824669599533081
00063533.npy,1,1,"[-0.26852118968963623, 0.0734647884964943]","[0.41532716155052185, 0.5846728682518005]",0.5846728682518005
00063534.npy,1,1,"[-0.11992134153842926, 0.10074342042207718]","[0.44505658745765686, 0.5549434423446655]",0.5549434423446655
00063535.npy,1,1,"[0.11702919751405716, 0.5520914196968079]","[0.3929181694984436, 0.6070818305015564]",0.6070818305015564
00063536.npy,1,1,"[-0.3605501055717468, -0.0019503124058246613]","[0.411298543214798, 0.5887014269828796]",0.5887014269828796
00063537.npy,1,1,"[0.024944894015789032, 0.3923758566379547]","[0.4091619551181793, 0.5908380746841431]",0.5908380746841431
00063538.npy,1,1,"[-0.1877681016921997, 0.15779033303260803]","[0.41445988416671753, 0.5855401158332825]",0.5855401158332825
00063539.npy,1,1,"[-0.27733370661735535, 0.2116868793964386]","[0.3801243305206299, 0.6198757290840149]",0.6198757290840149
00063540.npy,1,1,"[-0.0876590684056282, 0.2543533444404602]","[0.4153207242488861, 0.5846793055534363]",0.5846793055534363
00063541.npy,1,1,"[0.05979418754577637, 0.1692410707473755]","[0.47266554832458496, 0.527334451675415]",0.527334451675415
00063542.npy,1,1,"[-0.059147849678993225, 0.184169739484787]","[0.43946895003318787, 0.5605310797691345]",0.5605310797691345
00063543.npy,1,1,"[-0.09775800257921219, 0.1453501582145691]","[0.43952053785324097, 0.560479462146759]",0.560479462146759
00063544.npy,1,1,"[0.02003829926252365, 0.43379858136177063]","[0.39801082015037537, 0.6019891500473022]",0.6019891500473022
00063545.npy,1,1,"[-0.036033060401678085, 0.2528839111328125]","[0.42826902866363525, 0.5717309713363647]",0.5717309713363647
00063546.npy,1,1,"[0.0869133248925209, 0.4112298786640167]","[0.4196241497993469, 0.5803759098052979]",0.5803759098052979
00063547.npy,1,1,"[0.20473787188529968, 0.5270397067070007]","[0.4201149046421051, 0.5798851251602173]",0.5798851251602173
00063548.npy,1,1,"[0.02117753028869629, 0.4624026119709015]","[0.39144909381866455, 0.6085509061813354]",0.6085509061813354
00063549.npy,1,1,"[-0.21600273251533508, 0.39115577936172485]","[0.3527076542377472, 0.6472923755645752]",0.6472923755645752
00063550.npy,1,1,"[-0.05242389068007469, 0.5157662630081177]","[0.3616545498371124, 0.63834547996521]",0.63834547996521
00063551.npy,1,1,"[-0.33228760957717896, 0.053781166672706604]","[0.4046640396118164, 0.5953360199928284]",0.5953360199928284
00063552.npy,1,1,"[0.02030157297849655, 0.4205044209957123]","[0.40126362442970276, 0.5987364053726196]",0.5987364053726196
00063553.npy,1,1,"[-0.10849373042583466, 0.22382918000221252]","[0.41767555475234985, 0.5823244452476501]",0.5823244452476501
00063554.npy,1,1,"[-0.1950269341468811, 0.15579304099082947]","[0.4131835997104645, 0.5868164300918579]",0.5868164300918579
00063555.npy,1,1,"[-0.14452621340751648, 0.330836683511734]","[0.38334769010543823, 0.6166523098945618]",0.6166523098945618
00063556.npy,1,1,"[-0.2731102406978607, -0.007837992161512375]","[0.43406811356544495, 0.5659318566322327]",0.5659318566322327
00063557.npy,1,1,"[-0.13200660049915314, 0.3386942148208618]","[0.38445037603378296, 0.615549623966217]",0.615549623966217
00063558.npy,1,1,"[-0.31851819157600403, 0.0713299885392189]","[0.4037538468837738, 0.5962461829185486]",0.5962461829185486
00063559.npy,1,1,"[-0.01957497000694275, 0.4214567542076111]","[0.3914951682090759, 0.6085048317909241]",0.6085048317909241
00063560.npy,0,1,"[-0.021253732964396477, 0.2412947714328766]","[0.43473735451698303, 0.5652626752853394]",0.5652626752853394
00063561.npy,1,1,"[-0.1746804565191269, 0.07465443760156631]","[0.43798720836639404, 0.562012791633606]",0.562012791633606
00063562.npy,1,1,"[-0.3160189092159271, 0.07159296423196793]","[0.40429234504699707, 0.5957077145576477]",0.5957077145576477
00063563.npy,1,1,"[-0.07195919752120972, 0.22614499926567078]","[0.4260209798812866, 0.5739790201187134]",0.5739790201187134
00063564.npy,1,1,"[-0.17194516956806183, 0.16324663162231445]","[0.4169779419898987, 0.5830220580101013]",0.5830220580101013
00063565.npy,1,1,"[-0.1503911018371582, 0.07201721519231796]","[0.44462600350379944, 0.555374026298523]",0.555374026298523
00063566.npy,1,1,"[0.39931339025497437, 0.8267282843589783]","[0.39474382996559143, 0.605256199836731]",0.605256199836731
00063567.npy,1,1,"[-0.16815999150276184, -0.010472364723682404]","[0.46065959334373474, 0.5393404364585876]",0.5393404364585876
00063568.npy,1,1,"[-0.26458311080932617, -0.06753740459680557]","[0.45089736580848694, 0.5491026639938354]",0.5491026639938354
00063569.npy,1,1,"[-0.30703356862068176, 0.09223020821809769]","[0.4014892280101776, 0.5985107421875]",0.5985107421875
00063570.npy,1,1,"[-0.1998557448387146, 0.30153393745422363]","[0.3772141635417938, 0.6227858662605286]",0.6227858662605286
00063571.npy,1,1,"[-0.051014646887779236, 0.0394536629319191]","[0.4773983359336853, 0.5226016640663147]",0.5226016640663147
00063572.npy,1,1,"[-0.2701309025287628, 0.12382490187883377]","[0.4027654230594635, 0.5972346067428589]",0.5972346067428589
00063573.npy,1,1,"[0.050695180892944336, 0.35374563932418823]","[0.4248119592666626, 0.5751880407333374]",0.5751880407333374
00063574.npy,1,1,"[-0.1277102530002594, 0.18101519346237183]","[0.4234258830547333, 0.5765741467475891]",0.5765741467475891
00063575.npy,1,1,"[-0.3120267987251282, 0.07256554812192917]","[0.40501976013183594, 0.5949802398681641]",0.5949802398681641
00063576.npy,1,1,"[-0.08289692550897598, 0.23477616906166077]","[0.42124295234680176, 0.5787570476531982]",0.5787570476531982
00063577.npy,1,1,"[-0.32636725902557373, 0.10827320069074631]","[0.39301878213882446, 0.6069812178611755]",0.6069812178611755
00063578.npy,1,1,"[-0.017404738813638687, 0.31063124537467957]","[0.4187186062335968, 0.5812814235687256]",0.5812814235687256
00063579.npy,1,1,"[-0.17483340203762054, 0.198326975107193]","[0.4077776074409485, 0.5922224521636963]",0.5922224521636963
00063580.npy,1,1,"[-0.3039081394672394, 0.014582298696041107]","[0.4210436940193176, 0.5789563059806824]",0.5789563059806824
00063581.npy,1,1,"[-0.05776393413543701, 0.22434404492378235]","[0.42993706464767456, 0.5700629353523254]",0.5700629353523254
00063582.npy,1,1,"[-0.022151032462716103, 0.38534268736839294]","[0.39951324462890625, 0.6004867553710938]",0.6004867553710938
00063583.npy,1,1,"[-0.021247034892439842, 0.3346475660800934]","[0.41195371747016907, 0.5880462527275085]",0.5880462527275085
00063584.npy,1,1,"[-0.023996546864509583, 0.11645718663930893]","[0.46494418382644653, 0.5350558161735535]",0.5350558161735535
00063585.npy,1,1,"[-0.17713764309883118, -0.02985227108001709]","[0.46324509382247925, 0.5367549657821655]",0.5367549657821655
00063586.npy,1,1,"[-0.041086595505476, 0.7641017436981201]","[0.3089168071746826, 0.6910832524299622]",0.6910832524299622
00063587.npy,1,1,"[-0.18352174758911133, 0.1295587122440338]","[0.4223630130290985, 0.5776370167732239]",0.5776370167732239
00063588.npy,1,1,"[-0.2328394055366516, -0.040949735790491104]","[0.45217424631118774, 0.5478257536888123]",0.5478257536888123
00063589.npy,1,1,"[-0.12272997945547104, 0.1809961199760437]","[0.42464685440063477, 0.5753530859947205]",0.5753530859947205
00063590.npy,1,1,"[-0.2941208779811859, 0.0742180123925209]","[0.40894249081611633, 0.591057538986206]",0.591057538986206
00063591.npy,1,1,"[-0.2797064483165741, 0.10401836782693863]","[0.4052288234233856, 0.594771146774292]",0.594771146774292
00063592.npy,1,1,"[-0.26778408885002136, 0.06236184388399124]","[0.4182051420211792, 0.5817948579788208]",0.5817948579788208
00063593.npy,1,1,"[-0.2829323709011078, 0.2357807457447052]","[0.3731532096862793, 0.6268467903137207]",0.6268467903137207
00063594.npy,1,1,"[-0.1607482135295868, 0.10197895020246506]","[0.43469342589378357, 0.5653066039085388]",0.5653066039085388
00063595.npy,1,1,"[-0.2443205714225769, 0.0389205738902092]","[0.42965933680534363, 0.570340633392334]",0.570340633392334
00063596.npy,0,1,"[0.06477455049753189, 0.3607180416584015]","[0.42654940485954285, 0.5734505653381348]",0.5734505653381348
00063597.npy,1,1,"[-0.06975916773080826, 0.13872188329696655]","[0.44806772470474243, 0.5519322752952576]",0.5519322752952576
00063598.npy,1,1,"[-0.15983588993549347, 0.21721607446670532]","[0.4068381190299988, 0.5931618809700012]",0.5931618809700012
00063599.npy,1,1,"[-0.031458780169487, 0.16933080554008484]","[0.4499705731868744, 0.550029456615448]",0.550029456615448
00063600.npy,1,1,"[-0.29593950510025024, 0.18269893527030945]","[0.3825736939907074, 0.6174262762069702]",0.6174262762069702
00063601.npy,1,1,"[-0.13338133692741394, -0.04809495061635971]","[0.47869130969047546, 0.5213086605072021]",0.5213086605072021
00063602.npy,1,1,"[-0.3299543261528015, 0.17022645473480225]","[0.37749817967414856, 0.6225018501281738]",0.6225018501281738
00063603.npy,1,1,"[-0.2437416911125183, 0.22379320859909058]","[0.3851998448371887, 0.6148001551628113]",0.6148001551628113
00063604.npy,1,1,"[-0.10537540912628174, 0.1295989453792572]","[0.4415252208709717, 0.5584747791290283]",0.5584747791290283
00063605.npy,1,1,"[-0.06812743097543716, 0.3807634711265564]","[0.3896245062351227, 0.6103755235671997]",0.6103755235671997
00063606.npy,1,1,"[-0.27272576093673706, 0.007121123373508453]","[0.4304913282394409, 0.5695086717605591]",0.5695086717605591
00063607.npy,1,1,"[-0.06422664225101471, 0.2047308087348938]","[0.433163046836853, 0.566836953163147]",0.566836953163147
00063608.npy,1,1,"[0.015117116272449493, 0.6650614738464355]","[0.3430020809173584, 0.6569979190826416]",0.6569979190826416
00063609.npy,1,1,"[-0.277240127325058, -0.10366995632648468]","[0.45671603083610535, 0.5432839393615723]",0.5432839393615723
00063610.npy,1,1,"[-0.1783669888973236, 0.2303330898284912]","[0.39922383427619934, 0.6007761359214783]",0.6007761359214783
00063611.npy,1,1,"[-0.06502583622932434, 0.3738587200641632]","[0.3920068144798279, 0.6079931855201721]",0.6079931855201721
00063612.npy,1,1,"[-0.09145624935626984, 0.23783406615257263]","[0.41841331124305725, 0.5815866589546204]",0.5815866589546204
00063613.npy,1,1,"[-0.06713022291660309, 0.1956695020198822]","[0.4346756041049957, 0.5653244256973267]",0.5653244256973267
00063614.npy,1,1,"[-0.07662269473075867, 0.4867002069950104]","[0.3627789318561554, 0.6372210383415222]",0.6372210383415222
00063615.npy,1,1,"[-0.06045985594391823, 0.54510897397995]","[0.3530706763267517, 0.6469293236732483]",0.6469293236732483
00063616.npy,1,1,"[0.017654716968536377, 0.04746156930923462]","[0.4925488233566284, 0.5074511766433716]",0.5074511766433716
00063617.npy,1,1,"[-0.036100998520851135, 0.17576220631599426]","[0.4472314417362213, 0.5527685880661011]",0.5527685880661011
00063618.npy,1,1,"[-0.0758274644613266, 0.3214024603366852]","[0.40197810530662537, 0.598021924495697]",0.598021924495697
00063619.npy,1,1,"[0.009799443185329437, 0.3193259835243225]","[0.4232303202152252, 0.5767696499824524]",0.5767696499824524
00063620.npy,1,1,"[0.18918579816818237, 0.6553943157196045]","[0.3855140209197998, 0.6144859194755554]",0.6144859194755554
00063621.npy,1,1,"[-0.22458940744400024, 0.01587158441543579]","[0.4401727318763733, 0.5598272085189819]",0.5598272085189819
00063622.npy,1,1,"[0.027790270745754242, 0.425266295671463]","[0.4019189178943634, 0.598081111907959]",0.598081111907959
00063623.npy,1,1,"[0.029866889119148254, 0.26886534690856934]","[0.44053319096565247, 0.5594668388366699]",0.5594668388366699
00063624.npy,1,1,"[0.023301079869270325, 0.23513507843017578]","[0.4472386837005615, 0.5527613759040833]",0.5527613759040833
00063625.npy,1,1,"[-0.15595968067646027, 0.34662002325057983]","[0.37693461775779724, 0.6230653524398804]",0.6230653524398804
00063626.npy,1,1,"[-0.11099979281425476, 0.2180624008178711]","[0.4184688329696655, 0.5815311670303345]",0.5815311670303345
00063627.npy,1,1,"[-0.15146255493164062, 0.2705669403076172]","[0.3960312008857727, 0.6039687395095825]",0.6039687395095825
00063628.npy,1,1,"[-0.14473509788513184, 0.12681767344474792]","[0.4325259029865265, 0.5674740672111511]",0.5674740672111511
00063629.npy,1,1,"[-0.21182605624198914, 0.048775799572467804]","[0.4352157413959503, 0.5647842288017273]",0.5647842288017273
00063630.npy,1,1,"[-0.1374025046825409, 0.05910192430019379]","[0.451031357049942, 0.5489686131477356]",0.5489686131477356
00063631.npy,1,1,"[0.004239741712808609, 0.10542512685060501]","[0.47472524642944336, 0.5252748131752014]",0.5252748131752014
00063632.npy,1,1,"[-0.2369726598262787, 0.026495926082134247]","[0.4345112442970276, 0.5654887557029724]",0.5654887557029724
00063633.npy,1,1,"[-0.18579474091529846, -0.07624613493680954]","[0.47264018654823303, 0.5273597836494446]",0.5273597836494446
00063634.npy,1,1,"[0.11404404789209366, 0.3834492862224579]","[0.4330531060695648, 0.5669468641281128]",0.5669468641281128
00063635.npy,1,1,"[0.048981137573719025, 0.22086432576179504]","[0.4571346640586853, 0.5428653359413147]",0.5428653359413147
00063636.npy,1,1,"[-0.2782270014286041, 0.06962700933218002]","[0.4139029085636139, 0.5860970616340637]",0.5860970616340637
00063637.npy,1,1,"[-0.07551183551549911, 0.05445124953985214]","[0.46755489706993103, 0.5324451327323914]",0.5324451327323914
00063638.npy,1,1,"[-0.21641141176223755, 0.1349029242992401]","[0.4130637049674988, 0.5869362354278564]",0.5869362354278564
00063639.npy,1,1,"[-0.14247998595237732, 0.15102702379226685]","[0.42714551091194153, 0.5728545188903809]",0.5728545188903809
00063640.npy,1,1,"[0.02915245294570923, 0.31668514013290405]","[0.4286080300807953, 0.5713919997215271]",0.5713919997215271
00063641.npy,1,1,"[-0.07648135721683502, 0.26007723808288574]","[0.41664567589759827, 0.5833542943000793]",0.5833542943000793
00063642.npy,1,1,"[-0.13160255551338196, 0.36160215735435486]","[0.37913891673088074, 0.6208610534667969]",0.6208610534667969
00063643.npy,0,1,"[-0.2366880476474762, 0.018415719270706177]","[0.4365676939487457, 0.5634323358535767]",0.5634323358535767
00063644.npy,1,1,"[-0.2558739185333252, 0.1794198453426361]","[0.3928629457950592, 0.6071370244026184]",0.6071370244026184
00063645.npy,1,1,"[-0.09542860090732574, 0.1284659206867218]","[0.44425904750823975, 0.5557409524917603]",0.5557409524917603
00063646.npy,0,1,"[-0.16938140988349915, 0.22317320108413696]","[0.4031025171279907, 0.596897542476654]",0.596897542476654
00063647.npy,1,1,"[-0.3146691918373108, -0.01009301096200943]","[0.4244391918182373, 0.5755608081817627]",0.5755608081817627
00063648.npy,1,1,"[0.001042339950799942, 0.2156437337398529]","[0.44655460119247437, 0.5534453988075256]",0.5534453988075256
00063649.npy,1,1,"[-0.03807647526264191, 0.2699393630027771]","[0.42359912395477295, 0.5764008164405823]",0.5764008164405823
00063650.npy,1,1,"[-0.4662098288536072, -0.09903884679079056]","[0.4092247784137726, 0.590775191783905]",0.590775191783905
00063651.npy,1,1,"[-0.08357322216033936, 0.20706677436828613]","[0.4278472065925598, 0.5721527934074402]",0.5721527934074402
00063652.npy,1,1,"[-0.018787875771522522, 0.25851136445999146]","[0.4311160147190094, 0.5688839554786682]",0.5688839554786682
00063653.npy,1,1,"[0.10824396461248398, 0.4685138165950775]","[0.4108942449092865, 0.5891057848930359]",0.5891057848930359
00063654.npy,1,1,"[-0.1275152564048767, 0.028140917420387268]","[0.46116435527801514, 0.5388357043266296]",0.5388357043266296
00063655.npy,1,1,"[-0.2493719458580017, 0.07190268486738205]","[0.4203651547431946, 0.5796348452568054]",0.5796348452568054
00063656.npy,1,1,"[0.05331578850746155, 0.23373553156852722]","[0.45501700043678284, 0.5449829697608948]",0.5449829697608948
00063657.npy,1,1,"[0.03502319008111954, 0.21679851412773132]","[0.4546808898448944, 0.545319139957428]",0.545319139957428
00063658.npy,1,1,"[-0.052120015025138855, 0.039982184767723083]","[0.4769907295703888, 0.5230093002319336]",0.5230093002319336
00063659.npy,1,1,"[-0.0391879566013813, 0.5219932198524475]","[0.3632742166519165, 0.6367258429527283]",0.6367258429527283
00063660.npy,1,1,"[-0.08135467767715454, 0.2723466455936432]","[0.41248515248298645, 0.5875148773193359]",0.5875148773193359
00063661.npy,1,1,"[-0.18128761649131775, 0.04357575625181198]","[0.4440198540687561, 0.5559802055358887]",0.5559802055358887
00063662.npy,1,1,"[-0.18933707475662231, 0.15340325236320496]","[0.4151439964771271, 0.5848560333251953]",0.5848560333251953
00063663.npy,1,1,"[-0.05350436270236969, 0.157904714345932]","[0.44734370708465576, 0.5526562929153442]",0.5526562929153442
00063664.npy,1,1,"[-0.4431720972061157, -0.03838133066892624]","[0.40016186237335205, 0.599838137626648]",0.599838137626648
00063665.npy,1,1,"[-0.09920300543308258, 0.1435166299343109]","[0.43961623311042786, 0.5603837370872498]",0.5603837370872498
00063666.npy,1,1,"[-0.17163729667663574, -0.10101667046546936]","[0.48235219717025757, 0.5176478028297424]",0.5176478028297424
00063667.npy,1,1,"[-0.2570388615131378, 0.20620620250701904]","[0.38621631264686584, 0.6137837171554565]",0.6137837171554565
00063668.npy,1,1,"[0.1276031732559204, 0.6337660551071167]","[0.37609347701072693, 0.6239065527915955]",0.6239065527915955
00063669.npy,1,1,"[-0.031136561185121536, 0.2295425832271576]","[0.43519678711891174, 0.5648032426834106]",0.5648032426834106
00063670.npy,1,1,"[-0.15003645420074463, 0.13717767596244812]","[0.4286860227584839, 0.5713139772415161]",0.5713139772415161
00063671.npy,1,1,"[-0.14403757452964783, 0.2890091836452484]","[0.39339902997016907, 0.6066009402275085]",0.6066009402275085
00063672.npy,1,1,"[-0.11831365525722504, 0.3767230808734894]","[0.37870779633522034, 0.621292233467102]",0.621292233467102
00063673.npy,1,1,"[-0.1122344434261322, 0.3062397837638855]","[0.39688193798065186, 0.6031181216239929]",0.6031181216239929
00063674.npy,1,1,"[-0.14324037730693817, 0.38331088423728943]","[0.37132158875465393, 0.6286783814430237]",0.6286783814430237
00063675.npy,1,1,"[-0.08950033783912659, 0.017806507647037506]","[0.4731990098953247, 0.5268009901046753]",0.5268009901046753
00063676.npy,1,1,"[-0.20971304178237915, 0.1333872377872467]","[0.41505658626556396, 0.584943413734436]",0.584943413734436
00063677.npy,1,1,"[-0.19971713423728943, 0.035506099462509155]","[0.4414638578891754, 0.558536171913147]",0.558536171913147
00063678.npy,1,1,"[-0.10544387251138687, 0.3097555637359619]","[0.3976660668849945, 0.6023339033126831]",0.6023339033126831
00063679.npy,1,1,"[-0.13172967731952667, 0.059948958456516266]","[0.45222651958465576, 0.5477734804153442]",0.5477734804153442
00063680.npy,1,1,"[-0.22743362188339233, 0.24200570583343506]","[0.3847489356994629, 0.6152510046958923]",0.6152510046958923
00063681.npy,1,1,"[-0.46919676661491394, -0.0009618774056434631]","[0.38503408432006836, 0.6149658560752869]",0.6149658560752869
00063682.npy,1,1,"[-0.10095426440238953, 0.16054892539978027]","[0.4349942207336426, 0.5650057792663574]",0.5650057792663574
00063683.npy,1,1,"[-0.2756887972354889, 0.23466691374778748]","[0.3751101493835449, 0.6248899102210999]",0.6248899102210999
00063684.npy,1,1,"[-0.022207854315638542, 0.43126797676086426]","[0.38853466510772705, 0.6114652752876282]",0.6114652752876282
00063685.npy,1,1,"[-0.058814313262701035, 0.37761542201042175]","[0.39259201288223267, 0.6074079871177673]",0.6074079871177673
00063686.npy,1,1,"[-0.06422273814678192, 0.16767889261245728]","[0.442283034324646, 0.5577170252799988]",0.5577170252799988
00063687.npy,1,1,"[-0.15521663427352905, 0.36344361305236816]","[0.3731655776500702, 0.6268344521522522]",0.6268344521522522
00063688.npy,1,1,"[-0.08431892096996307, 0.12575608491897583]","[0.4476735293865204, 0.5523264408111572]",0.5523264408111572
00063689.npy,1,1,"[-0.0456312857568264, 0.1056830957531929]","[0.4622434079647064, 0.5377565622329712]",0.5377565622329712
00063690.npy,1,1,"[0.067387655377388, 0.6462492942810059]","[0.3591945469379425, 0.6408054232597351]",0.6408054232597351
00063691.npy,1,1,"[-0.13965323567390442, 0.11343459039926529]","[0.43706363439559937, 0.5629363656044006]",0.5629363656044006
00063692.npy,1,1,"[-0.1915486454963684, 0.033558301627635956]","[0.44395971298217773, 0.5560402870178223]",0.5560402870178223
00063693.npy,1,1,"[-0.18650421500205994, 0.020930923521518707]","[0.4483264088630676, 0.5516736507415771]",0.5516736507415771
00063694.npy,1,1,"[-0.2060568928718567, -0.026437807828187943]","[0.45521557331085205, 0.544784426689148]",0.544784426689148
00063695.npy,1,1,"[0.016919836401939392, 0.2502868175506592]","[0.44192156195640564, 0.558078408241272]",0.558078408241272
00063696.npy,1,1,"[-0.2973942756652832, 0.07808338850736618]","[0.4072180986404419, 0.5927819013595581]",0.5927819013595581
00063697.npy,1,1,"[-0.4700058102607727, 0.10280925780534744]","[0.3605875074863434, 0.6394124627113342]",0.6394124627113342
00063698.npy,1,1,"[-0.16862350702285767, 0.10791515558958054]","[0.43130260705947876, 0.568697452545166]",0.568697452545166
00063699.npy,1,1,"[-0.15065133571624756, 0.21771931648254395]","[0.4089347720146179, 0.5910652279853821]",0.5910652279853821
00063700.npy,1,1,"[-0.23627859354019165, 0.3536609411239624]","[0.356648713350296, 0.6433512568473816]",0.6433512568473816
00063701.npy,1,1,"[-0.21147894859313965, 0.19703757762908936]","[0.39926788210868835, 0.600732147693634]",0.600732147693634
00063702.npy,1,1,"[-0.28379544615745544, 0.25261998176574707]","[0.36902183294296265, 0.6309781670570374]",0.6309781670570374
00063703.npy,1,1,"[-0.23988810181617737, 0.06792489439249039]","[0.4236486256122589, 0.5763513445854187]",0.5763513445854187
00063704.npy,1,1,"[-0.3021027147769928, 0.3128197491168976]","[0.350937157869339, 0.6490628719329834]",0.6490628719329834
00063705.npy,1,1,"[0.2240893840789795, 0.5620461106300354]","[0.41630589962005615, 0.5836941003799438]",0.5836941003799438
00063706.npy,1,1,"[-0.09679098427295685, 0.282657653093338]","[0.4062598943710327, 0.5937401056289673]",0.5937401056289673
00063707.npy,1,1,"[-0.1584007889032364, 0.09191545099020004]","[0.4377456605434418, 0.5622543096542358]",0.5622543096542358
00063708.npy,1,1,"[0.019584491848945618, 0.2595737874507904]","[0.4402889907360077, 0.5597109794616699]",0.5597109794616699
00063709.npy,0,1,"[-0.09868480265140533, 0.3899935185909271]","[0.380204975605011, 0.619795024394989]",0.619795024394989
00063710.npy,1,1,"[0.09969719499349594, 0.158096045255661]","[0.48540443181991577, 0.5145955681800842]",0.5145955681800842
00063711.npy,1,1,"[-0.026303810998797417, 0.2715572416782379]","[0.42608046531677246, 0.5739195346832275]",0.5739195346832275
00063712.npy,1,1,"[-0.2562205195426941, 0.13043656945228577]","[0.4045222997665405, 0.5954777598381042]",0.5954777598381042
00063713.npy,1,1,"[-0.11534503847360611, 0.08189942687749863]","[0.45084816217422485, 0.5491518974304199]",0.5491518974304199
00063714.npy,1,1,"[-0.19970640540122986, 0.2753292918205261]","[0.3834250271320343, 0.6165749430656433]",0.6165749430656433
00063715.npy,1,1,"[-0.26306191086769104, 0.12433885782957077]","[0.4043431878089905, 0.5956568717956543]",0.5956568717956543
00063716.npy,1,1,"[-0.2002379298210144, 0.1709960401058197]","[0.4082428812980652, 0.5917571187019348]",0.5917571187019348
00063717.npy,1,1,"[0.025691963732242584, 0.18521186709403992]","[0.4602043628692627, 0.5397956371307373]",0.5397956371307373
00063718.npy,1,1,"[-0.25549113750457764, 0.13217541575431824]","[0.4042791426181793, 0.5957208275794983]",0.5957208275794983
00063719.npy,1,1,"[-0.2391883134841919, 0.21494123339653015]","[0.38837936520576477, 0.6116206049919128]",0.6116206049919128
00063720.npy,1,1,"[-0.08253686875104904, 0.3069043457508087]","[0.40385180711746216, 0.5961481928825378]",0.5961481928825378
00063721.npy,1,1,"[-0.25113412737846375, 0.0787891075015068]","[0.41825932264328003, 0.58174067735672]",0.58174067735672
00063722.npy,1,1,"[-0.21395918726921082, -0.00822455808520317]","[0.44874700903892517, 0.5512529611587524]",0.5512529611587524
00063723.npy,0,1,"[-0.06236182898283005, 0.2203046679496765]","[0.4298001825809479, 0.5701998472213745]",0.5701998472213745
00063724.npy,1,1,"[-0.3877294361591339, 0.17522719502449036]","[0.3628636300563812, 0.6371363997459412]",0.6371363997459412
00063725.npy,1,1,"[-0.2155623733997345, 0.0401831716299057]","[0.4364098310470581, 0.5635901689529419]",0.5635901689529419
00063726.npy,1,1,"[-0.2108098268508911, 0.23078221082687378]","[0.39136168360710144, 0.6086382865905762]",0.6086382865905762
00063727.npy,1,1,"[-0.048889391124248505, 0.3120694160461426]","[0.41072750091552734, 0.5892725586891174]",0.5892725586891174
00063728.npy,1,1,"[-0.13208675384521484, 0.1549215018749237]","[0.42873647809028625, 0.5712635517120361]",0.5712635517120361
00063729.npy,1,1,"[0.06039679795503616, 0.3400340676307678]","[0.4305427074432373, 0.5694572925567627]",0.5694572925567627
00063730.npy,1,1,"[-0.35955408215522766, 0.1771635115146637]","[0.3689514696598053, 0.6310485601425171]",0.6310485601425171
00063731.npy,1,1,"[-0.05493433028459549, 0.2647440433502197]","[0.4207541346549988, 0.5792458653450012]",0.5792458653450012
00063732.npy,0,1,"[-0.12755823135375977, 0.2720945477485657]","[0.4013957679271698, 0.5986042022705078]",0.5986042022705078
00063733.npy,1,1,"[-0.20104825496673584, 0.3107217848300934]","[0.374778687953949, 0.625221312046051]",0.625221312046051
00063734.npy,1,1,"[-0.20419013500213623, 0.18534013628959656]","[0.4038303792476654, 0.596169650554657]",0.596169650554657
00063735.npy,1,1,"[0.006424807012081146, 0.3080475628376007]","[0.42516082525253296, 0.5748391151428223]",0.5748391151428223
00063736.npy,1,1,"[-0.1461755335330963, 0.034842535853385925]","[0.4548686742782593, 0.5451313853263855]",0.5451313853263855
00063737.npy,1,1,"[-0.0637781172990799, 0.24560025334358215]","[0.4232665002346039, 0.5767335295677185]",0.5767335295677185
00063738.npy,0,1,"[0.048359423875808716, 0.2548814117908478]","[0.4485522508621216, 0.5514477491378784]",0.5514477491378784
00063739.npy,1,1,"[-0.40908563137054443, -0.160340815782547]","[0.4381324350833893, 0.5618675351142883]",0.5618675351142883
00063740.npy,1,1,"[-0.08348233997821808, 0.07486168295145035]","[0.4604964852333069, 0.5395035147666931]",0.5395035147666931
00063741.npy,1,1,"[-0.11474483460187912, 0.07195451110601425]","[0.4534602761268616, 0.5465397238731384]",0.5465397238731384
00063742.npy,1,1,"[-0.33241644501686096, 0.04730835556983948]","[0.4061932861804962, 0.5938067436218262]",0.5938067436218262
00063743.npy,1,1,"[-0.17279496788978577, 0.05946693569421768]","[0.4421941637992859, 0.5578058362007141]",0.5578058362007141
00063744.npy,1,1,"[-0.36761894822120667, -0.007144231349229813]","[0.410844624042511, 0.5891553163528442]",0.5891553163528442
00063745.npy,1,1,"[-0.14338348805904388, 0.08962281793355942]","[0.4420105516910553, 0.5579894185066223]",0.5579894185066223
00063746.npy,1,1,"[-0.32219910621643066, 0.01687660813331604]","[0.4160340428352356, 0.5839659571647644]",0.5839659571647644
00063747.npy,1,1,"[-0.0024268925189971924, 0.40736639499664307]","[0.3989616930484772, 0.6010383367538452]",0.6010383367538452
00063748.npy,1,1,"[-0.0540270060300827, 0.23297977447509766]","[0.4287368059158325, 0.5712631940841675]",0.5712631940841675
00063749.npy,1,1,"[-0.21251311898231506, 0.41925951838493347]","[0.3471086919307709, 0.6528912782669067]",0.6528912782669067
00063750.npy,1,1,"[-0.08548785746097565, 0.20939901471138]","[0.4268079400062561, 0.5731921195983887]",0.5731921195983887
00063751.npy,1,1,"[0.18295833468437195, 0.39300140738487244]","[0.4476814568042755, 0.5523185729980469]",0.5523185729980469
00063752.npy,1,1,"[-0.329870343208313, 0.11630744487047195]","[0.390269935131073, 0.609730064868927]",0.609730064868927
00063753.npy,1,1,"[-0.03343120589852333, 0.1679345965385437]","[0.44982796907424927, 0.5501720309257507]",0.5501720309257507
00063754.npy,1,1,"[-0.13001695275306702, 0.12959879636764526]","[0.43545815348625183, 0.5645418167114258]",0.5645418167114258
00063755.npy,1,1,"[-0.30833297967910767, 0.1267332136631012]","[0.3929172158241272, 0.6070827841758728]",0.6070827841758728
00063756.npy,1,1,"[-0.12654730677604675, 0.06707125157117844]","[0.45174601674079895, 0.5482539534568787]",0.5482539534568787
00063757.npy,1,1,"[-0.10263820737600327, -0.013530891388654709]","[0.4777379035949707, 0.5222620964050293]",0.5222620964050293
00063758.npy,0,1,"[-0.15193681418895721, 0.8604336380958557]","[0.26651623845100403, 0.7334837913513184]",0.7334837913513184
00063759.npy,0,1,"[0.1809253692626953, 0.7918981909751892]","[0.35183730721473694, 0.6481626629829407]",0.6481626629829407
00063760.npy,1,1,"[-0.00468386709690094, 0.2738296389579773]","[0.43081825971603394, 0.5691817402839661]",0.5691817402839661
00063761.npy,1,1,"[-0.01796387881040573, 0.25698837637901306]","[0.4316917359828949, 0.5683082938194275]",0.5683082938194275
00063762.npy,1,1,"[-0.1537857949733734, 0.15421292185783386]","[0.4236033260822296, 0.576396644115448]",0.576396644115448
00063763.npy,1,1,"[-0.15120819211006165, 0.31195342540740967]","[0.3862360715866089, 0.6137639284133911]",0.6137639284133911
00063764.npy,1,1,"[-0.30989718437194824, -0.08961591124534607]","[0.44515129923820496, 0.5548487305641174]",0.5548487305641174
00063765.npy,1,1,"[-0.15704834461212158, 0.16765335202217102]","[0.41953033208847046, 0.5804696083068848]",0.5804696083068848
00063766.npy,1,1,"[-0.015505313873291016, 0.3125118315219879]","[0.4187231957912445, 0.5812768340110779]",0.5812768340110779
00063767.npy,1,1,"[-0.1889113485813141, 0.17793381214141846]","[0.40930357575416565, 0.5906964540481567]",0.5906964540481567
00063768.npy,1,1,"[-0.07361148297786713, 0.540888249874115]","[0.35103344917297363, 0.6489665508270264]",0.6489665508270264
00063769.npy,1,1,"[-0.2642393410205841, -0.01525362953543663]","[0.43807315826416016, 0.5619268417358398]",0.5619268417358398
00063770.npy,0,1,"[-0.11792311817407608, 0.2778259217739105]","[0.4023341238498688, 0.5976659059524536]",0.5976659059524536
00063771.npy,1,1,"[-0.30038923025131226, 0.19024822115898132]","[0.37974342703819275, 0.6202566027641296]",0.6202566027641296
00063772.npy,1,1,"[-0.16547560691833496, 0.42697787284851074]","[0.3560720980167389, 0.6439278721809387]",0.6439278721809387
00063773.npy,1,1,"[-0.05299324914813042, 0.07182315737009048]","[0.46883630752563477, 0.5311636328697205]",0.5311636328697205
00063774.npy,1,1,"[-0.08794181048870087, 0.3532458543777466]","[0.39145803451538086, 0.6085420250892639]",0.6085420250892639
00063775.npy,1,1,"[-0.17946398258209229, 0.1492159068584442]","[0.4185618758201599, 0.5814381241798401]",0.5814381241798401
00063776.npy,1,1,"[-0.28856244683265686, -0.07843431830406189]","[0.4476603865623474, 0.5523396134376526]",0.5523396134376526
00063777.npy,1,1,"[-0.41378381848335266, -0.035694777965545654]","[0.4065878689289093, 0.5934121608734131]",0.5934121608734131
00063778.npy,0,1,"[0.06428422033786774, 0.43946316838264465]","[0.4072902202606201, 0.5927097797393799]",0.5927097797393799
00063779.npy,1,1,"[-0.06004703789949417, 0.22748586535453796]","[0.4286079704761505, 0.5713920593261719]",0.5713920593261719
00063780.npy,1,1,"[0.12971389293670654, 0.4628067910671234]","[0.4174882769584656, 0.5825117230415344]",0.5825117230415344
00063781.npy,1,1,"[-0.23757165670394897, 0.13343709707260132]","[0.40829727053642273, 0.5917026996612549]",0.5917026996612549
00063782.npy,1,1,"[-0.18600785732269287, -0.11759716272354126]","[0.48290398716926575, 0.5170959830284119]",0.5170959830284119
00063783.npy,1,1,"[0.018810294568538666, 0.4588402211666107]","[0.3917338252067566, 0.6082661151885986]",0.6082661151885986
00063784.npy,1,1,"[-0.1744285672903061, 0.3019271194934845]","[0.3831130564212799, 0.6168869733810425]",0.6168869733810425
00063785.npy,1,1,"[-0.29991087317466736, 0.046009793877601624]","[0.41437196731567383, 0.5856279730796814]",0.5856279730796814
00063786.npy,1,1,"[-0.12516182661056519, 0.23637384176254272]","[0.410587877035141, 0.5894121527671814]",0.5894121527671814
00063787.npy,1,1,"[-0.3547152876853943, 0.025463566184043884]","[0.40608376264572144, 0.5939162373542786]",0.5939162373542786
00063788.npy,1,1,"[-0.24518996477127075, 0.08774270862340927]","[0.4175272285938263, 0.5824727416038513]",0.5824727416038513
00063789.npy,1,1,"[-0.038313016295433044, 0.1980561912059784]","[0.4411813020706177, 0.5588186979293823]",0.5588186979293823
00063790.npy,1,1,"[-0.09612248837947845, 0.11124499887228012]","[0.44834309816360474, 0.5516568422317505]",0.5516568422317505
00063791.npy,1,1,"[0.048033006489276886, 0.4518597424030304]","[0.4003932476043701, 0.5996067523956299]",0.5996067523956299
00063792.npy,1,1,"[-0.20676809549331665, 0.1932520568370819]","[0.40130749344825745, 0.5986924767494202]",0.5986924767494202
00063793.npy,1,1,"[-0.2133922576904297, 0.19075486063957214]","[0.40031635761260986, 0.5996836423873901]",0.5996836423873901
00063794.npy,1,1,"[-0.10933047533035278, 0.10384460538625717]","[0.4469071626663208, 0.553092896938324]",0.553092896938324
00063795.npy,1,1,"[-0.1600334346294403, 0.12054859846830368]","[0.4303111135959625, 0.5696889162063599]",0.5696889162063599
00063796.npy,1,1,"[-0.15479974448680878, 0.058032967150211334]","[0.44699177145957947, 0.5530081987380981]",0.5530081987380981
00063797.npy,1,1,"[-0.11166985332965851, 0.19403645396232605]","[0.4241631329059601, 0.5758368372917175]",0.5758368372917175
00063798.npy,1,1,"[-0.20490595698356628, 0.13783112168312073]","[0.41514477133750916, 0.5848552584648132]",0.5848552584648132
00063799.npy,0,1,"[-0.30627256631851196, 0.11608924716711044]","[0.3959517180919647, 0.6040482521057129]",0.6040482521057129
00063800.npy,0,1,"[-0.0637175589799881, 0.33600857853889465]","[0.40137815475463867, 0.5986218452453613]",0.5986218452453613
00063801.npy,1,1,"[-0.32223033905029297, 0.03740551322698593]","[0.41104772686958313, 0.5889523029327393]",0.5889523029327393
00063802.npy,1,1,"[-0.15674638748168945, 0.06262662261724472]","[0.4453756511211395, 0.5546243786811829]",0.5546243786811829
00063803.npy,1,1,"[-0.2328537106513977, 0.13214203715324402]","[0.409750759601593, 0.590249240398407]",0.590249240398407
00063804.npy,1,1,"[0.05124723166227341, 0.39015594124794006]","[0.41607460379600525, 0.5839253664016724]",0.5839253664016724
00063805.npy,1,1,"[-0.11039215326309204, 0.3088257312774658]","[0.39670392870903015, 0.6032960414886475]",0.6032960414886475
00063806.npy,1,1,"[-0.09253747761249542, 0.2818751335144043]","[0.40747517347335815, 0.5925247669219971]",0.5925247669219971
00063807.npy,1,1,"[0.1372928023338318, 0.26261433959007263]","[0.4687105715274811, 0.5312894582748413]",0.5312894582748413
00063808.npy,1,1,"[0.047974154353141785, 0.26681169867515564]","[0.4455079138278961, 0.5544920563697815]",0.5544920563697815
00063809.npy,1,1,"[-0.0019849836826324463, 0.29386231303215027]","[0.4265729784965515, 0.5734270215034485]",0.5734270215034485
00063810.npy,1,1,"[-0.37884801626205444, -0.01741541177034378]","[0.4106128215789795, 0.5893871784210205]",0.5893871784210205
00063811.npy,1,1,"[-0.13708379864692688, 0.3743751347064972]","[0.37485161423683167, 0.6251484155654907]",0.6251484155654907
00063812.npy,1,1,"[-0.2792623043060303, -0.03906847536563873]","[0.4402385950088501, 0.5597614049911499]",0.5597614049911499
00063813.npy,1,1,"[-0.19509470462799072, 0.05001317709684372]","[0.43902796506881714, 0.5609720349311829]",0.5609720349311829
00063814.npy,1,1,"[-0.20190396904945374, 0.12849467992782593]","[0.418143630027771, 0.581856369972229]",0.581856369972229
00063815.npy,1,1,"[-0.3005170226097107, 0.16229647397994995]","[0.3863185942173004, 0.6136813759803772]",0.6136813759803772
00063816.npy,1,1,"[-0.11791994422674179, 0.3059498071670532]","[0.395591139793396, 0.6044089198112488]",0.6044089198112488
00063817.npy,1,1,"[-0.3728519082069397, 0.1870877742767334]","[0.3635614216327667, 0.6364386081695557]",0.6364386081695557
00063818.npy,1,1,"[-0.10926926136016846, 0.2265455722808838]","[0.416826456785202, 0.5831735730171204]",0.5831735730171204
00063819.npy,1,1,"[0.04174765944480896, 0.24218150973320007]","[0.45005863904953003, 0.5499414205551147]",0.5499414205551147
00063820.npy,1,1,"[-0.2421850562095642, 0.352815181016922]","[0.3554883897304535, 0.6445116400718689]",0.6445116400718689
00063821.npy,1,1,"[0.032027654349803925, 0.30033087730407715]","[0.4333237111568451, 0.5666763186454773]",0.5666763186454773
00063822.npy,1,1,"[-0.16542096436023712, 0.40420886874198914]","[0.36132222414016724, 0.6386777758598328]",0.6386777758598328
00063823.npy,1,1,"[-0.321267694234848, 0.13974612951278687]","[0.3867453336715698, 0.6132546663284302]",0.6132546663284302
00063824.npy,1,1,"[0.058115601539611816, 0.20576977729797363]","[0.4631533920764923, 0.5368466377258301]",0.5368466377258301
00063825.npy,1,1,"[0.18097394704818726, 0.4497019350528717]","[0.43321940302848816, 0.5667806267738342]",0.5667806267738342
00063826.npy,1,1,"[0.02360834926366806, 0.5289636254310608]","[0.3762829601764679, 0.6237170100212097]",0.6237170100212097
00063827.npy,1,1,"[-0.14899252355098724, 0.27292269468307495]","[0.3960585296154022, 0.6039414405822754]",0.6039414405822754
00063828.npy,1,1,"[-0.03612986579537392, 0.43581679463386536]","[0.38415560126304626, 0.6158444285392761]",0.6158444285392761
00063829.npy,1,1,"[-0.10724353790283203, 0.29716747999191284]","[0.4002529978752136, 0.5997470021247864]",0.5997470021247864
00063830.npy,1,1,"[-0.20256590843200684, 0.12105786055326462]","[0.41979286074638367, 0.580207109451294]",0.580207109451294
00063831.npy,1,1,"[-0.26335835456848145, 0.07389513403177261]","[0.4164768159389496, 0.5835232138633728]",0.5835232138633728
00063832.npy,1,1,"[-0.17043504118919373, 0.0645424872636795]","[0.4415244162082672, 0.5584755539894104]",0.5584755539894104
00063833.npy,1,1,"[-0.05553368479013443, 0.4508499801158905]","[0.3760416507720947, 0.6239583492279053]",0.6239583492279053
00063834.npy,1,1,"[-0.11274680495262146, 0.24265587329864502]","[0.41207289695739746, 0.5879271030426025]",0.5879271030426025
00063835.npy,1,1,"[-0.3657515347003937, 0.20823043584823608]","[0.36031854152679443, 0.6396815180778503]",0.6396815180778503
00063836.npy,1,1,"[-0.08901778608560562, 0.029603831470012665]","[0.4703793525695801, 0.5296207070350647]",0.5296207070350647
00063837.npy,1,1,"[-0.02541939541697502, 0.19914749264717102]","[0.4440930187702179, 0.5559069514274597]",0.5559069514274597
00063838.npy,1,1,"[-0.07548321783542633, 0.06972306221723557]","[0.463762104511261, 0.5362379550933838]",0.5362379550933838
00063839.npy,1,1,"[-0.2782458961009979, -0.022258829325437546]","[0.43635040521621704, 0.5636495351791382]",0.5636495351791382
00063840.npy,1,1,"[-0.1727222502231598, 0.22509118914604187]","[0.4018377959728241, 0.5981621742248535]",0.5981621742248535
00063841.npy,1,1,"[0.1011781319975853, 0.4254131615161896]","[0.41964399814605713, 0.5803560018539429]",0.5803560018539429
00063842.npy,1,1,"[-0.11974973976612091, 0.22342342138290405]","[0.41503891348838806, 0.5849611163139343]",0.5849611163139343
00063843.npy,1,1,"[-0.23586660623550415, -0.13374799489974976]","[0.47449252009391785, 0.5255074501037598]",0.5255074501037598
00063844.npy,1,1,"[-0.07798220962285995, 0.14585983753204346]","[0.4442720115184784, 0.555728018283844]",0.555728018283844
00063845.npy,0,1,"[-0.03971350938081741, 0.2004184126853943]","[0.4402538537979126, 0.5597461462020874]",0.5597461462020874
00063846.npy,1,1,"[-0.03351423889398575, 0.2545342445373535]","[0.42848169803619385, 0.5715182423591614]",0.5715182423591614
00063847.npy,1,1,"[0.0699060931801796, 0.23882350325584412]","[0.4578707814216614, 0.5421292185783386]",0.5421292185783386
00063848.npy,1,1,"[-0.16473600268363953, 0.09409328550100327]","[0.4356515109539032, 0.5643485188484192]",0.5643485188484192
00063849.npy,1,1,"[-0.358124315738678, 0.46344730257987976]","[0.305430144071579, 0.6945698261260986]",0.6945698261260986
00063850.npy,1,1,"[-0.0898701399564743, 0.1781875193119049]","[0.4333840012550354, 0.5666159987449646]",0.5666159987449646
00063851.npy,1,1,"[0.22980698943138123, 0.5911051034927368]","[0.41064536571502686, 0.5893546342849731]",0.5893546342849731
00063852.npy,1,1,"[-0.10020910203456879, 0.13018563389778137]","[0.4426547586917877, 0.5573452711105347]",0.5573452711105347
00063853.npy,1,1,"[-0.388327032327652, 0.027048945426940918]","[0.397623747587204, 0.6023762226104736]",0.6023762226104736
00063854.npy,1,1,"[-0.08735034614801407, 0.2483273446559906]","[0.41685977578163147, 0.5831401944160461]",0.5831401944160461
00063855.npy,1,1,"[-0.07097257673740387, 0.3153672218322754]","[0.4045987129211426, 0.5954012870788574]",0.5954012870788574
00063856.npy,1,1,"[-0.1253572702407837, 0.04702116549015045]","[0.45701178908348083, 0.5429881811141968]",0.5429881811141968
00063857.npy,1,1,"[-0.08227857947349548, 0.21760612726211548]","[0.42558565735816956, 0.5744143128395081]",0.5744143128395081
00063858.npy,1,1,"[-0.031201764941215515, 0.20020246505737305]","[0.44240573048591614, 0.5575942993164062]",0.5575942993164062
00063859.npy,1,1,"[-0.2378467619419098, -0.05694877356290817]","[0.4548984169960022, 0.545101523399353]",0.545101523399353
00063860.npy,1,1,"[-0.14868949353694916, 0.12779760360717773]","[0.43131524324417114, 0.5686848163604736]",0.5686848163604736
00063861.npy,1,1,"[-0.2283283770084381, 0.16049960255622864]","[0.4039994776248932, 0.5960005521774292]",0.5960005521774292
00063862.npy,1,1,"[-0.17381823062896729, 0.4797542989253998]","[0.34218496084213257, 0.6578150987625122]",0.6578150987625122
00063863.npy,1,1,"[-0.15481960773468018, 0.2546948194503784]","[0.3990285396575928, 0.6009714007377625]",0.6009714007377625
00063864.npy,1,1,"[-0.34964337944984436, -0.08360745012760162]","[0.4338805377483368, 0.5661194920539856]",0.5661194920539856
00063865.npy,0,1,"[-0.026460006833076477, 0.3569769263267517]","[0.40529823303222656, 0.5947018265724182]",0.5947018265724182
00063866.npy,1,1,"[-0.1406320184469223, 0.21579936146736145]","[0.41182368993759155, 0.5881763100624084]",0.5881763100624084
00063867.npy,1,1,"[-0.24439582228660583, 0.3808172345161438]","[0.3485967218875885, 0.6514032483100891]",0.6514032483100891
00063868.npy,1,1,"[-0.193141371011734, 0.02089732140302658]","[0.44669368863105774, 0.5533063411712646]",0.5533063411712646
00063869.npy,1,1,"[-0.021637199446558952, 0.25194576382637024]","[0.4320276975631714, 0.5679723024368286]",0.5679723024368286
00063870.npy,1,1,"[0.04857536405324936, 0.5431157350540161]","[0.3788245916366577, 0.6211754679679871]",0.6211754679679871
00063871.npy,1,1,"[-0.14845514297485352, 0.09615238755941391]","[0.43915122747421265, 0.5608487725257874]",0.5608487725257874
00063872.npy,1,1,"[-0.014761053025722504, 0.32704636454582214]","[0.41537052392959595, 0.5846295356750488]",0.5846295356750488
00063873.npy,1,1,"[-0.15949547290802002, -0.0043474771082401276]","[0.4612906277179718, 0.5387094020843506]",0.5387094020843506
00063874.npy,1,1,"[0.007923159748315811, 0.19014602899551392]","[0.454569935798645, 0.545430064201355]",0.545430064201355
00063875.npy,1,1,"[-0.09726817905902863, 0.2530376613140106]","[0.4133082628250122, 0.5866917371749878]",0.5866917371749878
00063876.npy,1,1,"[-0.13233834505081177, -0.013785745948553085]","[0.4703965485095978, 0.5296034812927246]",0.5296034812927246
00063877.npy,1,1,"[0.1076192632317543, 0.1485154926776886]","[0.4897773563861847, 0.5102226138114929]",0.5102226138114929
00063878.npy,1,1,"[-0.17893332242965698, 0.2077144980430603]","[0.4045245051383972, 0.595475435256958]",0.595475435256958
00063879.npy,0,1,"[-0.28774893283843994, 0.0733742043375969]","[0.4106876850128174, 0.5893122553825378]",0.5893122553825378
00063880.npy,1,1,"[-0.272524893283844, 0.05266217887401581]","[0.41941213607788086, 0.5805878639221191]",0.5805878639221191
00063881.npy,0,1,"[-0.10428756475448608, 0.2210894525051117]","[0.41936588287353516, 0.5806341171264648]",0.5806341171264648
00063882.npy,1,1,"[-0.03547057509422302, 0.30468490719795227]","[0.4157717227935791, 0.5842282772064209]",0.5842282772064209
00063883.npy,1,1,"[-0.11017516255378723, 0.09245433658361435]","[0.4495152235031128, 0.5504847168922424]",0.5504847168922424
00063884.npy,1,1,"[0.07859628647565842, 0.1702309548854828]","[0.47710737586021423, 0.5228926539421082]",0.5228926539421082
00063885.npy,1,1,"[0.009432341903448105, 0.29158034920692444]","[0.429927259683609, 0.5700727701187134]",0.5700727701187134
00063886.npy,1,1,"[0.10482516139745712, 0.3101634681224823]","[0.4488450288772583, 0.5511549711227417]",0.5511549711227417
00063887.npy,1,1,"[-0.059010449796915054, 0.20891410112380981]","[0.4334166646003723, 0.5665832757949829]",0.5665832757949829
00063888.npy,1,1,"[-0.2592836320400238, 0.012465476989746094]","[0.43247777223587036, 0.5675222873687744]",0.5675222873687744
00063889.npy,1,1,"[-0.14773881435394287, 0.2022932469844818]","[0.413374662399292, 0.586625337600708]",0.586625337600708
00063890.npy,1,1,"[0.18503525853157043, 0.6499555706977844]","[0.3858192563056946, 0.6141807436943054]",0.6141807436943054
00063891.npy,1,1,"[-0.15879327058792114, 0.06224066764116287]","[0.4449654221534729, 0.5550345778465271]",0.5550345778465271
00063892.npy,1,1,"[-0.03676005080342293, 0.25415724515914917]","[0.42777931690216064, 0.5722206830978394]",0.5722206830978394
00063893.npy,1,1,"[-0.351218044757843, 0.013967402279376984]","[0.40970486402511597, 0.5902950763702393]",0.5902950763702393
00063894.npy,1,1,"[-0.31978297233581543, 0.2992815375328064]","[0.3499942719936371, 0.6500057578086853]",0.6500057578086853
00063895.npy,1,1,"[0.05361776798963547, 0.20596298575401306]","[0.4619871973991394, 0.5380128026008606]",0.5380128026008606
00063896.npy,0,1,"[0.130501389503479, 0.2915132939815521]","[0.4598337709903717, 0.5401662588119507]",0.5401662588119507
00063897.npy,1,1,"[-0.12618444859981537, 0.4063223600387573]","[0.3699323832988739, 0.6300675868988037]",0.6300675868988037
00063898.npy,1,1,"[-0.49968355894088745, -0.05626865103840828]","[0.3909275531768799, 0.6090723872184753]",0.6090723872184753
00063899.npy,1,1,"[-0.2508520185947418, 0.23500001430511475]","[0.3808712363243103, 0.6191287636756897]",0.6191287636756897
00063900.npy,1,1,"[-0.14645081758499146, 0.01816810667514801]","[0.45893797278404236, 0.54106205701828]",0.54106205701828
00063901.npy,1,1,"[-0.08057691156864166, 0.1208416298031807]","[0.44981491565704346, 0.5501850843429565]",0.5501850843429565
00063902.npy,1,1,"[-0.10052786022424698, 0.15588125586509705]","[0.4362466335296631, 0.5637533664703369]",0.5637533664703369
00063903.npy,1,1,"[-0.19108432531356812, 0.05441219359636307]","[0.43893226981163025, 0.5610677599906921]",0.5610677599906921
00063904.npy,1,1,"[0.1085050031542778, 0.6757718324661255]","[0.3618677258491516, 0.6381322741508484]",0.6381322741508484
00063905.npy,1,1,"[-0.24068918824195862, 0.35429325699806213]","[0.3554924726486206, 0.6445075273513794]",0.6445075273513794
00063906.npy,1,1,"[-0.24119988083839417, 0.4438764154911041]","[0.3351292908191681, 0.6648707389831543]",0.6648707389831543
00063907.npy,1,1,"[0.01461230218410492, 0.14532580971717834]","[0.46736809611320496, 0.5326319336891174]",0.5326319336891174
00063908.npy,1,1,"[-0.025865279138088226, 0.4068743586540222]","[0.3934723436832428, 0.6065276861190796]",0.6065276861190796
00063909.npy,1,1,"[-0.1193961352109909, 0.24280905723571777]","[0.4104258418083191, 0.5895740985870361]",0.5895740985870361
00063910.npy,1,1,"[-0.029786696657538414, 0.30229389667510986]","[0.4177344739437103, 0.5822654962539673]",0.5822654962539673
00063911.npy,1,1,"[0.12698760628700256, 0.3977964222431183]","[0.4327085316181183, 0.5672914385795593]",0.5672914385795593
00063912.npy,1,1,"[0.0038024745881557465, 0.5509116053581238]","[0.36653536558151245, 0.6334645748138428]",0.6334645748138428
00063913.npy,0,1,"[0.09312836080789566, 0.46330079436302185]","[0.4084993600845337, 0.5915006399154663]",0.5915006399154663
00063914.npy,1,1,"[0.04992210119962692, 0.4521472752094269]","[0.4007778465747833, 0.5992221832275391]",0.5992221832275391
00063915.npy,1,1,"[-0.05728103965520859, 0.5029860734939575]","[0.3634856343269348, 0.6365143656730652]",0.6365143656730652
00063916.npy,1,1,"[-0.08784869313240051, 0.26735997200012207]","[0.41211989521980286, 0.5878800749778748]",0.5878800749778748
00063917.npy,1,1,"[0.029360681772232056, 0.32431936264038086]","[0.42679035663604736, 0.5732096433639526]",0.5732096433639526
00063918.npy,1,1,"[0.21523895859718323, 0.29272690415382385]","[0.48063772916793823, 0.5193623304367065]",0.5193623304367065
00063919.npy,1,1,"[-0.14310310781002045, 0.14114117622375488]","[0.4294135570526123, 0.5705864429473877]",0.5705864429473877
00063920.npy,1,1,"[-0.10880071669816971, 0.23109018802642822]","[0.41583600640296936, 0.584164023399353]",0.584164023399353
00063921.npy,1,1,"[-0.2352447807788849, 0.2659434974193573]","[0.3772614300251007, 0.6227385401725769]",0.6227385401725769
00063922.npy,1,1,"[-0.3176896572113037, 0.33774590492248535]","[0.3417656719684601, 0.6582342982292175]",0.6582342982292175
00063923.npy,1,1,"[-0.05708065629005432, 0.43204909563064575]","[0.3800986111164093, 0.6199014186859131]",0.6199014186859131
00063924.npy,1,1,"[-0.026187215000391006, 0.16367408633232117]","[0.45267677307128906, 0.5473232865333557]",0.5473232865333557
00063925.npy,1,1,"[0.13645994663238525, 0.4735800325870514]","[0.4165092408657074, 0.583490788936615]",0.583490788936615
00063926.npy,1,1,"[-0.12486878037452698, 0.320515900850296]","[0.3904586732387543, 0.6095413565635681]",0.6095413565635681
00063927.npy,1,1,"[-0.06658468395471573, 0.38041356205940247]","[0.3900747001171112, 0.6099253296852112]",0.6099253296852112
00063928.npy,1,1,"[-0.11217953264713287, 0.39461392164230347]","[0.3759455382823944, 0.624054491519928]",0.624054491519928
00063929.npy,1,1,"[-0.03686167672276497, 0.5285979509353638]","[0.36228513717651367, 0.6377148032188416]",0.6377148032188416
00063930.npy,1,1,"[-0.159729465842247, 0.30889302492141724]","[0.38494232296943665, 0.615057647228241]",0.615057647228241
00063931.npy,1,1,"[-0.08212269842624664, 0.34494736790657043]","[0.39482617378234863, 0.6051737666130066]",0.6051737666130066
00063932.npy,1,1,"[0.050322480499744415, 0.2657049596309662]","[0.44636157155036926, 0.5536384582519531]",0.5536384582519531
00063933.npy,1,1,"[-0.21146494150161743, 0.20399463176727295]","[0.39760375022888184, 0.6023962497711182]",0.6023962497711182
00063934.npy,1,1,"[-0.12274734675884247, 0.35932666063308716]","[0.3817625045776367, 0.6182374954223633]",0.6182374954223633
00063935.npy,1,1,"[-0.1446278989315033, 0.267991840839386]","[0.3982841372489929, 0.6017159223556519]",0.6017159223556519
00063936.npy,0,1,"[-0.11916285753250122, 0.17867511510849]","[0.42608609795570374, 0.5739139318466187]",0.5739139318466187
00063937.npy,1,1,"[-0.13350707292556763, 0.2745645046234131]","[0.3993746042251587, 0.6006253957748413]",0.6006253957748413
00063938.npy,1,1,"[0.02468544989824295, 0.14814749360084534]","[0.4691736400127411, 0.5308263897895813]",0.5308263897895813
00063939.npy,1,1,"[0.023320510983467102, 0.31221702694892883]","[0.4282740652561188, 0.5717259645462036]",0.5717259645462036
00063940.npy,1,1,"[0.08313637226819992, 0.25971153378486633]","[0.45597055554389954, 0.5440294742584229]",0.5440294742584229
00063941.npy,1,1,"[-0.22872287034988403, 0.1948794424533844]","[0.3956550657749176, 0.60434490442276]",0.60434490442276
00063942.npy,1,1,"[0.0010730177164077759, 0.4218343198299408]","[0.39633458852767944, 0.6036654114723206]",0.6036654114723206
00063943.npy,1,1,"[-0.15569697320461273, -0.07132061570882797]","[0.4789184033870697, 0.5210815668106079]",0.5210815668106079
00063944.npy,1,1,"[-0.32842639088630676, -0.0078362375497818]","[0.4205319285392761, 0.5794680714607239]",0.5794680714607239
00063945.npy,1,1,"[-0.2668953537940979, 0.23546165227890015]","[0.37698689103126526, 0.6230130791664124]",0.6230130791664124
00063946.npy,1,1,"[0.01413271576166153, 0.21419161558151245]","[0.4501514136791229, 0.5498486161231995]",0.5498486161231995
00063947.npy,1,1,"[-0.1589919626712799, 0.07787125557661057]","[0.44105949997901917, 0.5589404702186584]",0.5589404702186584
00063948.npy,1,1,"[-0.17321905493736267, 0.22543483972549438]","[0.4016358256340027, 0.5983642339706421]",0.5983642339706421
00063949.npy,1,1,"[-0.012258324772119522, 0.378461092710495]","[0.403544157743454, 0.5964558720588684]",0.5964558720588684
00063950.npy,1,1,"[-0.08989101648330688, 0.17997518181800842]","[0.43293994665145874, 0.5670600533485413]",0.5670600533485413
00063951.npy,1,1,"[-0.030226444825530052, 0.46216341853141785]","[0.37933075428009033, 0.6206692457199097]",0.6206692457199097
00063952.npy,1,1,"[0.015037357807159424, 0.37693655490875244]","[0.4104999005794525, 0.5895001292228699]",0.5895001292228699
00063953.npy,1,1,"[-0.029185257852077484, 0.2714030146598816]","[0.42541366815567017, 0.5745863318443298]",0.5745863318443298
00063954.npy,1,1,"[-0.2490692138671875, 0.20986855030059814]","[0.3872378468513489, 0.6127620935440063]",0.6127620935440063
00063955.npy,1,1,"[0.020113378763198853, 0.400346040725708]","[0.4060707986354828, 0.5939292311668396]",0.5939292311668396
00063956.npy,0,1,"[-0.09189403057098389, 0.29123055934906006]","[0.4053735136985779, 0.5946265459060669]",0.5946265459060669
00063957.npy,1,1,"[-0.07926946878433228, 0.06726301461458206]","[0.46343228220939636, 0.5365676879882812]",0.5365676879882812
00063958.npy,1,1,"[-0.2550658881664276, -0.09222756326198578]","[0.4593801498413086, 0.5406198501586914]",0.5406198501586914
00063959.npy,1,1,"[-0.1794331967830658, 0.40838485956192017]","[0.3571356236934662, 0.6428643465042114]",0.6428643465042114
00063960.npy,1,1,"[-0.2980435788631439, 0.18413522839546204]","[0.38173776865005493, 0.6182622313499451]",0.6182622313499451
00063961.npy,1,1,"[-0.044043026864528656, 0.07535047084093094]","[0.4701870083808899, 0.5298129320144653]",0.5298129320144653
00063962.npy,1,1,"[-0.09926706552505493, 0.13287150859832764]","[0.4422245919704437, 0.5577753782272339]",0.5577753782272339
00063963.npy,1,1,"[-0.21424338221549988, 0.08764223009347916]","[0.4250966012477875, 0.5749033689498901]",0.5749033689498901
00063964.npy,1,1,"[-0.21638643741607666, 0.39876100420951843]","[0.35088589787483215, 0.6491141319274902]",0.6491141319274902
00063965.npy,1,1,"[0.09520647674798965, 0.515615701675415]","[0.39641880989074707, 0.6035811901092529]",0.6035811901092529
00063966.npy,1,1,"[0.013314902782440186, 0.28685861825942993]","[0.4320373237133026, 0.5679627060890198]",0.5679627060890198
00063967.npy,1,1,"[-0.009533584117889404, 0.04279725253582001]","[0.4869202673435211, 0.5130797624588013]",0.5130797624588013
00063968.npy,0,1,"[-0.20662280917167664, 0.18307921290397644]","[0.4037890136241913, 0.5962109565734863]",0.5962109565734863
00063969.npy,1,1,"[-0.3342943787574768, 0.11874517053365707]","[0.38863831758499146, 0.6113616228103638]",0.6113616228103638
00063970.npy,1,1,"[0.0411723330616951, 0.2797293961048126]","[0.44064196944236755, 0.5593580007553101]",0.5593580007553101
00063971.npy,1,1,"[-0.17377936840057373, 0.009888269007205963]","[0.4542117416858673, 0.5457882285118103]",0.5457882285118103
00063972.npy,1,1,"[-0.14644750952720642, 0.09081707149744034]","[0.4409605860710144, 0.5590394139289856]",0.5590394139289856
00063973.npy,1,1,"[-0.2056582272052765, 0.2548796832561493]","[0.3868582248687744, 0.6131417751312256]",0.6131417751312256
00063974.npy,1,1,"[-0.2046772539615631, 0.12560856342315674]","[0.41817110776901245, 0.5818288922309875]",0.5818288922309875
00063975.npy,1,1,"[-0.3579237163066864, -0.004567276686429977]","[0.41256871819496155, 0.5874313116073608]",0.5874313116073608
00063976.npy,0,1,"[-0.2970821261405945, 0.36491382122039795]","[0.3402913808822632, 0.6597086191177368]",0.6597086191177368
00063977.npy,1,1,"[-0.20049595832824707, 0.025600701570510864]","[0.4437153935432434, 0.5562846064567566]",0.5562846064567566
00063978.npy,1,1,"[0.11990337818861008, 0.2693744897842407]","[0.46270161867141724, 0.537298321723938]",0.537298321723938
00063979.npy,1,1,"[-0.33698827028274536, 0.020287178456783295]","[0.41161927580833435, 0.588380753993988]",0.588380753993988
00063980.npy,1,1,"[-0.0077497996389865875, 0.10032939165830612]","[0.4730064570903778, 0.5269935131072998]",0.5269935131072998
00063981.npy,1,1,"[-0.15434005856513977, 0.3521537482738495]","[0.3760158121585846, 0.623984158039093]",0.623984158039093
00063982.npy,1,1,"[-0.15034106373786926, 0.15188878774642944]","[0.425012469291687, 0.574987530708313]",0.574987530708313
00063983.npy,1,1,"[-0.11721807718276978, 0.13556450605392456]","[0.43713873624801636, 0.5628612041473389]",0.5628612041473389
00063984.npy,1,1,"[-0.2529241442680359, 0.11595460027456284]","[0.4088119864463806, 0.5911880135536194]",0.5911880135536194
00063985.npy,1,1,"[0.2047344446182251, 0.3757845461368561]","[0.4573414623737335, 0.5426585674285889]",0.5426585674285889
00063986.npy,1,1,"[-0.014190059155225754, 0.12788808345794678]","[0.4645400941371918, 0.5354598760604858]",0.5354598760604858
00063987.npy,1,1,"[-0.13011857867240906, 0.10419773310422897]","[0.4416874945163727, 0.5583125352859497]",0.5583125352859497
00063988.npy,1,1,"[-0.12762926518917084, 0.017850279808044434]","[0.46369415521621704, 0.5363059043884277]",0.5363059043884277
00063989.npy,1,1,"[-0.20272541046142578, 0.31574660539627075]","[0.3732095956802368, 0.6267904043197632]",0.6267904043197632
00063990.npy,1,1,"[-0.10653652250766754, 0.23602035641670227]","[0.4151885211467743, 0.5848114490509033]",0.5848114490509033
00063991.npy,1,1,"[-0.2427375614643097, -0.1544463187456131]","[0.47794151306152344, 0.5220584869384766]",0.5220584869384766
00063992.npy,1,1,"[-0.07945346087217331, 0.19336450099945068]","[0.4322154223918915, 0.5677845478057861]",0.5677845478057861
00063993.npy,0,1,"[-8.89599323272705e-06, 0.29717186093330383]","[0.4262468218803406, 0.5737531781196594]",0.5737531781196594
00063994.npy,1,1,"[-0.08871710300445557, 0.34790557622909546]","[0.39254599809646606, 0.6074540019035339]",0.6074540019035339
00063995.npy,1,1,"[-0.2745613157749176, 0.13297367095947266]","[0.39950332045555115, 0.6004966497421265]",0.6004966497421265
00063996.npy,1,1,"[-0.20048043131828308, 0.315658301115036]","[0.3737555742263794, 0.6262444257736206]",0.6262444257736206
00063997.npy,1,1,"[-0.24481838941574097, -0.0980849415063858]","[0.4633823037147522, 0.536617636680603]",0.536617636680603
00063998.npy,1,1,"[-0.08912152051925659, 0.2380678951740265]","[0.41892462968826294, 0.5810753107070923]",0.5810753107070923
00063999.npy,1,1,"[-0.004242394119501114, 0.34090885519981384]","[0.4145587384700775, 0.5854412913322449]",0.5854412913322449
00064000.npy,1,1,"[-0.24276646971702576, 0.11393821984529495]","[0.4117574989795685, 0.5882424712181091]",0.5882424712181091
00064001.npy,1,1,"[-0.15915067493915558, 0.0872349962592125]","[0.43871328234672546, 0.5612866878509521]",0.5612866878509521
00064002.npy,1,1,"[-0.4387541115283966, 0.09518898278474808]","[0.3695976734161377, 0.6304023265838623]",0.6304023265838623
00064003.npy,1,1,"[0.04646521061658859, 0.29312053322792053]","[0.43864691257476807, 0.5613530874252319]",0.5613530874252319
00064004.npy,1,1,"[0.07585137337446213, 0.3282433748245239]","[0.43723487854003906, 0.5627651810646057]",0.5627651810646057
00064005.npy,1,1,"[-0.23740136623382568, 0.37265077233314514]","[0.352047324180603, 0.647952675819397]",0.647952675819397
00064006.npy,1,1,"[-0.3380303978919983, 0.07463904470205307]","[0.39827221632003784, 0.6017277836799622]",0.6017277836799622
00064007.npy,1,1,"[-0.33460888266563416, -0.13244390487670898]","[0.44963017106056213, 0.5503697991371155]",0.5503697991371155
00064008.npy,1,1,"[-0.16317495703697205, -0.026051945984363556]","[0.4657728672027588, 0.534227192401886]",0.534227192401886
00064009.npy,1,1,"[-0.18795734643936157, 0.06570784002542496]","[0.4369215667247772, 0.5630784034729004]",0.5630784034729004
00064010.npy,1,1,"[-0.10767696797847748, 0.35432979464530945]","[0.38650986552238464, 0.6134901642799377]",0.6134901642799377
00064011.npy,1,1,"[-0.20600122213363647, 0.24679556488990784]","[0.38869601488113403, 0.611303985118866]",0.611303985118866
00064012.npy,1,1,"[0.022209681570529938, 0.3824499845504761]","[0.41090139746665955, 0.5890986323356628]",0.5890986323356628
00064013.npy,1,1,"[0.03353393077850342, 0.3590433597564697]","[0.41933366656303406, 0.5806663632392883]",0.5806663632392883
00064014.npy,1,1,"[-0.013832900673151016, 0.4191642105579376]","[0.393410861492157, 0.6065890789031982]",0.6065890789031982
00064015.npy,1,1,"[-0.23226097226142883, 0.04907643795013428]","[0.4301259219646454, 0.569874107837677]",0.569874107837677
00064016.npy,1,1,"[-0.12842771410942078, 0.19186890125274658]","[0.4206034541130066, 0.5793965458869934]",0.5793965458869934
00064017.npy,1,1,"[0.09914571791887283, 0.422392874956131]","[0.419884592294693, 0.5801153779029846]",0.5801153779029846
00064018.npy,1,1,"[-0.14293883740901947, 0.22876524925231934]","[0.40812933444976807, 0.5918706655502319]",0.5918706655502319
00064019.npy,1,1,"[0.11190644651651382, 0.4368327260017395]","[0.41947561502456665, 0.5805243253707886]",0.5805243253707886
00064020.npy,0,1,"[-0.09767387807369232, 0.047199271619319916]","[0.4638449549674988, 0.5361550450325012]",0.5361550450325012
00064021.npy,1,1,"[0.11571849137544632, 0.4344222843647003]","[0.4209916889667511, 0.5790083408355713]",0.5790083408355713
00064022.npy,1,1,"[-0.23719722032546997, 0.22193318605422974]","[0.38719213008880615, 0.6128078699111938]",0.6128078699111938
00064023.npy,1,1,"[-0.15088321268558502, 0.24788880348205566]","[0.4016073942184448, 0.5983925461769104]",0.5983925461769104
00064024.npy,1,1,"[-0.06819545477628708, 0.3551357090473175]","[0.3957199156284332, 0.6042801141738892]",0.6042801141738892
00064025.npy,1,1,"[-0.27185437083244324, 0.17383375763893127]","[0.3903864622116089, 0.6096135377883911]",0.6096135377883911
00064026.npy,1,1,"[-0.031098689883947372, 0.24169057607650757]","[0.43222248554229736, 0.5677775144577026]",0.5677775144577026
00064027.npy,1,1,"[-0.30726227164268494, 0.12841859459877014]","[0.3927706182003021, 0.6072294116020203]",0.6072294116020203
00064028.npy,1,1,"[0.013379521667957306, 0.09136072546243668]","[0.4805145561695099, 0.5194854140281677]",0.5194854140281677
00064029.npy,1,1,"[-0.11949483305215836, 0.028838157653808594]","[0.4629845917224884, 0.5370153784751892]",0.5370153784751892
00064030.npy,1,1,"[-0.2913406491279602, 0.1243414506316185]","[0.39755046367645264, 0.6024495959281921]",0.6024495959281921
00064031.npy,1,1,"[-0.1058741956949234, 0.03950946033000946]","[0.4637179672718048, 0.5362820029258728]",0.5362820029258728
00064032.npy,0,1,"[-0.2811987102031708, 0.18541964888572693]","[0.3854169547557831, 0.6145830154418945]",0.6145830154418945
00064033.npy,1,1,"[0.41965755820274353, 0.7740546464920044]","[0.41231656074523926, 0.5876834988594055]",0.5876834988594055
00064034.npy,1,1,"[-0.026540953665971756, 0.31518855690956116]","[0.41538944840431213, 0.5846105813980103]",0.5846105813980103
00064035.npy,1,1,"[0.02083173394203186, 0.2119956910610199]","[0.4523540437221527, 0.5476459860801697]",0.5476459860801697
00064036.npy,1,1,"[-0.02834148332476616, 0.4287782311439514]","[0.38766932487487793, 0.6123306751251221]",0.6123306751251221
00064037.npy,1,1,"[-0.263822466135025, 0.012298204004764557]","[0.43140509724617004, 0.5685949325561523]",0.5685949325561523
00064038.npy,1,1,"[-0.14923834800720215, 0.10786295682191849]","[0.43607643246650696, 0.5639235973358154]",0.5639235973358154
00064039.npy,1,1,"[-0.21427181363105774, -0.02673453837633133]","[0.4532526135444641, 0.5467473864555359]",0.5467473864555359
00064040.npy,1,1,"[0.11658073216676712, 0.2293216586112976]","[0.4718445837497711, 0.5281554460525513]",0.5281554460525513
00064041.npy,1,1,"[-0.4181802570819855, -0.12602993845939636]","[0.42747750878334045, 0.5725224614143372]",0.5725224614143372
00064042.npy,1,1,"[-0.01228053867816925, 0.188075989484787]","[0.45007774233818054, 0.5499222278594971]",0.5499222278594971
00064043.npy,0,1,"[-0.10935512185096741, 0.2049817442893982]","[0.42205649614334106, 0.5779435038566589]",0.5779435038566589
00064044.npy,1,1,"[-0.08865542709827423, 0.299986332654953]","[0.4040443003177643, 0.5959556698799133]",0.5959556698799133
00064045.npy,1,1,"[-0.000954359769821167, 0.40808454155921936]","[0.3991425931453705, 0.6008573770523071]",0.6008573770523071
00064046.npy,1,1,"[0.04329933226108551, 0.3656173348426819]","[0.4201109707355499, 0.5798890590667725]",0.5798890590667725
00064047.npy,1,1,"[0.06048122048377991, 0.2550106942653656]","[0.4515204131603241, 0.5484795570373535]",0.5484795570373535
00064048.npy,1,1,"[-0.07699843496084213, 0.043059758841991425]","[0.47002145648002625, 0.5299785733222961]",0.5299785733222961
00064049.npy,1,1,"[-0.13785669207572937, 0.17731741070747375]","[0.4218522906303406, 0.5781477093696594]",0.5781477093696594
00064050.npy,1,1,"[0.03279486298561096, 0.3572203516960144]","[0.4195975959300995, 0.5804023742675781]",0.5804023742675781
00064051.npy,1,1,"[-0.187761127948761, -0.048503972589969635]","[0.4652418792247772, 0.5347581505775452]",0.5347581505775452
00064052.npy,1,1,"[-0.014200054109096527, 0.3978772461414337]","[0.39841410517692566, 0.601585865020752]",0.601585865020752
00064053.npy,1,1,"[-0.36227166652679443, 0.09548138827085495]","[0.3875190019607544, 0.6124809980392456]",0.6124809980392456
00064054.npy,1,1,"[-0.11202353239059448, 0.29170718789100647]","[0.4004163146018982, 0.5995836853981018]",0.5995836853981018
00064055.npy,1,1,"[-0.21111533045768738, 0.3285706639289856]","[0.36826062202453613, 0.6317393779754639]",0.6317393779754639
00064056.npy,1,1,"[-0.10008887201547623, 0.07077322155237198]","[0.45738810300827026, 0.5426118969917297]",0.5426118969917297
00064057.npy,1,1,"[-0.07989808917045593, 0.1526317000389099]","[0.44212806224823, 0.55787193775177]",0.55787193775177
00064058.npy,1,1,"[-0.19449785351753235, -0.07105369865894318]","[0.46917808055877686, 0.5308218598365784]",0.5308218598365784
00064059.npy,1,1,"[0.06749996542930603, 0.41729724407196045]","[0.4134315848350525, 0.5865684151649475]",0.5865684151649475
00064060.npy,1,1,"[-0.20524415373802185, -0.021362416446208954]","[0.4541586637496948, 0.5458413362503052]",0.5458413362503052
00064061.npy,1,1,"[-0.11390173435211182, 0.2616594433784485]","[0.4071979522705078, 0.5928020477294922]",0.5928020477294922
00064062.npy,1,1,"[0.06881476938724518, 0.622633159160614]","[0.36497896909713745, 0.6350210309028625]",0.6350210309028625
00064063.npy,1,1,"[0.018695838749408722, 0.396902471780777]","[0.4065595269203186, 0.5934405326843262]",0.5934405326843262
00064064.npy,1,1,"[-0.3042093813419342, 0.16793304681777954]","[0.3841092884540558, 0.6158907413482666]",0.6158907413482666
00064065.npy,1,1,"[-0.09466427564620972, 0.15330880880355835]","[0.43832242488861084, 0.5616775155067444]",0.5616775155067444
00064066.npy,1,1,"[-0.14388319849967957, 0.19671443104743958]","[0.41566431522369385, 0.5843356847763062]",0.5843356847763062
00064067.npy,0,1,"[-0.08253412693738937, 0.1776828169822693]","[0.43531036376953125, 0.5646896362304688]",0.5646896362304688
00064068.npy,1,1,"[-0.04850558191537857, 0.328523725271225]","[0.4068436026573181, 0.5931563973426819]",0.5931563973426819
00064069.npy,1,1,"[-0.26532861590385437, -0.005608167499303818]","[0.43543243408203125, 0.5645675659179688]",0.5645675659179688
00064070.npy,1,1,"[-0.2759012281894684, 0.15076711773872375]","[0.3949221968650818, 0.605077862739563]",0.605077862739563
00064071.npy,1,1,"[0.13256949186325073, 0.42463579773902893]","[0.42749807238578796, 0.5725018978118896]",0.5725018978118896
00064072.npy,1,1,"[-0.06394267827272415, 0.6852695941925049]","[0.32099297642707825, 0.6790070533752441]",0.6790070533752441
00064073.npy,1,1,"[0.0035945139825344086, 0.23741674423217773]","[0.44180935621261597, 0.5581907033920288]",0.5581907033920288
00064074.npy,1,1,"[-0.7387291193008423, -0.07132742553949356]","[0.3390789031982422, 0.6609211564064026]",0.6609211564064026
00064075.npy,1,1,"[-0.1405658721923828, 0.30851203203201294]","[0.38958004117012024, 0.6104199290275574]",0.6104199290275574
00064076.npy,0,1,"[-0.3092653751373291, 0.07007577270269394]","[0.40628582239151, 0.59371417760849]",0.59371417760849
00064077.npy,1,1,"[-0.30321004986763, 0.16083338856697083]","[0.3860270380973816, 0.6139729619026184]",0.6139729619026184
00064078.npy,0,1,"[-0.24002864956855774, 0.2824309468269348]","[0.37227728962898254, 0.6277227401733398]",0.6277227401733398
00064079.npy,1,1,"[-0.176620751619339, 0.1364460587501526]","[0.42236635088920593, 0.5776336193084717]",0.5776336193084717
00064080.npy,1,1,"[-0.09668104350566864, 0.1353747546672821]","[0.4422449767589569, 0.5577549934387207]",0.5577549934387207
00064081.npy,0,1,"[-0.032180167734622955, 0.4756476581096649]","[0.3757028877735138, 0.6242971420288086]",0.6242971420288086
00064082.npy,1,1,"[-0.25561192631721497, 0.21842411160469055]","[0.3836614191532135, 0.6163386106491089]",0.6163386106491089
00064083.npy,0,1,"[-0.14573410153388977, 0.44082149863243103]","[0.3574255704879761, 0.6425744891166687]",0.6425744891166687
00064084.npy,1,1,"[-0.07627709954977036, 0.16415253281593323]","[0.4401804506778717, 0.5598195195198059]",0.5598195195198059
00064085.npy,0,1,"[-0.21783336997032166, 0.36070969700813293]","[0.359267920255661, 0.6407321095466614]",0.6407321095466614
00064086.npy,0,1,"[0.11047796159982681, 0.3512873947620392]","[0.44008687138557434, 0.5599130988121033]",0.5599130988121033
00064087.npy,1,1,"[-0.08047743141651154, 0.17597392201423645]","[0.4362362325191498, 0.5637637376785278]",0.5637637376785278
00064088.npy,1,1,"[-0.30431219935417175, 0.3335372507572174]","[0.34573283791542053, 0.6542671918869019]",0.6542671918869019
00064089.npy,1,1,"[0.10147938877344131, 0.594361424446106]","[0.379214882850647, 0.620785117149353]",0.620785117149353
00064090.npy,1,1,"[0.16504910588264465, 0.3863452076911926]","[0.44490066170692444, 0.555099368095398]",0.555099368095398
00064091.npy,1,1,"[0.05394302308559418, 0.4470023214817047]","[0.40298107266426086, 0.5970189571380615]",0.5970189571380615
00064092.npy,1,1,"[-0.10347601026296616, 0.3864496946334839]","[0.3799110949039459, 0.6200889348983765]",0.6200889348983765
00064093.npy,1,1,"[-0.11797992885112762, 0.290926992893219]","[0.3991742730140686, 0.6008257865905762]",0.6008257865905762
00064094.npy,1,1,"[-0.2211141288280487, 0.027984075248241425]","[0.4380455017089844, 0.5619544982910156]",0.5619544982910156
00064095.npy,1,1,"[-0.05462412163615227, 0.37591713666915894]","[0.39399710297584534, 0.606002926826477]",0.606002926826477
00064096.npy,1,1,"[-0.2720932960510254, 0.15153414011001587]","[0.3956490755081177, 0.6043509244918823]",0.6043509244918823
00064097.npy,1,1,"[-0.2032322883605957, -0.053373709321022034]","[0.4626053273677826, 0.5373947024345398]",0.5373947024345398
00064098.npy,1,1,"[-0.10610523074865341, 0.33461517095565796]","[0.3915693461894989, 0.6084306836128235]",0.6084306836128235
00064099.npy,1,1,"[0.09873441606760025, 0.1856233775615692]","[0.47829142212867737, 0.521708607673645]",0.521708607673645
00064100.npy,1,1,"[-0.27778196334838867, 0.2550916373729706]","[0.369846910238266, 0.6301530599594116]",0.6301530599594116
00064101.npy,1,1,"[-0.21622112393379211, 0.0590774267911911]","[0.4316067695617676, 0.5683932304382324]",0.5683932304382324
00064102.npy,1,1,"[-0.1452096402645111, 0.32541683316230774]","[0.3844679594039917, 0.6155319809913635]",0.6155319809913635
00064103.npy,1,1,"[-0.20605263113975525, 0.015125103294849396]","[0.44492989778518677, 0.5550701022148132]",0.5550701022148132
00064104.npy,1,1,"[-0.1428244262933731, 0.23475351929664612]","[0.4067111611366272, 0.5932888388633728]",0.5932888388633728
00064105.npy,1,1,"[-0.30818086862564087, -0.01271398738026619]","[0.4266660213470459, 0.5733339786529541]",0.5733339786529541
00064106.npy,1,1,"[0.20090481638908386, 0.5405804514884949]","[0.4158882796764374, 0.5841116905212402]",0.5841116905212402
00064107.npy,1,1,"[-0.039299845695495605, 0.29970070719718933]","[0.41605228185653687, 0.5839477181434631]",0.5839477181434631
00064108.npy,1,1,"[-0.17527352273464203, 0.10944803804159164]","[0.429296612739563, 0.570703387260437]",0.570703387260437
00064109.npy,1,1,"[-0.197378009557724, 0.12014357000589371]","[0.4212798774242401, 0.5787200927734375]",0.5787200927734375
00064110.npy,1,1,"[-0.06978017091751099, 0.25608113408088684]","[0.41924798488616943, 0.5807520747184753]",0.5807520747184753
00064111.npy,1,1,"[-0.4774613082408905, -0.015515241771936417]","[0.3865242600440979, 0.6134757399559021]",0.6134757399559021
00064112.npy,1,1,"[-0.02719530276954174, 0.3456399142742157]","[0.4078561067581177, 0.5921438932418823]",0.5921438932418823
00064113.npy,1,1,"[-0.06579199433326721, 0.30678996443748474]","[0.4079172611236572, 0.5920827388763428]",0.5920827388763428
00064114.npy,1,1,"[-0.04520342871546745, 0.3530082404613495]","[0.4017420709133148, 0.5982578992843628]",0.5982578992843628
00064115.npy,1,1,"[-0.3219868540763855, 0.17474424839019775]","[0.3783091604709625, 0.6216908097267151]",0.6216908097267151
00064116.npy,1,1,"[-0.25808000564575195, 0.37564244866371155]","[0.34666696190834045, 0.6533330082893372]",0.6533330082893372
00064117.npy,1,1,"[0.1171506866812706, 0.3568163514137268]","[0.44036874175071716, 0.5596312284469604]",0.5596312284469604
00064118.npy,1,1,"[-0.02990376576781273, 0.3415524661540985]","[0.40818920731544495, 0.5918108224868774]",0.5918108224868774
00064119.npy,1,1,"[-0.037544187158346176, 0.6811187267303467]","[0.32768747210502625, 0.6723124980926514]",0.6723124980926514
00064120.npy,0,1,"[-0.23028376698493958, -0.03678549826145172]","[0.45177581906318665, 0.5482242107391357]",0.5482242107391357
00064121.npy,1,1,"[-0.1713860034942627, 0.2535431683063507]","[0.395337849855423, 0.6046621203422546]",0.6046621203422546
00064122.npy,1,1,"[-0.32699349522590637, -0.04866955801844597]","[0.43086475133895874, 0.569135308265686]",0.569135308265686
00064123.npy,1,1,"[-0.17413091659545898, 0.1403658092021942]","[0.42201754450798035, 0.577982485294342]",0.577982485294342
00064124.npy,1,1,"[-0.016859784722328186, 0.21429234743118286]","[0.44246792793273926, 0.5575321316719055]",0.5575321316719055
00064125.npy,1,1,"[-0.12976905703544617, 0.14846619963645935]","[0.430886447429657, 0.5691134929656982]",0.5691134929656982
00064126.npy,1,1,"[0.04012473672628403, 0.2914060056209564]","[0.43750816583633423, 0.5624918341636658]",0.5624918341636658
00064127.npy,1,1,"[-0.09604659676551819, 0.1515924036502838]","[0.43840470910072327, 0.5615953207015991]",0.5615953207015991
00064128.npy,1,1,"[-0.34144139289855957, 0.12831690907478333]","[0.38467347621917725, 0.6153265833854675]",0.6153265833854675
00064129.npy,1,1,"[0.0846528485417366, 0.4974730312824249]","[0.39823609590530396, 0.601763904094696]",0.601763904094696
00064130.npy,1,1,"[-0.13506737351417542, 0.312125563621521]","[0.3900284171104431, 0.6099716424942017]",0.6099716424942017
00064131.npy,0,1,"[-0.23027253150939941, 0.2536792755126953]","[0.38131940364837646, 0.6186805963516235]",0.6186805963516235
00064132.npy,0,1,"[-0.25835251808166504, 0.38713473081588745]","[0.3440072238445282, 0.6559928059577942]",0.6559928059577942
00064133.npy,1,1,"[-0.3186909258365631, 0.03193087875843048]","[0.41323161125183105, 0.5867683291435242]",0.5867683291435242
00064134.npy,1,1,"[0.07339200377464294, 0.19470509886741638]","[0.4697088599205017, 0.5302911400794983]",0.5302911400794983
00064135.npy,1,1,"[-0.17488083243370056, 0.15467208623886108]","[0.4183494448661804, 0.5816506147384644]",0.5816506147384644
00064136.npy,1,1,"[-0.15904265642166138, 0.09889983385801315]","[0.4358695447444916, 0.564130425453186]",0.564130425453186
00064137.npy,0,1,"[0.08145078271627426, 0.43195244669914246]","[0.4132607579231262, 0.586739182472229]",0.586739182472229
00064138.npy,1,1,"[0.005007151514291763, 0.24197837710380554]","[0.44103288650512695, 0.558967113494873]",0.558967113494873
00064139.npy,1,1,"[-0.16588422656059265, 0.13139259815216064]","[0.4262233078479767, 0.5737766623497009]",0.5737766623497009
00064140.npy,1,1,"[0.007758036255836487, 0.29794833064079285]","[0.4279572665691376, 0.57204270362854]",0.57204270362854
00064141.npy,1,1,"[-0.08356951922178268, 0.38608884811401367]","[0.3846971094608307, 0.6153029203414917]",0.6153029203414917
00064142.npy,1,1,"[-0.5242288112640381, -0.0019043274223804474]","[0.3723088502883911, 0.6276911497116089]",0.6276911497116089
00064143.npy,1,1,"[-0.15948253870010376, 0.11147705465555191]","[0.43267151713371277, 0.5673284530639648]",0.5673284530639648
00064144.npy,1,1,"[-0.3587559461593628, -0.0405021533370018]","[0.4211013913154602, 0.5788986086845398]",0.5788986086845398
00064145.npy,1,1,"[-0.23827505111694336, 0.4825459420681]","[0.32721221446990967, 0.6727877855300903]",0.6727877855300903
00064146.npy,1,1,"[-0.21400362253189087, 0.09824911504983902]","[0.4225649833679199, 0.5774350762367249]",0.5774350762367249
00064147.npy,1,1,"[-0.20166060328483582, 0.08423023670911789]","[0.4290101230144501, 0.5709898471832275]",0.5709898471832275
00064148.npy,1,1,"[-0.41876688599586487, -0.1019580066204071]","[0.42145365476608276, 0.5785463452339172]",0.5785463452339172
00064149.npy,1,1,"[-0.020605506375432014, 0.1841534674167633]","[0.4489883482456207, 0.5510116815567017]",0.5510116815567017
00064150.npy,1,1,"[-0.18335622549057007, 0.10870284587144852]","[0.4274998605251312, 0.5725001096725464]",0.5725001096725464
00064151.npy,1,1,"[0.2833096981048584, 0.4505787789821625]","[0.45827996730804443, 0.5417200326919556]",0.5417200326919556
00064152.npy,1,1,"[0.04527202248573303, 0.3301876187324524]","[0.4292490482330322, 0.5707509517669678]",0.5707509517669678
00064153.npy,1,1,"[-0.17311415076255798, 0.049366481602191925]","[0.4446081519126892, 0.5553918480873108]",0.5553918480873108
00064154.npy,1,1,"[-0.14319723844528198, 0.1426820456981659]","[0.4290130138397217, 0.5709870457649231]",0.5709870457649231
00064155.npy,1,1,"[-0.268730103969574, 0.07477600127458572]","[0.41495805978775024, 0.5850419402122498]",0.5850419402122498
00064156.npy,1,1,"[0.09965813905000687, 0.4829030930995941]","[0.40534448623657227, 0.5946555137634277]",0.5946555137634277
00064157.npy,0,1,"[0.06700849533081055, 0.4063411056995392]","[0.41597163677215576, 0.5840283632278442]",0.5840283632278442
00064158.npy,1,1,"[-0.3018585741519928, 0.1239529475569725]","[0.39512690901756287, 0.6048730611801147]",0.6048730611801147
00064159.npy,1,1,"[-0.4115092158317566, -0.08614695817232132]","[0.4193694591522217, 0.5806304812431335]",0.5806304812431335
00064160.npy,1,1,"[-0.16704723238945007, 0.1596045196056366]","[0.4190555512905121, 0.5809444785118103]",0.5809444785118103
00064161.npy,1,1,"[-0.252981036901474, -0.04496782645583153]","[0.44818341732025146, 0.5518165826797485]",0.5518165826797485
00064162.npy,1,1,"[-0.16708259284496307, 0.2835868299007416]","[0.3892016112804413, 0.6107983589172363]",0.6107983589172363
00064163.npy,1,1,"[0.10874371975660324, 0.2640817165374756]","[0.4612433910369873, 0.5387565493583679]",0.5387565493583679
00064164.npy,1,1,"[-0.3114120066165924, 0.17758747935295105]","[0.38012930750846863, 0.619870662689209]",0.619870662689209
00064165.npy,0,1,"[-0.17601656913757324, 0.23785561323165894]","[0.39798402786254883, 0.602016031742096]",0.602016031742096
00064166.npy,1,1,"[-0.09523872286081314, 0.19032606482505798]","[0.4290900230407715, 0.5709099769592285]",0.5709099769592285
00064167.npy,1,1,"[-0.34017056226730347, 0.09674400836229324]","[0.3924764394760132, 0.6075236201286316]",0.6075236201286316
00064168.npy,1,1,"[-0.051963306963443756, 0.5275853872299194]","[0.3590364456176758, 0.6409635543823242]",0.6409635543823242
00064169.npy,1,1,"[-0.07690311968326569, 0.2144525945186615]","[0.42767199873924255, 0.5723279714584351]",0.5723279714584351
00064170.npy,1,1,"[-0.25288188457489014, 0.010058127343654633]","[0.43464112281799316, 0.5653588175773621]",0.5653588175773621
00064171.npy,1,1,"[-0.39200204610824585, -0.03254753351211548]","[0.4110916256904602, 0.5889083743095398]",0.5889083743095398
00064172.npy,0,1,"[-0.25569286942481995, 0.38979142904281616]","[0.34400784969329834, 0.6559920907020569]",0.6559920907020569
00064173.npy,1,1,"[-0.19509270787239075, 0.07746217399835587]","[0.4322799742221832, 0.5677199959754944]",0.5677199959754944
00064174.npy,1,1,"[-0.25050780177116394, 0.17713606357574463]","[0.39468908309936523, 0.6053109169006348]",0.6053109169006348
00064175.npy,1,1,"[-0.06235171854496002, 0.5854429602622986]","[0.3434866964817047, 0.6565133333206177]",0.6565133333206177
00064176.npy,0,1,"[-0.1593572050333023, 0.18077635765075684]","[0.4157770574092865, 0.5842229127883911]",0.5842229127883911
00064177.npy,1,1,"[-0.13401448726654053, 0.3001851439476013]","[0.39312395453453064, 0.606876015663147]",0.606876015663147
00064178.npy,1,1,"[-0.2121542990207672, 0.1262100636959076]","[0.41620686650276184, 0.5837931632995605]",0.5837931632995605
00064179.npy,0,1,"[0.01376991719007492, 0.24071639776229858]","[0.4435056149959564, 0.5564943552017212]",0.5564943552017212
00064180.npy,1,1,"[-0.12424279004335403, 0.006423287093639374]","[0.4673798680305481, 0.5326201319694519]",0.5326201319694519
00064181.npy,1,1,"[-0.07469052821397781, 0.3682185113430023]","[0.39104804396629333, 0.608951985836029]",0.608951985836029
00064182.npy,1,1,"[0.03197237104177475, 0.21533450484275818]","[0.45428749918937683, 0.5457125306129456]",0.5457125306129456
00064183.npy,1,1,"[-0.019756373018026352, -0.0137639120221138]","[0.49850189685821533, 0.5014981031417847]",0.5014981031417847
00064184.npy,1,1,"[0.023455247282981873, 0.3310651481151581]","[0.4236982464790344, 0.5763017535209656]",0.5763017535209656
00064185.npy,1,1,"[-0.08728992938995361, 0.3129895031452179]","[0.40124520659446716, 0.5987547636032104]",0.5987547636032104
00064186.npy,1,1,"[-0.1925613284111023, 0.3373693823814392]","[0.3705330491065979, 0.6294669508934021]",0.6294669508934021
00064187.npy,1,1,"[-0.18297594785690308, 0.04381803423166275]","[0.44354328513145447, 0.5564566850662231]",0.5564566850662231
00064188.npy,1,1,"[-0.0374172143638134, 0.23302561044692993]","[0.4327984154224396, 0.5672016143798828]",0.5672016143798828
00064189.npy,1,1,"[-0.022332942113280296, 0.21835845708847046]","[0.4401160180568695, 0.5598840117454529]",0.5598840117454529
00064190.npy,1,1,"[-0.1733282208442688, 0.06441864371299744]","[0.4408416748046875, 0.5591583251953125]",0.5591583251953125
00064191.npy,1,1,"[-0.3608569800853729, 0.07798544317483902]","[0.39201685786247253, 0.6079831719398499]",0.6079831719398499
00064192.npy,1,1,"[-0.27446115016937256, 0.054116666316986084]","[0.41858673095703125, 0.5814133286476135]",0.5814133286476135
00064193.npy,1,1,"[-0.10417576134204865, 0.11298420280218124]","[0.4459223747253418, 0.5540776252746582]",0.5540776252746582
00064194.npy,1,1,"[-0.10784931480884552, 0.14117389917373657]","[0.43806391954421997, 0.56193608045578]",0.56193608045578
00064195.npy,1,1,"[0.0841490849852562, 0.4825592339038849]","[0.4016943871974945, 0.5983056426048279]",0.5983056426048279
00067370.npy,1,1,"[0.20507565140724182, 0.5051677823066711]","[0.4255349636077881, 0.5744650363922119]",0.5744650363922119
00067371.npy,1,1,"[-0.10934832692146301, 0.29312118887901306]","[0.40071916580200195, 0.599280834197998]",0.599280834197998
00067372.npy,1,1,"[0.08420953899621964, 0.16845554113388062]","[0.47895094752311707, 0.5210490226745605]",0.5210490226745605
00067373.npy,1,1,"[-0.16651073098182678, 0.16439977288246155]","[0.4180191159248352, 0.58198082447052]",0.58198082447052
00067374.npy,1,1,"[-0.39831820130348206, -0.08603619784116745]","[0.4225578308105469, 0.5774421691894531]",0.5774421691894531
00067375.npy,1,1,"[-0.2818593978881836, -0.12486004084348679]","[0.46083059906959534, 0.539169430732727]",0.539169430732727
00067376.npy,1,1,"[0.09323825687170029, 0.38484513759613037]","[0.42761051654815674, 0.5723894834518433]",0.5723894834518433
00067377.npy,1,1,"[-0.2972128093242645, 0.044349126517772675]","[0.41543009877204895, 0.5845698714256287]",0.5845698714256287
00067378.npy,1,1,"[-0.19684270024299622, 0.06458970904350281]","[0.435011625289917, 0.564988374710083]",0.564988374710083
00067379.npy,0,1,"[-0.13560068607330322, -0.029973963275551796]","[0.4736178517341614, 0.5263821482658386]",0.5263821482658386
00067380.npy,0,1,"[0.04293455928564072, 0.1830688714981079]","[0.4650236666202545, 0.5349763631820679]",0.5349763631820679
00067381.npy,0,1,"[-0.29022201895713806, -0.0160369910299778]","[0.4318799674510956, 0.568120002746582]",0.568120002746582
00067382.npy,0,1,"[0.0765310600399971, 0.4655844271183014]","[0.4039451777935028, 0.5960547924041748]",0.5960547924041748
00067383.npy,1,1,"[-0.27801424264907837, 0.051769986748695374]","[0.4182931184768677, 0.5817068815231323]",0.5817068815231323
00067384.npy,0,1,"[0.11205530911684036, 0.35917428135871887]","[0.4385327398777008, 0.5614672303199768]",0.5614672303199768
00067385.npy,1,1,"[0.1209341362118721, 0.3043079674243927]","[0.45428457856178284, 0.5457154512405396]",0.5457154512405396
00067386.npy,0,1,"[0.008232500404119492, 0.13811978697776794]","[0.46757376194000244, 0.5324262976646423]",0.5324262976646423
00067387.npy,1,1,"[-0.223824143409729, 0.1340673565864563]","[0.41147005558013916, 0.5885299444198608]",0.5885299444198608
00067388.npy,0,1,"[-0.5005257725715637, -0.200883686542511]","[0.42564496397972107, 0.5743550062179565]",0.5743550062179565
00067389.npy,0,1,"[-0.04658408463001251, 0.09333121031522751]","[0.46507811546325684, 0.5349218249320984]",0.5349218249320984
00067390.npy,0,1,"[-0.10747966170310974, 0.21487247943878174]","[0.42010262608528137, 0.5798973441123962]",0.5798973441123962
00067391.npy,1,1,"[-0.11614380776882172, 0.14466702938079834]","[0.4351643919944763, 0.5648356080055237]",0.5648356080055237
00067392.npy,0,1,"[0.09917149692773819, 0.45029905438423157]","[0.41310903429985046, 0.5868909358978271]",0.5868909358978271
00067393.npy,0,1,"[-0.3097177743911743, 0.12105368822813034]","[0.39394211769104004, 0.60605788230896]",0.60605788230896
00067394.npy,1,1,"[-0.15384161472320557, 0.0012410730123519897]","[0.4613068401813507, 0.5386931300163269]",0.5386931300163269
00067395.npy,1,1,"[-0.09090852737426758, 0.019213229417800903]","[0.4724973738193512, 0.5275026559829712]",0.5275026559829712
00067396.npy,1,1,"[-0.11656498163938522, 0.3153848648071289]","[0.3936608135700226, 0.606339156627655]",0.606339156627655
00067397.npy,1,1,"[-0.16568608582019806, 0.20697671175003052]","[0.4078977406024933, 0.5921022295951843]",0.5921022295951843
00067398.npy,1,1,"[-0.03555203601717949, 0.17174112796783447]","[0.44836151599884033, 0.5516384840011597]",0.5516384840011597
00067399.npy,1,1,"[-0.12989550828933716, 0.22227588295936584]","[0.41285598278045654, 0.5871440172195435]",0.5871440172195435
00067400.npy,1,1,"[-0.13210508227348328, 0.03897400200366974]","[0.4573342502117157, 0.5426657795906067]",0.5426657795906067
00067401.npy,0,1,"[-0.47893232107162476, 0.11496638506650925]","[0.35574081540107727, 0.6442592144012451]",0.6442592144012451
00067402.npy,1,1,"[-0.36797088384628296, -0.12391241639852524]","[0.439286470413208, 0.5607135891914368]",0.5607135891914368
00067403.npy,1,1,"[-0.2608145773410797, -0.061223629862070084]","[0.4502672553062439, 0.5497327446937561]",0.5497327446937561
00067404.npy,0,1,"[-0.32131674885749817, -0.12954917550086975]","[0.45220449566841125, 0.5477954745292664]",0.5477954745292664
00067405.npy,1,1,"[-0.223234623670578, 0.031155720353126526]","[0.4367431700229645, 0.5632568001747131]",0.5632568001747131
00067406.npy,1,1,"[0.02913874387741089, 0.2358807921409607]","[0.44849780201911926, 0.5515021681785583]",0.5515021681785583
00067407.npy,1,1,"[0.10035523027181625, 0.28597867488861084]","[0.45372694730758667, 0.5462730526924133]",0.5462730526924133
00067408.npy,1,1,"[-0.05231022834777832, 0.057415418326854706]","[0.47259607911109924, 0.5274038910865784]",0.5274038910865784
00067409.npy,1,1,"[-0.05508454889059067, 0.3400581479072571]","[0.4024799168109894, 0.5975200533866882]",0.5975200533866882
00067410.npy,1,1,"[0.04892952740192413, 0.39301925897598267]","[0.41481637954711914, 0.5851836204528809]",0.5851836204528809
00067411.npy,1,1,"[0.019033804535865784, 0.2427120804786682]","[0.4443124234676361, 0.5556876063346863]",0.5556876063346863
00067412.npy,1,1,"[-0.024438027292490005, 0.1793403923511505]","[0.44923096895217896, 0.550769031047821]",0.550769031047821
00067413.npy,0,1,"[-0.0833815485239029, 0.31996703147888184]","[0.4005081057548523, 0.5994919538497925]",0.5994919538497925
00067414.npy,1,1,"[-0.035745151340961456, 0.23399874567985535]","[0.43296995759010315, 0.5670300126075745]",0.5670300126075745
00067415.npy,1,1,"[-0.34568512439727783, 0.026827149093151093]","[0.4079340994358063, 0.5920658707618713]",0.5920658707618713
00067416.npy,1,1,"[-0.1359095275402069, 0.37936484813690186]","[0.37395790219306946, 0.6260421276092529]",0.6260421276092529
00067417.npy,1,1,"[-0.06471241265535355, 0.35291174054145813]","[0.39708539843559265, 0.6029146313667297]",0.6029146313667297
00067418.npy,1,1,"[0.026633352041244507, 0.21713751554489136]","[0.45251747965812683, 0.5474824905395508]",0.5474824905395508
00067419.npy,0,1,"[-0.0977909117937088, 0.17668002843856812]","[0.43180981278419495, 0.5681901574134827]",0.5681901574134827
00067420.npy,0,1,"[-0.23162055015563965, 0.08084440976381302]","[0.4225131571292877, 0.5774868130683899]",0.5774868130683899
00067421.npy,1,1,"[-0.14958053827285767, -0.08492282778024673]","[0.483841210603714, 0.5161588191986084]",0.5161588191986084
00067422.npy,1,1,"[-0.17280611395835876, 0.020255371928215027]","[0.451884001493454, 0.5481160283088684]",0.5481160283088684
00067423.npy,0,1,"[-0.17854824662208557, 0.3254251778125763]","[0.37660732865333557, 0.623392641544342]",0.623392641544342
00067424.npy,1,1,"[-0.04773106053471565, 0.2961638271808624]","[0.4148636758327484, 0.585136353969574]",0.585136353969574
00067425.npy,1,1,"[0.12527644634246826, 0.5046747922897339]","[0.4062720239162445, 0.5937279462814331]",0.5937279462814331
00067426.npy,1,1,"[-0.13457989692687988, 0.4395463168621063]","[0.3602852523326874, 0.639714777469635]",0.639714777469635
00067427.npy,1,1,"[-0.1359172761440277, 0.2149198353290558]","[0.4131794571876526, 0.5868205428123474]",0.5868205428123474
00067428.npy,1,1,"[-0.05139588564634323, 0.16173312067985535]","[0.4469185471534729, 0.5530815124511719]",0.5530815124511719
00067429.npy,1,1,"[-0.2113327980041504, 0.05267474800348282]","[0.43437883257865906, 0.5656211972236633]",0.5656211972236633
00067430.npy,1,1,"[0.0924844965338707, 0.20522284507751465]","[0.47184520959854126, 0.528154730796814]",0.528154730796814
00067431.npy,0,1,"[-0.09118334949016571, 0.1083710715174675]","[0.45027631521224976, 0.549723744392395]",0.549723744392395
00067432.npy,0,1,"[-0.126469686627388, 0.2881246507167816]","[0.39781099557876587, 0.6021889448165894]",0.6021889448165894
00067433.npy,1,1,"[-0.08168277144432068, 0.11717522889375687]","[0.4504486918449402, 0.5495513081550598]",0.5495513081550598
00067434.npy,1,1,"[-0.10046844184398651, 0.14427900314331055]","[0.4391167163848877, 0.5608832240104675]",0.5608832240104675
00067435.npy,1,1,"[-0.08194952458143234, 0.2417229413986206]","[0.41978102922439575, 0.580219030380249]",0.580219030380249
00067436.npy,1,1,"[-0.1473689079284668, 0.24746251106262207]","[0.40255481004714966, 0.5974451899528503]",0.5974451899528503
00067437.npy,1,1,"[-0.1621634066104889, 0.17047500610351562]","[0.41759881377220154, 0.5824012160301208]",0.5824012160301208
00067438.npy,1,1,"[0.01890827715396881, 0.2985086739063263]","[0.4305517375469208, 0.5694482326507568]",0.5694482326507568
00067439.npy,1,1,"[-0.041405364871025085, 0.09480545669794083]","[0.4659998416900635, 0.5340000987052917]",0.5340000987052917
00067440.npy,1,1,"[-0.1192360371351242, 0.19781562685966492]","[0.4213944375514984, 0.5786055326461792]",0.5786055326461792
00067441.npy,1,1,"[-0.15127375721931458, 0.02151600271463394]","[0.456909716129303, 0.543090283870697]",0.543090283870697
00067442.npy,0,1,"[-0.024248115718364716, 0.38598260283470154]","[0.3988567888736725, 0.6011431813240051]",0.6011431813240051
00067443.npy,1,1,"[0.08380793780088425, 0.46986278891563416]","[0.40466737747192383, 0.5953326225280762]",0.5953326225280762
00067444.npy,1,1,"[-0.16260337829589844, 0.31608760356903076]","[0.3825612962245941, 0.6174387335777283]",0.6174387335777283
00067445.npy,1,1,"[-0.2625007629394531, 0.02947889268398285]","[0.427519291639328, 0.5724807381629944]",0.5724807381629944
00067446.npy,1,1,"[-0.1848471462726593, 0.26415500044822693]","[0.3895980417728424, 0.61040198802948]",0.61040198802948
00067447.npy,1,1,"[0.01574927568435669, 0.175866961479187]","[0.4600558876991272, 0.5399441123008728]",0.5399441123008728
00067448.npy,1,1,"[-0.13938462734222412, 0.15770763158798218]","[0.42626845836639404, 0.573731541633606]",0.573731541633606
00067449.npy,1,1,"[-0.11593234539031982, 0.19298326969146729]","[0.42337945103645325, 0.5766205787658691]",0.5766205787658691
00067450.npy,1,1,"[-0.1162160113453865, -0.036438897252082825]","[0.4800662696361542, 0.5199337005615234]",0.5199337005615234
00067451.npy,0,1,"[0.13281738758087158, 0.31381383538246155]","[0.4548740088939667, 0.5451259613037109]",0.5451259613037109
00067452.npy,0,1,"[-0.26102370023727417, 0.18952780961990356]","[0.3892296254634857, 0.6107703447341919]",0.6107703447341919
00067453.npy,0,1,"[-0.12510338425636292, 0.09228312224149704]","[0.4458664059638977, 0.5541336536407471]",0.5541336536407471
00067454.npy,0,1,"[-0.24755346775054932, 0.10365886241197586]","[0.41308847069740295, 0.5869115591049194]",0.5869115591049194
00067455.npy,0,1,"[-0.091054767370224, 0.2941908836364746]","[0.40486234426498413, 0.5951376557350159]",0.5951376557350159
00067456.npy,0,1,"[-0.2174222767353058, 0.08594103902578354]","[0.42473548650741577, 0.5752645134925842]",0.5752645134925842
00067457.npy,1,1,"[-0.05847850441932678, 0.22283196449279785]","[0.43013253808021545, 0.5698674917221069]",0.5698674917221069
00067458.npy,1,1,"[-0.2961266040802002, -0.005746833980083466]","[0.4279109239578247, 0.5720891356468201]",0.5720891356468201
00067459.npy,0,1,"[-0.13895291090011597, 0.07834794372320175]","[0.44588756561279297, 0.554112434387207]",0.554112434387207
00067460.npy,0,1,"[-0.2985266447067261, 0.12984433770179749]","[0.39451542496681213, 0.6054846048355103]",0.6054846048355103
00067461.npy,1,1,"[-0.026737919077277184, 0.2664799094200134]","[0.4272162914276123, 0.5727837085723877]",0.5727837085723877
00067462.npy,1,1,"[-0.20463603734970093, 0.04651329666376114]","[0.4375406503677368, 0.5624593496322632]",0.5624593496322632
00067463.npy,0,1,"[0.08265561610460281, 0.1216619536280632]","[0.4902496635913849, 0.5097503662109375]",0.5097503662109375
00067464.npy,1,1,"[-0.1498095691204071, 0.17686158418655396]","[0.41905081272125244, 0.5809491872787476]",0.5809491872787476
00067465.npy,1,1,"[0.03841632604598999, 0.5371585488319397]","[0.37783628702163696, 0.6221636533737183]",0.6221636533737183
00067466.npy,1,1,"[-0.22852742671966553, 0.3002312481403351]","[0.3708064556121826, 0.6291934847831726]",0.6291934847831726
00067467.npy,1,1,"[-0.09446020424365997, 0.22248855233192444]","[0.42141953110694885, 0.5785804986953735]",0.5785804986953735
00067468.npy,1,1,"[-0.09362226724624634, 0.3153895437717438]","[0.399149090051651, 0.6008508801460266]",0.6008508801460266
00067469.npy,1,1,"[-0.13168391585350037, 0.13972073793411255]","[0.43256229162216187, 0.5674377083778381]",0.5674377083778381
00067470.npy,1,1,"[0.16698583960533142, 0.4853281080722809]","[0.4210798144340515, 0.5789201855659485]",0.5789201855659485
00067471.npy,1,1,"[0.05313602834939957, 0.3153567314147949]","[0.4348178505897522, 0.565182089805603]",0.565182089805603
00067472.npy,1,1,"[0.10777721554040909, 0.4589012563228607]","[0.4131098687648773, 0.5868901014328003]",0.5868901014328003
00067473.npy,1,1,"[0.03596958518028259, 0.4541449248790741]","[0.3969534635543823, 0.6030465364456177]",0.6030465364456177
00067474.npy,1,1,"[0.14322230219841003, 0.48862704634666443]","[0.4144971966743469, 0.5855028629302979]",0.5855028629302979
00067475.npy,0,1,"[-0.20413777232170105, 0.419469952583313]","[0.34896138310432434, 0.651038646697998]",0.651038646697998
00067476.npy,1,1,"[-0.008459128439426422, 0.1727817952632904]","[0.4548133909702301, 0.5451866388320923]",0.5451866388320923
00067477.npy,1,1,"[-0.17239606380462646, 0.21609407663345337]","[0.4040808379650116, 0.5959191918373108]",0.5959191918373108
00067478.npy,1,1,"[-0.03573032468557358, 0.18434497714042664]","[0.44520217180252075, 0.5547978281974792]",0.5547978281974792
00067479.npy,1,1,"[0.024982497096061707, 0.3246489465236664]","[0.4256390333175659, 0.5743610262870789]",0.5743610262870789
00067480.npy,0,1,"[-0.043622829020023346, 0.25847578048706055]","[0.4250445067882538, 0.5749554634094238]",0.5749554634094238
00067481.npy,0,1,"[-0.038730040192604065, 0.13471850752830505]","[0.4567462205886841, 0.5432537198066711]",0.5432537198066711
00067482.npy,1,1,"[-0.12159428000450134, 0.14683467149734497]","[0.43329283595085144, 0.566707193851471]",0.566707193851471
00067483.npy,1,1,"[-0.09372472018003464, 0.14878371357917786]","[0.4396682679653168, 0.5603317022323608]",0.5603317022323608
00067484.npy,1,1,"[0.09892035275697708, 0.11364982277154922]","[0.49631771445274353, 0.5036823153495789]",0.5036823153495789
00067485.npy,1,1,"[-0.12874728441238403, 0.21375566720962524]","[0.4152016341686249, 0.5847983956336975]",0.5847983956336975
00067486.npy,1,1,"[-0.18788295984268188, 0.22123384475708008]","[0.3991239070892334, 0.6008760929107666]",0.6008760929107666
00067487.npy,1,1,"[0.029517963528633118, 0.3917394280433655]","[0.4104219377040863, 0.5895780920982361]",0.5895780920982361
00067488.npy,0,1,"[-0.02648059092462063, 0.3169901967048645]","[0.4149666428565979, 0.5850333571434021]",0.5850333571434021
00067489.npy,1,1,"[-0.08314750343561172, 0.17842331528663635]","[0.43497759103775024, 0.565022349357605]",0.565022349357605
00067490.npy,0,1,"[0.006569456309080124, 0.27977973222732544]","[0.4321191608905792, 0.5678808689117432]",0.5678808689117432
00067491.npy,0,1,"[-0.055755071341991425, 0.19777628779411316]","[0.436954528093338, 0.5630455017089844]",0.5630455017089844
00067492.npy,1,1,"[0.07351070642471313, 0.3535190522670746]","[0.43045175075531006, 0.5695483088493347]",0.5695483088493347
00067493.npy,1,1,"[0.07764691859483719, 0.2800247371196747]","[0.4495774805545807, 0.5504224896430969]",0.5504224896430969
00067494.npy,1,1,"[0.13492313027381897, 0.4277949929237366]","[0.42730093002319336, 0.5726990699768066]",0.5726990699768066
00067495.npy,1,1,"[-0.044606681913137436, 0.3464773893356323]","[0.40345636010169983, 0.5965436697006226]",0.5965436697006226
00067496.npy,1,1,"[-0.22106245160102844, 0.2417697012424469]","[0.38631418347358704, 0.6136858463287354]",0.6136858463287354
00067497.npy,1,1,"[-0.0995350033044815, 0.1367197036743164]","[0.4412095248699188, 0.5587905049324036]",0.5587905049324036
00067498.npy,1,1,"[-0.005527380853891373, 0.45811644196510315]","[0.3861217796802521, 0.6138782501220703]",0.6138782501220703
00067499.npy,1,1,"[-0.08024890720844269, 0.18384674191474915]","[0.4343571662902832, 0.5656428337097168]",0.5656428337097168
00067500.npy,1,1,"[0.008839413523674011, 0.5603088736534119]","[0.3655235469341278, 0.6344764828681946]",0.6344764828681946
00067501.npy,1,1,"[0.23740899562835693, 0.5691713094711304]","[0.41781190037727356, 0.582188069820404]",0.582188069820404
00067502.npy,1,1,"[-0.0353279747068882, 0.2886751592159271]","[0.4197004735469818, 0.5802994966506958]",0.5802994966506958
00067503.npy,0,1,"[0.049775391817092896, 0.5267238616943359]","[0.38297295570373535, 0.6170269846916199]",0.6170269846916199
00067504.npy,0,1,"[-0.36640769243240356, 0.1327340304851532]","[0.37774237990379333, 0.622257649898529]",0.622257649898529
00067505.npy,0,1,"[0.0673290342092514, 0.3925815224647522]","[0.41939622163772583, 0.580603837966919]",0.580603837966919
00067506.npy,0,1,"[-0.2710246443748474, 0.13007903099060059]","[0.4010471701622009, 0.5989527702331543]",0.5989527702331543
00067507.npy,0,1,"[-0.18518435955047607, 0.17904099822044373]","[0.4099370837211609, 0.5900629162788391]",0.5900629162788391
00067508.npy,0,1,"[0.03205961734056473, 0.2611459791660309]","[0.44297757744789124, 0.5570224523544312]",0.5570224523544312
00067509.npy,0,1,"[-0.19470828771591187, 0.1949560046195984]","[0.40379810333251953, 0.5962018966674805]",0.5962018966674805
00067510.npy,0,1,"[-0.131186842918396, 0.18472808599472046]","[0.42167162895202637, 0.5783283710479736]",0.5783283710479736
00067511.npy,1,1,"[-0.1521543562412262, 0.09395047277212143]","[0.4387824535369873, 0.5612175464630127]",0.5612175464630127
00067512.npy,1,1,"[-0.02354542538523674, 0.35278189182281494]","[0.4070129990577698, 0.5929870009422302]",0.5929870009422302
00067513.npy,0,1,"[-0.15253135561943054, -0.02022411674261093]","[0.46697136759757996, 0.5330286622047424]",0.5330286622047424
00067514.npy,0,1,"[0.022028625011444092, 0.1588979959487915]","[0.4658360183238983, 0.5341640114784241]",0.5341640114784241
00067515.npy,0,1,"[-0.1787731647491455, 0.12255286425352097]","[0.4252333641052246, 0.5747666954994202]",0.5747666954994202
00067516.npy,1,1,"[-0.12024267017841339, 0.25744807720184326]","[0.4066839814186096, 0.5933160185813904]",0.5933160185813904
00067517.npy,0,1,"[-0.24252849817276, 0.16991236805915833]","[0.3983269929885864, 0.6016730070114136]",0.6016730070114136
00067518.npy,0,1,"[-0.1517675220966339, 0.4221893846988678]","[0.36032429337501526, 0.6396756768226624]",0.6396756768226624
00067519.npy,1,1,"[-0.1347486972808838, 0.14083123207092285]","[0.4315377473831177, 0.5684622526168823]",0.5684622526168823
00067520.npy,1,1,"[-0.05538814142346382, 0.20951488614082336]","[0.4341588020324707, 0.5658411979675293]",0.5658411979675293
00067521.npy,0,1,"[-0.3443378806114197, 0.010065130889415741]","[0.41231510043144226, 0.5876848697662354]",0.5876848697662354
00067522.npy,0,1,"[-0.012717895209789276, 0.28523343801498413]","[0.4260583817958832, 0.5739416480064392]",0.5739416480064392
00067523.npy,1,1,"[-0.05563902109861374, 0.3055887222290039]","[0.41066238284111023, 0.5893375873565674]",0.5893375873565674
00067524.npy,0,1,"[0.05287431925535202, 0.4167827069759369]","[0.4100137948989868, 0.5899862051010132]",0.5899862051010132
00067525.npy,0,1,"[0.0681692585349083, 0.33984702825546265]","[0.43249526619911194, 0.5675047636032104]",0.5675047636032104
00067526.npy,1,1,"[-0.041756704449653625, 0.13819977641105652]","[0.4551318883895874, 0.5448680520057678]",0.5448680520057678
00067527.npy,1,1,"[-0.22186291217803955, -0.02404891699552536]","[0.4507071375846863, 0.5492928624153137]",0.5492928624153137
00067528.npy,1,1,"[0.18713033199310303, 0.38989168405532837]","[0.44948261976242065, 0.5505173802375793]",0.5505173802375793
00067529.npy,1,1,"[0.005057990550994873, 0.2515204846858978]","[0.43869438767433167, 0.5613056421279907]",0.5613056421279907
00067530.npy,1,1,"[-0.07172195613384247, 0.22612318396568298]","[0.42608433961868286, 0.5739156603813171]",0.5739156603813171
00067531.npy,1,1,"[-0.2899149954319, -0.007145684212446213]","[0.4297749996185303, 0.5702250599861145]",0.5702250599861145
00067532.npy,0,1,"[-0.059721581637859344, 0.2692979574203491]","[0.41847920417785645, 0.5815207362174988]",0.5815207362174988
00067533.npy,1,1,"[-0.17566406726837158, 0.3890829086303711]","[0.3624498248100281, 0.6375501751899719]",0.6375501751899719
00067534.npy,0,1,"[-0.2697106599807739, 0.21597367525100708]","[0.3809107542037964, 0.6190892457962036]",0.6190892457962036
00067535.npy,1,1,"[0.14392325282096863, 0.2487066686153412]","[0.4738280773162842, 0.526171863079071]",0.526171863079071
00067536.npy,0,1,"[-0.19074687361717224, 0.1817614734172821]","[0.4079350233078003, 0.5920649170875549]",0.5920649170875549
00067537.npy,1,1,"[-0.10244011133909225, 0.09726060181856155]","[0.4502400755882263, 0.5497599244117737]",0.5497599244117737
00067538.npy,0,1,"[-0.13292156159877777, 0.16651016473770142]","[0.42569640278816223, 0.5743036270141602]",0.5743036270141602
00067539.npy,1,1,"[-0.01968476176261902, 0.19366607069969177]","[0.44686371088027954, 0.5531362891197205]",0.5531362891197205
00067540.npy,0,1,"[-0.16322295367717743, 0.1316189467906952]","[0.4268189072608948, 0.5731810927391052]",0.5731810927391052
00067541.npy,1,1,"[-0.20314770936965942, 0.2640455663204193]","[0.3852807879447937, 0.6147192120552063]",0.6147192120552063
00067542.npy,1,1,"[-0.09128175675868988, 0.2218150496482849]","[0.42235901951789856, 0.577640950679779]",0.577640950679779
00067543.npy,0,1,"[-0.3220677673816681, 0.1397780478000641]","[0.3865480422973633, 0.6134519577026367]",0.6134519577026367
00067544.npy,0,1,"[-0.036396704614162445, 0.16756433248519897]","[0.4491857886314392, 0.5508142709732056]",0.5508142709732056
00067545.npy,0,1,"[-0.4088142216205597, 0.2319657802581787]","[0.3450702726840973, 0.6549297571182251]",0.6549297571182251
00067546.npy,1,1,"[-0.02925548516213894, 0.23973307013511658]","[0.43315544724464417, 0.5668445825576782]",0.5668445825576782
00067547.npy,1,1,"[0.003952164202928543, 0.3145683705806732]","[0.42296433448791504, 0.5770356059074402]",0.5770356059074402
00067548.npy,0,1,"[-0.12753042578697205, 0.16944539546966553]","[0.4262969195842743, 0.5737030506134033]",0.5737030506134033
00067549.npy,0,1,"[-0.08676358312368393, 0.1408732533454895]","[0.44333526492118835, 0.5566647052764893]",0.5566647052764893
00067550.npy,0,1,"[-0.09762458503246307, 0.06745894998311996]","[0.4588225781917572, 0.5411773920059204]",0.5411773920059204
00067551.npy,0,1,"[-0.2819346487522125, 0.07172148674726486]","[0.41249608993530273, 0.5875039100646973]",0.5875039100646973
00067552.npy,0,1,"[-0.12563946843147278, 0.3215244710445404]","[0.3900353014469147, 0.6099647283554077]",0.6099647283554077
00067553.npy,1,1,"[-0.1076078936457634, -0.039496056735515594]","[0.48297861218452454, 0.5170214176177979]",0.5170214176177979
00067554.npy,1,1,"[0.03780057281255722, 0.39674249291419983]","[0.41121572256088257, 0.5887842774391174]",0.5887842774391174
00067555.npy,1,1,"[0.15197539329528809, 0.3903413712978363]","[0.4406890571117401, 0.5593109130859375]",0.5593109130859375
00067556.npy,1,1,"[0.11883839219808578, 0.30400317907333374]","[0.45384061336517334, 0.5461593866348267]",0.5461593866348267
00067557.npy,0,1,"[0.04326285421848297, 0.12880918383598328]","[0.47862645983695984, 0.5213735103607178]",0.5213735103607178
00067558.npy,1,1,"[0.040736787021160126, 0.11443906277418137]","[0.48158279061317444, 0.518417239189148]",0.518417239189148
00067559.npy,1,1,"[-0.17457035183906555, 0.07436146587133408]","[0.43808645009994507, 0.5619136095046997]",0.5619136095046997
00067560.npy,0,1,"[0.03173679858446121, 0.41451191902160645]","[0.4054577350616455, 0.5945422053337097]",0.5945422053337097
00067561.npy,0,1,"[-0.18321344256401062, 0.055008068680763245]","[0.4407246708869934, 0.5592752695083618]",0.5592752695083618
00067562.npy,0,1,"[-0.20391196012496948, -0.14820647239685059]","[0.4860772490501404, 0.5139227509498596]",0.5139227509498596
00067563.npy,1,1,"[0.04560859501361847, 0.20361584424972534]","[0.46058017015457153, 0.5394198298454285]",0.5394198298454285
00067564.npy,1,1,"[-0.1319606751203537, 0.18828928470611572]","[0.4206148386001587, 0.5793851613998413]",0.5793851613998413
00067565.npy,1,1,"[-0.1389472484588623, 0.1498863399028778]","[0.4282894432544708, 0.5717105269432068]",0.5717105269432068
00067566.npy,1,1,"[0.0672302320599556, 0.43706461787223816]","[0.40858104825019836, 0.5914189219474792]",0.5914189219474792
00067567.npy,0,1,"[0.06175891309976578, 0.3709096312522888]","[0.42332205176353455, 0.5766779780387878]",0.5766779780387878
00067568.npy,1,1,"[-0.17587608098983765, -0.06536926329135895]","[0.47240138053894043, 0.5275986194610596]",0.5275986194610596
00067569.npy,0,1,"[-0.0707583948969841, 0.2302243411540985]","[0.42531725764274597, 0.5746827721595764]",0.5746827721595764
00067570.npy,0,1,"[0.022040612995624542, 0.2689439654350281]","[0.4385858178138733, 0.5614141821861267]",0.5614141821861267
00067571.npy,0,1,"[-0.06662174314260483, 0.24621254205703735]","[0.4224230647087097, 0.5775769352912903]",0.5775769352912903
00067572.npy,1,1,"[-0.35360321402549744, -0.1005648821592331]","[0.43707579374313354, 0.5629242062568665]",0.5629242062568665
00067573.npy,0,1,"[0.027687378227710724, 0.6531569957733154]","[0.34853848814964294, 0.6514614820480347]",0.6514614820480347
00067574.npy,0,1,"[-0.005382969975471497, 0.15406373143196106]","[0.4602225422859192, 0.5397774577140808]",0.5397774577140808
00067575.npy,0,1,"[-0.005366511642932892, 0.25311529636383057]","[0.4357369542121887, 0.5642630457878113]",0.5642630457878113
00067576.npy,0,1,"[-0.09490742534399033, 0.15179678797721863]","[0.43863484263420105, 0.5613651275634766]",0.5613651275634766
00067577.npy,0,1,"[-0.2828560173511505, 0.040701061487197876]","[0.41980910301208496, 0.580190896987915]",0.580190896987915
00067578.npy,1,1,"[-0.07737251371145248, 0.13136917352676392]","[0.44800323247909546, 0.5519967675209045]",0.5519967675209045
00067579.npy,0,1,"[-0.03922746330499649, 0.17469292879104614]","[0.44672295451164246, 0.5532770752906799]",0.5532770752906799
00067580.npy,0,1,"[0.23717159032821655, 0.6586456894874573]","[0.39616405963897705, 0.6038358807563782]",0.6038358807563782
00067581.npy,1,1,"[-0.3619387447834015, -0.21282920241355896]","[0.4627915322780609, 0.5372084975242615]",0.5372084975242615
00067582.npy,1,1,"[-0.12163670361042023, 0.039252378046512604]","[0.4598642587661743, 0.5401357412338257]",0.5401357412338257
00067583.npy,0,1,"[-0.22825294733047485, 0.08153902739286423]","[0.423165500164032, 0.576834499835968]",0.576834499835968
00067584.npy,0,1,"[-0.14405187964439392, 0.1926349401473999]","[0.41661450266838074, 0.5833854675292969]",0.5833854675292969
00067585.npy,1,1,"[-0.04311928525567055, 0.28298354148864746]","[0.4191891551017761, 0.5808108448982239]",0.5808108448982239
00067586.npy,0,1,"[-0.10735077410936356, 0.19760343432426453]","[0.4243468642234802, 0.5756531953811646]",0.5756531953811646
00067587.npy,0,1,"[-0.10113696753978729, 0.3066316545009613]","[0.3994472920894623, 0.6005527377128601]",0.6005527377128601
00067588.npy,1,1,"[0.057738326489925385, 0.2540644705295563]","[0.4510755240917206, 0.5489245057106018]",0.5489245057106018
00067589.npy,1,1,"[-0.19021472334861755, 0.2504076361656189]","[0.3915926516056061, 0.6084073185920715]",0.6084073185920715
00067590.npy,1,1,"[-0.041331298649311066, 0.4358760714530945]","[0.3829117715358734, 0.6170881986618042]",0.6170881986618042
00067591.npy,1,1,"[-0.1045289933681488, 0.13120844960212708]","[0.44133704900741577, 0.5586629509925842]",0.5586629509925842
00067592.npy,1,1,"[0.0591716468334198, 0.17878317832946777]","[0.4701327383518219, 0.5298672914505005]",0.5298672914505005
00067593.npy,0,1,"[-0.08672066777944565, 0.29135003685951233]","[0.4065922796726227, 0.5934076905250549]",0.5934076905250549
00067594.npy,0,1,"[0.05779217183589935, 0.6271985769271851]","[0.36137381196022034, 0.638626217842102]",0.638626217842102
00067595.npy,0,1,"[-0.08906976133584976, 0.19433268904685974]","[0.42961981892585754, 0.5703801512718201]",0.5703801512718201
00067596.npy,0,1,"[-0.17528036236763, 0.22684431076049805]","[0.40080195665359497, 0.5991979837417603]",0.5991979837417603
00067597.npy,0,1,"[-0.060125287622213364, 0.290997713804245]","[0.4131101071834564, 0.5868898630142212]",0.5868898630142212
00067598.npy,0,1,"[-0.08788973093032837, 0.20779889822006226]","[0.4266117811203003, 0.5733882188796997]",0.5733882188796997
00067599.npy,1,1,"[-0.06926412880420685, 0.2263825237751007]","[0.42662206292152405, 0.5733779668807983]",0.5733779668807983
00067600.npy,0,1,"[0.10115019232034683, 0.5320940613746643]","[0.39390093088150024, 0.606099009513855]",0.606099009513855
00067601.npy,0,1,"[0.0018096677958965302, 0.49269357323646545]","[0.3796854019165039, 0.6203146576881409]",0.6203146576881409
00067602.npy,0,1,"[-0.1135249212384224, 0.32819169759750366]","[0.3913320004940033, 0.6086679697036743]",0.6086679697036743
00067603.npy,1,1,"[0.09348184615373611, 0.411825954914093]","[0.4210793673992157, 0.5789206027984619]",0.5789206027984619
00067604.npy,1,1,"[-0.1791350245475769, -0.004962082952260971]","[0.4565665125846863, 0.5434334874153137]",0.5434334874153137
00067605.npy,0,1,"[-0.09024076163768768, 0.24237453937530518]","[0.4176044166088104, 0.5823955535888672]",0.5823955535888672
00067606.npy,0,1,"[-0.2798267602920532, 0.11927812546491623]","[0.40152740478515625, 0.598472535610199]",0.598472535610199
00067607.npy,0,1,"[-0.05202915892004967, 0.528857409954071]","[0.3587286174297333, 0.6412713527679443]",0.6412713527679443
00067608.npy,0,1,"[0.0649171993136406, 0.4725587069988251]","[0.3994777798652649, 0.6005222201347351]",0.6005222201347351
00067609.npy,1,1,"[-0.316960871219635, 0.1668693721294403]","[0.3813480734825134, 0.6186519265174866]",0.6186519265174866
00067610.npy,0,1,"[0.03878551721572876, 0.28952041268348694]","[0.4376426339149475, 0.5623573660850525]",0.5623573660850525
00067611.npy,0,1,"[-0.056069958955049515, 0.42994755506515503]","[0.3808321952819824, 0.6191678047180176]",0.6191678047180176
00067612.npy,0,1,"[-0.23521459102630615, 0.2872743010520935]","[0.3722704350948334, 0.6277295351028442]",0.6277295351028442
00067613.npy,0,1,"[-0.14526760578155518, 0.22924679517745972]","[0.4074506461620331, 0.5925493836402893]",0.5925493836402893
00067614.npy,1,1,"[-0.05911096930503845, 0.3895185887813568]","[0.389686644077301, 0.610313355922699]",0.610313355922699
00067615.npy,1,1,"[-0.09867074340581894, 0.14099767804145813]","[0.44036805629730225, 0.559631884098053]",0.559631884098053
00067616.npy,1,1,"[0.09378441423177719, 0.27510756254196167]","[0.45479297637939453, 0.5452069640159607]",0.5452069640159607
00067617.npy,0,1,"[-0.2822156250476837, 0.003672651946544647]","[0.4290107786655426, 0.570989191532135]",0.570989191532135
00067618.npy,0,1,"[0.018211670219898224, 0.412708580493927]","[0.40263524651527405, 0.5973647236824036]",0.5973647236824036
00067619.npy,1,1,"[-0.09430181980133057, 0.18042147159576416]","[0.4317479431629181, 0.5682520866394043]",0.5682520866394043
00067620.npy,0,1,"[-0.17980676889419556, 0.13440662622451782]","[0.422086626291275, 0.5779134035110474]",0.5779134035110474
00067621.npy,0,1,"[-0.03868363797664642, 0.3171743154525757]","[0.4119625985622406, 0.588037371635437]",0.588037371635437
00067622.npy,1,1,"[0.1240822896361351, 0.23341119289398193]","[0.4726949632167816, 0.5273050665855408]",0.5273050665855408
00067623.npy,0,1,"[-0.2437862753868103, 0.0644543468952179]","[0.4235442280769348, 0.5764557123184204]",0.5764557123184204
00067624.npy,1,1,"[-0.1550036370754242, 0.33665773272514343]","[0.3795022666454315, 0.6204977035522461]",0.6204977035522461
00067625.npy,1,1,"[0.4430750012397766, 0.7001987099647522]","[0.43607088923454285, 0.5639291405677795]",0.5639291405677795
00067626.npy,1,1,"[0.011742949485778809, 0.33101844787597656]","[0.42085233330726624, 0.5791476964950562]",0.5791476964950562
00067627.npy,1,1,"[-0.1163497120141983, 0.2591078281402588]","[0.4072229564189911, 0.5927770733833313]",0.5927770733833313
00067628.npy,0,1,"[-0.019130215048789978, 0.3903116285800934]","[0.3990459740161896, 0.6009540557861328]",0.6009540557861328
00067629.npy,1,1,"[-0.04088161140680313, 0.35610491037368774]","[0.40203657746315, 0.5979634523391724]",0.5979634523391724
00067630.npy,1,1,"[-0.05078260973095894, 0.0943719819188118]","[0.4637749195098877, 0.5362250804901123]",0.5362250804901123
00067631.npy,0,1,"[-0.17485150694847107, 0.313265860080719]","[0.3803371787071228, 0.6196628212928772]",0.6196628212928772
00067632.npy,1,1,"[-0.04041261225938797, 0.02230066806077957]","[0.4843268096446991, 0.5156731605529785]",0.5156731605529785
00067633.npy,1,1,"[-0.060784827917814255, 0.29540249705314636]","[0.41188278794288635, 0.5881171822547913]",0.5881171822547913
00067634.npy,1,1,"[0.04501494765281677, 0.3971484303474426]","[0.41286516189575195, 0.587134838104248]",0.587134838104248
00067635.npy,1,1,"[0.05360810458660126, 0.40619632601737976]","[0.41275492310523987, 0.5872450470924377]",0.5872450470924377
00067636.npy,1,1,"[-0.2811588644981384, -0.1148635670542717]","[0.4585217237472534, 0.5414782762527466]",0.5414782762527466
00067637.npy,1,1,"[-0.12364029884338379, -0.09735828638076782]","[0.49342986941337585, 0.5065701603889465]",0.5065701603889465
00067638.npy,1,1,"[-0.0119502954185009, 0.21966016292572021]","[0.44235485792160034, 0.5576451420783997]",0.5576451420783997
00067639.npy,1,1,"[-0.18084385991096497, 0.3133288025856018]","[0.3789111077785492, 0.6210889220237732]",0.6210889220237732
00067640.npy,1,1,"[-0.18476060032844543, 0.025291219353675842]","[0.4476792812347412, 0.5523207187652588]",0.5523207187652588
00067641.npy,0,1,"[-0.12506204843521118, 0.12349878996610641]","[0.4381777346134186, 0.561822235584259]",0.561822235584259
00067642.npy,1,1,"[-0.17034155130386353, 0.10303039103746414]","[0.4320794939994812, 0.5679205060005188]",0.5679205060005188
00067643.npy,0,1,"[0.08302568644285202, 0.2650781571865082]","[0.4546121656894684, 0.5453878045082092]",0.5453878045082092
00067644.npy,1,1,"[-0.1814323365688324, -0.01129816472530365]","[0.4575687348842621, 0.5424312353134155]",0.5424312353134155
00067645.npy,1,1,"[0.11946205049753189, 0.4733593165874481]","[0.41243767738342285, 0.5875623226165771]",0.5875623226165771
00067646.npy,0,1,"[-0.10358108580112457, 0.0784364715218544]","[0.4546208381652832, 0.5453791618347168]",0.5453791618347168
00067647.npy,0,1,"[-0.0772312805056572, 0.37330108880996704]","[0.38923415541648865, 0.610765814781189]",0.610765814781189
00067648.npy,1,1,"[-0.1448383778333664, 0.2855619788169861]","[0.39403071999549866, 0.605969250202179]",0.605969250202179
00067649.npy,0,1,"[-0.272607684135437, 0.1877027153968811]","[0.38691216707229614, 0.6130877733230591]",0.6130877733230591
00067650.npy,1,1,"[0.01905076950788498, 0.3520009219646454]","[0.41752302646636963, 0.5824770331382751]",0.5824770331382751
00067651.npy,1,1,"[-0.013554628938436508, 0.4487111270427704]","[0.3864485025405884, 0.6135515570640564]",0.6135515570640564
00067652.npy,0,1,"[-0.057582370936870575, 0.2872397005558014]","[0.41463860869407654, 0.5853613615036011]",0.5853613615036011
00067653.npy,1,1,"[-0.023076849058270454, 0.25268983840942383]","[0.4314919114112854, 0.5685080289840698]",0.5685080289840698
00067654.npy,1,1,"[-0.1328602433204651, 0.07651311904191971]","[0.44784703850746155, 0.5521529316902161]",0.5521529316902161
00067655.npy,1,1,"[0.009968630969524384, 0.19001245498657227]","[0.45511022210121155, 0.5448897480964661]",0.5448897480964661
00067656.npy,1,1,"[-0.13544760644435883, 0.06572500616312027]","[0.4498758018016815, 0.5501242280006409]",0.5501242280006409
00067657.npy,1,1,"[0.03568760305643082, 0.35208946466445923]","[0.4215528964996338, 0.578447163105011]",0.578447163105011
00067658.npy,0,1,"[-0.12470124661922455, 0.10547413676977158]","[0.44270890951156616, 0.5572911500930786]",0.5572911500930786
00067659.npy,1,1,"[-0.1894247829914093, -0.017248470336198807]","[0.4570619463920593, 0.5429380536079407]",0.5429380536079407
00067660.npy,1,1,"[-0.10009445250034332, 0.22924283146858215]","[0.4184018671512604, 0.5815981030464172]",0.5815981030464172
00067661.npy,1,1,"[-0.17004597187042236, 0.091494120657444]","[0.4349851608276367, 0.5650148391723633]",0.5650148391723633
00067662.npy,1,1,"[-0.07693600654602051, 0.12453199177980423]","[0.4498026967048645, 0.5501973628997803]",0.5501973628997803
00067663.npy,1,1,"[-0.3027419149875641, 0.17172953486442566]","[0.383558452129364, 0.616441547870636]",0.616441547870636
00067664.npy,1,1,"[0.017744913697242737, 0.10530570894479752]","[0.4781237542629242, 0.5218762159347534]",0.5218762159347534
00067665.npy,1,1,"[0.05898946523666382, 0.33928558230400085]","[0.4303812086582184, 0.569618821144104]",0.569618821144104
00067666.npy,1,1,"[0.07150901108980179, 0.33486542105674744]","[0.4345388114452362, 0.5654612183570862]",0.5654612183570862
00067667.npy,1,1,"[-0.4196150302886963, -0.13549411296844482]","[0.4294437766075134, 0.5705562233924866]",0.5705562233924866
00067668.npy,1,1,"[0.059211552143096924, 0.06738165766000748]","[0.4979574680328369, 0.5020425319671631]",0.5020425319671631
00067669.npy,1,1,"[-0.01593426987528801, 0.45781728625297546]","[0.38372868299484253, 0.6162713766098022]",0.6162713766098022
00067670.npy,0,1,"[0.01421038806438446, 0.34089013934135437]","[0.4190487265586853, 0.5809512734413147]",0.5809512734413147
00067671.npy,0,1,"[-0.2543891668319702, 0.032248564064502716]","[0.4288271963596344, 0.5711727738380432]",0.5711727738380432
00067672.npy,0,1,"[-0.14625240862369537, -0.05545368790626526]","[0.47731590270996094, 0.5226840972900391]",0.5226840972900391
00067673.npy,0,1,"[0.08613494783639908, 0.5780031681060791]","[0.37945356965065, 0.6205464601516724]",0.6205464601516724
00067674.npy,1,1,"[-0.13070523738861084, 0.11971233040094376]","[0.43772071599960327, 0.562279224395752]",0.562279224395752
00067675.npy,1,1,"[-0.009665869176387787, 0.09262872487306595]","[0.47444865107536316, 0.5255513787269592]",0.5255513787269592
00067676.npy,0,1,"[0.08881058543920517, 0.6686083078384399]","[0.35897913575172424, 0.6410208344459534]",0.6410208344459534
00067677.npy,0,1,"[-0.13616472482681274, 0.3797971308231354]","[0.3737969398498535, 0.6262030005455017]",0.6262030005455017
00067678.npy,1,1,"[-0.09257865697145462, 0.3057052791118622]","[0.4017247259616852, 0.5982753038406372]",0.5982753038406372
00067679.npy,0,1,"[-0.1243554875254631, 0.15271133184432983]","[0.43117302656173706, 0.5688269734382629]",0.5688269734382629
00067680.npy,0,1,"[-0.2629989981651306, -0.05628877878189087]","[0.4485056698322296, 0.551494300365448]",0.551494300365448
00067681.npy,1,1,"[-0.14191293716430664, 0.23286470770835876]","[0.40738704800605774, 0.5926129221916199]",0.5926129221916199
00067682.npy,0,1,"[0.30046939849853516, 0.6865772604942322]","[0.4046545922756195, 0.5953453779220581]",0.5953453779220581
00067683.npy,0,1,"[-0.1697128564119339, 0.1877252757549286]","[0.4115798771381378, 0.5884201526641846]",0.5884201526641846
00067684.npy,0,1,"[0.053929224610328674, 0.2640466094017029]","[0.4476630985736847, 0.5523369312286377]",0.5523369312286377
00067685.npy,1,1,"[-0.08154814690351486, 0.25709545612335205]","[0.41613900661468506, 0.5838609933853149]",0.5838609933853149
00067686.npy,0,1,"[-0.060732919722795486, 0.21609154343605042]","[0.4312324821949005, 0.5687675476074219]",0.5687675476074219
00067687.npy,0,1,"[-0.011917289346456528, 0.5402935147285461]","[0.3653516173362732, 0.634648323059082]",0.634648323059082
00067688.npy,0,1,"[-0.21032920479774475, 0.13195574283599854]","[0.41525453329086304, 0.584745466709137]",0.584745466709137
00067689.npy,0,1,"[-0.1572214663028717, 0.20113041996955872]","[0.4113585948944092, 0.5886414647102356]",0.5886414647102356
00067690.npy,0,1,"[-0.03535207360982895, 0.2027951180934906]","[0.44074302911758423, 0.5592570304870605]",0.5592570304870605
00067691.npy,0,1,"[-0.0023777522146701813, 0.3768598437309265]","[0.4063107967376709, 0.5936892032623291]",0.5936892032623291
00067692.npy,0,1,"[-0.09226837009191513, 0.29052749276161194]","[0.40545275807380676, 0.5945472717285156]",0.5945472717285156
00067693.npy,1,1,"[-0.20633769035339355, -0.06712950021028519]","[0.4652540683746338, 0.5347459316253662]",0.5347459316253662
00067694.npy,1,1,"[-0.3183748722076416, 0.0975799635052681]","[0.3974851369857788, 0.6025148630142212]",0.6025148630142212
00067695.npy,0,1,"[-0.03922406956553459, 0.3114703297615051]","[0.4132140576839447, 0.5867859721183777]",0.5867859721183777
00067696.npy,1,1,"[0.0180128812789917, 0.11857134848833084]","[0.4748815596103668, 0.5251184701919556]",0.5251184701919556
00067697.npy,0,1,"[-0.17227116227149963, 0.2808995842933655]","[0.3886071443557739, 0.6113928556442261]",0.6113928556442261
00067698.npy,1,1,"[0.13547995686531067, 0.4675920307636261]","[0.4177268147468567, 0.5822731852531433]",0.5822731852531433
00067699.npy,1,1,"[0.07380345463752747, 0.2627631723880768]","[0.45290014147758484, 0.5470998883247375]",0.5470998883247375
00067700.npy,1,1,"[-0.047121889889240265, 0.2262202501296997]","[0.4320867955684662, 0.5679131746292114]",0.5679131746292114
00067701.npy,1,1,"[-0.14375782012939453, 0.004468351602554321]","[0.4630111753940582, 0.5369888544082642]",0.5369888544082642
00067702.npy,1,1,"[0.10789196938276291, 0.2572595775127411]","[0.4627273678779602, 0.5372726321220398]",0.5372726321220398
00067703.npy,1,1,"[-0.23243063688278198, -0.14338195323944092]","[0.4777525067329407, 0.5222474336624146]",0.5222474336624146
00067704.npy,1,1,"[-0.12111078947782516, 0.07083211094141006]","[0.45216104388237, 0.5478389263153076]",0.5478389263153076
00067705.npy,1,1,"[-0.06716041266918182, 0.35879477858543396]","[0.395092636346817, 0.6049073934555054]",0.6049073934555054
00067706.npy,1,1,"[-0.14534391462802887, 0.14180079102516174]","[0.4287030100822449, 0.5712969303131104]",0.5712969303131104
00067707.npy,1,1,"[-0.07247697561979294, 0.09625019878149033]","[0.4579179883003235, 0.5420820116996765]",0.5420820116996765
00067708.npy,1,1,"[-0.09207315742969513, 0.015442371368408203]","[0.4731469750404358, 0.5268530249595642]",0.5268530249595642
00067709.npy,0,1,"[-0.3728155791759491, -0.020485904067754745]","[0.4128175973892212, 0.5871824026107788]",0.5871824026107788
00067710.npy,1,1,"[-0.1486571729183197, 0.15295454859733582]","[0.42516350746154785, 0.5748364329338074]",0.5748364329338074
00067711.npy,1,1,"[-0.02817029505968094, 0.20038321614265442]","[0.44310906529426575, 0.5568909645080566]",0.5568909645080566
00067712.npy,0,1,"[-0.26516619324684143, -0.07742653787136078]","[0.4532024562358856, 0.546797513961792]",0.546797513961792
00067713.npy,0,1,"[0.06846226006746292, 0.3363906741142273]","[0.4334157407283783, 0.5665842294692993]",0.5665842294692993
00067714.npy,1,1,"[-0.13542410731315613, 0.1621701717376709]","[0.42614567279815674, 0.5738543272018433]",0.5738543272018433
00067715.npy,1,1,"[-0.12244929373264313, 0.23357871174812317]","[0.4119213819503784, 0.5880785584449768]",0.5880785584449768
00067716.npy,1,1,"[-0.01433318480849266, 0.13709205389022827]","[0.4622158706188202, 0.5377841591835022]",0.5377841591835022
00067717.npy,1,1,"[0.05260100215673447, 0.4066711664199829]","[0.41239577531814575, 0.5876042246818542]",0.5876042246818542
00067718.npy,1,1,"[-0.2818847894668579, 0.002914145588874817]","[0.429277628660202, 0.5707223415374756]",0.5707223415374756
00067719.npy,0,1,"[-0.25681570172309875, 0.07676630467176437]","[0.4173693358898163, 0.5826306939125061]",0.5826306939125061
00067720.npy,1,1,"[0.005804117769002914, 0.2770039737224579]","[0.4326125681400299, 0.5673874616622925]",0.5673874616622925
00067721.npy,1,1,"[0.02230335772037506, 0.2861473560333252]","[0.43441900610923767, 0.5655810236930847]",0.5655810236930847
00067722.npy,0,1,"[0.013434648513793945, 0.40465715527534485]","[0.403423011302948, 0.5965769290924072]",0.5965769290924072
00067723.npy,1,1,"[0.19530990719795227, 0.2765148878097534]","[0.4797099232673645, 0.5202900767326355]",0.5202900767326355
00067724.npy,1,1,"[-0.0043787360191345215, 0.1824413537979126]","[0.4534303545951843, 0.5465696454048157]",0.5465696454048157
00067725.npy,1,1,"[0.16807419061660767, 0.2373521625995636]","[0.48268744349479675, 0.5173125863075256]",0.5173125863075256
00067726.npy,1,1,"[0.04041868448257446, 0.1454988718032837]","[0.4737541079521179, 0.5262458920478821]",0.5262458920478821
00067727.npy,0,1,"[-0.05452438443899155, 0.20175808668136597]","[0.4362777769565582, 0.5637221932411194]",0.5637221932411194
00067728.npy,0,1,"[0.047288231551647186, 0.6882790923118591]","[0.345022588968277, 0.6549773812294006]",0.6549773812294006
00067729.npy,1,1,"[0.036482878029346466, 0.1540410816669464]","[0.4706442356109619, 0.5293557047843933]",0.5293557047843933
00067730.npy,0,1,"[-0.1325288563966751, 0.11396997421979904]","[0.43868544697761536, 0.561314582824707]",0.561314582824707
00067731.npy,0,1,"[0.08560767024755478, 0.4302555024623871]","[0.4146808981895447, 0.5853191018104553]",0.5853191018104553
00067732.npy,0,1,"[-0.07579702883958817, 0.15426799654960632]","[0.44273608922958374, 0.5572639107704163]",0.5572639107704163
00067733.npy,0,1,"[0.10484495013952255, 0.1926763355731964]","[0.47805625200271606, 0.5219437479972839]",0.5219437479972839
00067734.npy,0,1,"[-0.2534668743610382, 0.009140215814113617]","[0.4347229301929474, 0.565277099609375]",0.565277099609375
00067735.npy,0,1,"[-0.02675969898700714, 0.30530452728271484]","[0.4177384376525879, 0.5822615027427673]",0.5822615027427673
00067736.npy,1,1,"[0.07199558615684509, 0.2500719130039215]","[0.45559820532798767, 0.5444018244743347]",0.5444018244743347
00067737.npy,0,1,"[0.14875218272209167, 0.6530545949935913]","[0.37653014063835144, 0.623469889163971]",0.623469889163971
00067738.npy,0,1,"[-0.11985217779874802, 0.09639423340559006]","[0.4461480975151062, 0.5538519024848938]",0.5538519024848938
00067739.npy,1,1,"[0.15274661779403687, 0.48439183831214905]","[0.4178403913974762, 0.5821596384048462]",0.5821596384048462
00067740.npy,0,1,"[-0.08226180076599121, 0.08927171677350998]","[0.45722147822380066, 0.5427785515785217]",0.5427785515785217
00067741.npy,1,1,"[-0.2591578960418701, 0.06991184502840042]","[0.4184670150279999, 0.5815330147743225]",0.5815330147743225
00067742.npy,1,1,"[-0.09972240030765533, 0.13791373372077942]","[0.44086897373199463, 0.5591310262680054]",0.5591310262680054
00067743.npy,1,1,"[-0.09486812353134155, 0.1518349051475525]","[0.4386351406574249, 0.5613648295402527]",0.5613648295402527
00067744.npy,0,1,"[0.02157001942396164, 0.0568128377199173]","[0.49119022488594055, 0.5088098049163818]",0.5088098049163818
00067745.npy,0,1,"[-0.29674968123435974, 0.09777986258268356]","[0.4026273787021637, 0.5973725914955139]",0.5973725914955139
00067746.npy,1,1,"[-0.42592853307724, -0.04538830369710922]","[0.4059966206550598, 0.5940033793449402]",0.5940033793449402
00067747.npy,1,1,"[-0.13554608821868896, 0.14695623517036438]","[0.42984041571617126, 0.5701596140861511]",0.5701596140861511
00067748.npy,0,1,"[0.36420661211013794, 0.6500725746154785]","[0.42901626229286194, 0.5709837675094604]",0.5709837675094604
00067749.npy,0,1,"[-0.10146435350179672, 0.31869807839393616]","[0.3964778780937195, 0.6035221219062805]",0.6035221219062805
00067750.npy,1,1,"[-0.06493166089057922, 0.21679610013961792]","[0.4300302565097809, 0.5699697732925415]",0.5699697732925415
00067751.npy,1,1,"[-0.021723246201872826, 0.29075103998184204]","[0.42251092195510864, 0.5774890780448914]",0.5774890780448914
00067752.npy,0,1,"[-0.04002469778060913, 0.22518789768218994]","[0.4340827763080597, 0.5659172534942627]",0.5659172534942627
00067753.npy,1,1,"[-0.10191339254379272, 0.20102834701538086]","[0.42483848333358765, 0.5751615166664124]",0.5751615166664124
00067754.npy,1,1,"[-0.0056304484605789185, 0.2602280378341675]","[0.43392413854599, 0.56607586145401]",0.56607586145401
00067755.npy,0,1,"[-0.06754656881093979, -0.053770266473293304]","[0.49655598402023315, 0.5034440159797668]",0.5034440159797668
00067756.npy,1,1,"[-0.20468366146087646, 0.1529671549797058]","[0.4115283489227295, 0.5884716510772705]",0.5884716510772705
00067757.npy,0,1,"[-0.1377309411764145, 0.32165005803108215]","[0.3871327042579651, 0.6128672957420349]",0.6128672957420349
00067758.npy,1,1,"[-0.15039759874343872, 0.2807599902153015]","[0.3938499391078949, 0.6061500906944275]",0.6061500906944275
00067759.npy,1,1,"[-0.2085694968700409, 0.1078379824757576]","[0.42155152559280396, 0.578448474407196]",0.578448474407196
00067760.npy,1,1,"[-0.08338205516338348, 0.12454267591238022]","[0.4482053220272064, 0.551794707775116]",0.551794707775116
00067761.npy,1,1,"[-0.24026340246200562, 0.08372978121042252]","[0.4197029173374176, 0.5802971124649048]",0.5802971124649048
00067762.npy,1,1,"[0.09115863591432571, 0.2239547073841095]","[0.466849684715271, 0.533150315284729]",0.533150315284729
00067763.npy,1,1,"[-0.08180452883243561, 0.143766850233078]","[0.44384506344795227, 0.5561549067497253]",0.5561549067497253
00067764.npy,1,1,"[-0.18878373503684998, 0.09955065697431564]","[0.42841166257858276, 0.5715883374214172]",0.5715883374214172
00067765.npy,1,1,"[-0.1897401213645935, -0.01180245727300644]","[0.4556325674057007, 0.5443673729896545]",0.5443673729896545
00067766.npy,1,1,"[-0.4710479974746704, -0.13513946533203125]","[0.4168037176132202, 0.5831962823867798]",0.5831962823867798
00067767.npy,1,1,"[-0.15875640511512756, 0.07271245867013931]","[0.4423898160457611, 0.5576102137565613]",0.5576102137565613
00067768.npy,1,1,"[0.01771169900894165, 0.23244565725326538]","[0.4465218782424927, 0.5534781813621521]",0.5534781813621521
00067769.npy,1,1,"[0.15671879053115845, 0.4756070673465729]","[0.4209466874599457, 0.5790532827377319]",0.5790532827377319
00067770.npy,1,1,"[0.005354113876819611, 0.3385870158672333]","[0.41745421290397644, 0.5825457572937012]",0.5825457572937012
00067771.npy,1,1,"[-0.18977069854736328, 0.3063846230506897]","[0.3784446120262146, 0.6215553879737854]",0.6215553879737854
00067772.npy,1,1,"[-0.056839436292648315, 0.10188741236925125]","[0.46040138602256775, 0.5395986437797546]",0.5395986437797546
00067773.npy,1,1,"[-0.06101716309785843, 0.6778260469436646]","[0.323257178068161, 0.6767428517341614]",0.6767428517341614
00067774.npy,1,1,"[0.06051859259605408, 0.40622419118881226]","[0.41442421078681946, 0.5855758190155029]",0.5855758190155029
00067775.npy,1,1,"[-0.13778166472911835, 0.1924585998058319]","[0.4181821942329407, 0.5818178057670593]",0.5818178057670593
00067776.npy,0,1,"[-0.0635489821434021, 0.4135380685329437]","[0.38294023275375366, 0.6170597672462463]",0.6170597672462463
00067777.npy,1,1,"[-0.0754946917295456, 0.4035613536834717]","[0.3824750483036041, 0.6175249218940735]",0.6175249218940735
00067778.npy,1,1,"[-0.22912704944610596, -0.026322070509195328]","[0.4494718313217163, 0.5505281686782837]",0.5505281686782837
00067779.npy,1,1,"[-0.08646702766418457, 0.25198790431022644]","[0.41618484258651733, 0.5838151574134827]",0.5838151574134827
00067780.npy,1,1,"[-0.07126524299383163, 0.077458955347538]","[0.46288731694221497, 0.5371126532554626]",0.5371126532554626
00067781.npy,1,1,"[0.013263963162899017, 0.2750878632068634]","[0.4349153935909271, 0.5650845766067505]",0.5650845766067505
00067782.npy,1,1,"[-0.19944298267364502, 0.11939357966184616]","[0.42095932364463806, 0.5790406465530396]",0.5790406465530396
00067783.npy,1,1,"[-0.018040884286165237, 0.2120000123977661]","[0.44274207949638367, 0.5572579503059387]",0.5572579503059387
00067784.npy,1,1,"[-0.06680657714605331, 0.38821983337402344]","[0.3881663680076599, 0.6118336319923401]",0.6118336319923401
00067785.npy,1,1,"[-0.17414401471614838, 0.28236013650894165]","[0.3878155052661896, 0.6121845245361328]",0.6121845245361328
00067786.npy,1,1,"[-0.15139004588127136, 0.05125763267278671]","[0.44951075315475464, 0.5504892468452454]",0.5504892468452454
00067787.npy,1,1,"[-0.044223129749298096, 0.22899729013442993]","[0.43211665749549866, 0.567883312702179]",0.567883312702179
00067788.npy,1,1,"[-0.24783039093017578, -0.026151880621910095]","[0.44480621814727783, 0.5551937818527222]",0.5551937818527222
00067789.npy,1,1,"[0.09442468732595444, 0.16683802008628845]","[0.4819045662879944, 0.5180954337120056]",0.5180954337120056
00067790.npy,1,1,"[-0.12091219425201416, 0.1436983346939087]","[0.4342306852340698, 0.5657693147659302]",0.5657693147659302
00067791.npy,1,1,"[-0.07806742191314697, 0.12195891886949539]","[0.4501594603061676, 0.54984050989151]",0.54984050989151
00067792.npy,0,1,"[-0.16432365775108337, 0.12886816263198853]","[0.4272226393222809, 0.5727773904800415]",0.5727773904800415
00067793.npy,1,1,"[0.02626655250787735, 0.22922080755233765]","[0.44943487644195557, 0.5505651235580444]",0.5505651235580444
00067794.npy,1,1,"[-0.15016567707061768, 0.31661251187324524]","[0.3853790760040283, 0.6146209239959717]",0.6146209239959717
00067795.npy,1,1,"[0.1674802303314209, 0.5075929164886475]","[0.41578209400177, 0.5842178463935852]",0.5842178463935852
00067796.npy,1,1,"[-0.10774130374193192, 0.03762546926736832]","[0.46372219920158386, 0.5362778306007385]",0.5362778306007385
00067797.npy,1,1,"[0.03862287849187851, 0.22457638382911682]","[0.45364513993263245, 0.5463548898696899]",0.5463548898696899
00067798.npy,1,1,"[0.053073860704898834, 0.38549819588661194]","[0.41765087842941284, 0.5823491215705872]",0.5823491215705872
00067799.npy,1,1,"[0.09685008972883224, 0.25046080350875854]","[0.46167266368865967, 0.5383273363113403]",0.5383273363113403
00067800.npy,1,1,"[-0.17045103013515472, 0.046585045754909515]","[0.44595298171043396, 0.5540470480918884]",0.5540470480918884
00067801.npy,1,1,"[-0.20649656653404236, -0.04791499674320221]","[0.46043747663497925, 0.5395625233650208]",0.5395625233650208
00067802.npy,0,1,"[0.022527769207954407, 0.2393721044063568]","[0.446000337600708, 0.5539996027946472]",0.5539996027946472
00067803.npy,1,1,"[0.034199826419353485, 0.26513582468032837]","[0.44252124428749084, 0.5574787259101868]",0.5574787259101868
00067804.npy,1,1,"[-0.22452273964881897, 0.036546774208545685]","[0.43510082364082336, 0.5648991465568542]",0.5648991465568542
00067805.npy,0,1,"[-0.24787086248397827, 0.022658415138721466]","[0.43277716636657715, 0.5672228336334229]",0.5672228336334229
00067806.npy,1,1,"[-0.010593175888061523, 0.2750018239021301]","[0.42908263206481934, 0.5709173679351807]",0.5709173679351807
00067807.npy,1,1,"[-0.03049813210964203, 0.21033990383148193]","[0.44007983803749084, 0.5599201917648315]",0.5599201917648315
00067808.npy,1,1,"[-0.10332158207893372, 0.17631369829177856]","[0.4305432140827179, 0.5694568157196045]",0.5694568157196045
00067809.npy,1,1,"[0.010493867099285126, 0.09984368830919266]","[0.4776774048805237, 0.5223225951194763]",0.5223225951194763
00067810.npy,1,1,"[-0.08931006491184235, 0.17057856917381287]","[0.4353910982608795, 0.5646089315414429]",0.5646089315414429
00067811.npy,1,1,"[0.05280248075723648, 0.21976417303085327]","[0.4583562910556793, 0.5416437387466431]",0.5416437387466431
00067812.npy,1,1,"[0.015189580619335175, 0.2326945662498474]","[0.4458371102809906, 0.554162859916687]",0.554162859916687
00067813.npy,1,1,"[0.046659186482429504, 0.21480613946914673]","[0.4580620229244232, 0.5419379472732544]",0.5419379472732544
00067814.npy,1,1,"[0.007327362895011902, 0.068313367664814]","[0.4847582280635834, 0.5152417421340942]",0.5152417421340942
00067815.npy,1,1,"[-0.11255738139152527, 0.21401968598365784]","[0.4190737307071686, 0.5809262990951538]",0.5809262990951538
00067816.npy,1,1,"[-0.06925217062234879, 0.39055871963500977]","[0.387030690908432, 0.6129693388938904]",0.6129693388938904
00067817.npy,1,1,"[0.06023118644952774, 0.3567524254322052]","[0.4264080822467804, 0.5735918879508972]",0.5735918879508972
00067818.npy,0,1,"[0.40927907824516296, 0.964313268661499]","[0.36469724774360657, 0.6353027820587158]",0.6353027820587158
00067819.npy,0,1,"[-0.1741451472043991, 0.10259454697370529]","[0.43125325441360474, 0.5687467455863953]",0.5687467455863953
00067820.npy,1,1,"[0.014958396553993225, 0.282983660697937]","[0.4333919286727905, 0.5666080713272095]",0.5666080713272095
00067821.npy,0,1,"[0.02227054536342621, 0.4670167863368988]","[0.39061063528060913, 0.6093893647193909]",0.6093893647193909
00067822.npy,0,1,"[-0.1419580727815628, 0.09419576078653336]","[0.44123438000679016, 0.5587655901908875]",0.5587655901908875
00067823.npy,0,1,"[-0.22308704257011414, -0.02585841342806816]","[0.45085206627845764, 0.54914790391922]",0.54914790391922
00067824.npy,1,1,"[-0.09761141240596771, 0.16632995009422302]","[0.43439510464668274, 0.5656049251556396]",0.5656049251556396
00067825.npy,0,1,"[0.044780269265174866, 0.2805992364883423]","[0.44131696224212646, 0.5586830377578735]",0.5586830377578735
00067826.npy,0,1,"[-0.031540416181087494, 0.3174509108066559]","[0.4136270582675934, 0.586372971534729]",0.586372971534729
00067827.npy,0,1,"[-0.10292388498783112, 0.4079904854297638]","[0.3749791979789734, 0.6250208020210266]",0.6250208020210266
00067828.npy,1,1,"[-0.04037734493613243, 0.4469211995601654]","[0.3805301785469055, 0.6194698810577393]",0.6194698810577393
00067829.npy,0,1,"[0.009190678596496582, 0.1877846121788025]","[0.4554698169231415, 0.5445301532745361]",0.5445301532745361
00067830.npy,0,1,"[0.05667205899953842, 0.4231176972389221]","[0.40940016508102417, 0.5905998349189758]",0.5905998349189758
00067831.npy,1,1,"[0.0848502442240715, 0.36996325850486755]","[0.4292007088661194, 0.5707992911338806]",0.5707992911338806
00067832.npy,0,1,"[-0.11326988786458969, 0.1845434010028839]","[0.42609214782714844, 0.5739078521728516]",0.5739078521728516
00067833.npy,0,1,"[0.10857173055410385, 0.40899863839149475]","[0.4254531264305115, 0.5745468735694885]",0.5745468735694885
00067834.npy,0,1,"[-0.11328102648258209, 0.10641377419233322]","[0.44529616832733154, 0.5547038316726685]",0.5547038316726685
00067835.npy,1,1,"[-0.09082693606615067, 0.20052766799926758]","[0.42767226696014404, 0.572327733039856]",0.572327733039856
00067836.npy,0,1,"[-0.17378665506839752, 0.28417325019836426]","[0.3874698877334595, 0.6125300526618958]",0.6125300526618958
00067837.npy,1,1,"[-0.10966428369283676, 0.19038772583007812]","[0.42554473876953125, 0.5744552612304688]",0.5744552612304688
00067838.npy,1,1,"[0.001164507120847702, 0.23790225386619568]","[0.44109046459198, 0.55890953540802]",0.55890953540802
00067839.npy,0,1,"[-0.13003024458885193, 0.16578873991966248]","[0.42657989263534546, 0.5734201669692993]",0.5734201669692993
00067840.npy,1,1,"[0.13034483790397644, 0.33039143681526184]","[0.45015445351600647, 0.5498455166816711]",0.5498455166816711
00067841.npy,1,1,"[0.1755121648311615, 0.40296968817710876]","[0.44337955117225647, 0.5566204786300659]",0.5566204786300659
00067842.npy,1,1,"[-0.1943429410457611, -0.005579493939876556]","[0.45294874906539917, 0.547051191329956]",0.547051191329956
00067843.npy,1,1,"[0.03974136710166931, 0.353156179189682]","[0.4222814440727234, 0.5777185559272766]",0.5777185559272766
00067844.npy,1,1,"[0.027223683893680573, 0.2955766022205353]","[0.43331149220466614, 0.5666884779930115]",0.5666884779930115
00067845.npy,1,1,"[-0.044226180762052536, 0.006222203373908997]","[0.48739054799079895, 0.5126094222068787]",0.5126094222068787
00067846.npy,1,1,"[-0.23305928707122803, -0.04748864471912384]","[0.45374003052711487, 0.5462599992752075]",0.5462599992752075
00067847.npy,1,1,"[0.13365697860717773, 0.3318646252155304]","[0.4506097137928009, 0.5493903160095215]",0.5493903160095215
00067848.npy,1,1,"[0.07525014132261276, 0.3749927282333374]","[0.4256204068660736, 0.574379563331604]",0.574379563331604
00067849.npy,1,1,"[-0.08270279318094254, 0.24321836233139038]","[0.41923341155052185, 0.5807666182518005]",0.5807666182518005
00067850.npy,1,1,"[0.04409415274858475, 0.32034602761268616]","[0.43137291073799133, 0.5686270594596863]",0.5686270594596863
00067851.npy,1,1,"[-0.09116501361131668, 0.14836764335632324]","[0.44040152430534363, 0.559598445892334]",0.559598445892334
00067852.npy,1,1,"[-0.14175909757614136, 0.274498850107193]","[0.3974125385284424, 0.6025874614715576]",0.6025874614715576
00067853.npy,1,1,"[-0.07118095457553864, 0.211736798286438]","[0.4297386407852173, 0.5702614188194275]",0.5702614188194275
00067854.npy,0,1,"[-0.13947129249572754, 0.09900862723588943]","[0.4406609833240509, 0.5593389868736267]",0.5593389868736267
00067855.npy,1,1,"[-0.12132404744625092, 0.27191174030303955]","[0.4029386043548584, 0.5970614552497864]",0.5970614552497864
00067856.npy,0,1,"[-0.19687771797180176, 0.2610156238079071]","[0.38748571276664734, 0.612514317035675]",0.612514317035675
00067857.npy,0,1,"[0.02218540757894516, 0.24736279249191284]","[0.4439423084259033, 0.5560576319694519]",0.5560576319694519
00067858.npy,0,1,"[0.028220772743225098, 0.26219844818115234]","[0.4417709708213806, 0.5582290291786194]",0.5582290291786194
00067859.npy,1,1,"[0.07065905630588531, 0.20535513758659363]","[0.46637678146362305, 0.533623218536377]",0.533623218536377
00067860.npy,0,1,"[-0.07435515522956848, 0.1267249882221222]","[0.4498986601829529, 0.5501013398170471]",0.5501013398170471
00067861.npy,1,1,"[-0.064853735268116, 0.10808820277452469]","[0.45687195658683777, 0.5431280136108398]",0.5431280136108398
00067862.npy,1,1,"[-0.2588975429534912, -0.02336190640926361]","[0.4413868188858032, 0.5586131811141968]",0.5586131811141968
00067863.npy,0,1,"[0.22754406929016113, 0.6889966726303101]","[0.38664132356643677, 0.613358736038208]",0.613358736038208
00067864.npy,1,1,"[-0.2198725938796997, 0.03302272409200668]","[0.4371109902858734, 0.562889039516449]",0.562889039516449
00067865.npy,0,1,"[0.024097353219985962, 0.3160324990749359]","[0.4275301694869995, 0.5724698305130005]",0.5724698305130005
00067866.npy,1,1,"[-0.2399688959121704, 0.02917621284723282]","[0.43311697244644165, 0.5668830275535583]",0.5668830275535583
00067867.npy,1,1,"[-0.06135153770446777, 0.17100882530212402]","[0.44216984510421753, 0.5578300952911377]",0.5578300952911377
00067868.npy,1,1,"[0.17287901043891907, 0.4389696717262268]","[0.43386709690093994, 0.5661329030990601]",0.5661329030990601
00067869.npy,0,1,"[-0.1571229100227356, 0.2115759253501892]","[0.4088554382324219, 0.5911445021629333]",0.5911445021629333
00067870.npy,1,1,"[-0.048489779233932495, 0.5769661664962769]","[0.34854158759117126, 0.6514583826065063]",0.6514583826065063
00067871.npy,1,1,"[-0.10364760458469391, 0.4851548969745636]","[0.3569096624851227, 0.6430903673171997]",0.6430903673171997
00067872.npy,1,1,"[-0.25285467505455017, 0.09510361403226852]","[0.4138776361942291, 0.5861223936080933]",0.5861223936080933
00067873.npy,1,1,"[-0.1710384339094162, 0.030308037996292114]","[0.4498327374458313, 0.5501672625541687]",0.5501672625541687
00067874.npy,1,1,"[-0.0533093698322773, 0.25953376293182373]","[0.4224209189414978, 0.5775790810585022]",0.5775790810585022
00067875.npy,1,1,"[-0.24837252497673035, 0.34219709038734436]","[0.3565042018890381, 0.6434958577156067]",0.6434958577156067
00067876.npy,1,1,"[-0.03512602299451828, 0.12684255838394165]","[0.4595961570739746, 0.5404038429260254]",0.5404038429260254
00067877.npy,1,1,"[-0.12722229957580566, 0.275633841753006]","[0.4006263315677643, 0.5993736982345581]",0.5993736982345581
00067878.npy,1,1,"[-0.1635916829109192, 0.22315320372581482]","[0.40450114011764526, 0.5954988598823547]",0.5954988598823547
00067879.npy,1,1,"[-0.10039043426513672, 0.3187446892261505]","[0.3967237174510956, 0.6032763123512268]",0.6032763123512268
00067880.npy,1,1,"[-0.022040266543626785, 0.1210479661822319]","[0.4642888605594635, 0.5357111096382141]",0.5357111096382141
00067881.npy,1,1,"[0.2570483088493347, 0.40765300393104553]","[0.4624198377132416, 0.5375801920890808]",0.5375801920890808
00067882.npy,1,1,"[-0.05834776163101196, 0.28883981704711914]","[0.41406458616256714, 0.5859354138374329]",0.5859354138374329
00067883.npy,1,1,"[-0.21794730424880981, -0.05627554655075073]","[0.4596698582172394, 0.5403301119804382]",0.5403301119804382
00067884.npy,1,1,"[0.1212235614657402, 0.36145514249801636]","[0.44022929668426514, 0.5597707629203796]",0.5597707629203796
00067885.npy,1,1,"[-0.21817755699157715, 0.28204119205474854]","[0.37748926877975464, 0.6225107312202454]",0.6225107312202454
00067886.npy,0,1,"[-0.23167112469673157, -0.16716663539409637]","[0.4838794469833374, 0.5161204934120178]",0.5161204934120178
00067887.npy,1,1,"[-0.30145442485809326, 0.35382553935050964]","[0.3418006896972656, 0.6581993103027344]",0.6581993103027344
00067888.npy,1,1,"[-0.11932476609945297, 0.24284112453460693]","[0.41043534874916077, 0.5895646810531616]",0.5895646810531616
00067889.npy,1,1,"[-0.12187498062849045, 0.34739217162132263]","[0.38478970527648926, 0.6152102947235107]",0.6152102947235107
00067890.npy,1,1,"[-0.027692660689353943, 0.06912792474031448]","[0.47581371665000916, 0.5241862535476685]",0.5241862535476685
00067891.npy,1,1,"[0.08321685343980789, 0.3843551278114319]","[0.42527925968170166, 0.5747207403182983]",0.5747207403182983
00067892.npy,1,1,"[-0.188807874917984, 0.2555384635925293]","[0.39070582389831543, 0.6092942357063293]",0.6092942357063293
00067893.npy,1,1,"[-0.30508044362068176, 0.22540289163589478]","[0.3704041838645935, 0.6295958757400513]",0.6295958757400513
00067894.npy,1,1,"[0.11117088049650192, 0.3607631027698517]","[0.4379238784313202, 0.5620760917663574]",0.5620760917663574
00067895.npy,1,1,"[-0.030605493113398552, 0.3708854615688324]","[0.4009541869163513, 0.5990458130836487]",0.5990458130836487
00067896.npy,1,1,"[0.05294525623321533, 0.2503921091556549]","[0.45079803466796875, 0.5492019653320312]",0.5492019653320312
00067897.npy,0,1,"[-0.3626338541507721, -0.03234254568815231]","[0.418169766664505, 0.5818302631378174]",0.5818302631378174
00067898.npy,1,1,"[-0.026923272758722305, 0.3226150870323181]","[0.413494348526001, 0.5865055918693542]",0.5865055918693542
00067899.npy,0,1,"[0.027013979852199554, 0.26110199093818665]","[0.44174379110336304, 0.558256208896637]",0.558256208896637
00067900.npy,1,1,"[-0.031165998429059982, 0.20679035782814026]","[0.440790057182312, 0.559209942817688]",0.559209942817688
00067901.npy,1,1,"[0.04486408084630966, 0.30310311913490295]","[0.4357966482639313, 0.5642033219337463]",0.5642033219337463
00067902.npy,1,1,"[-0.12151173502206802, 0.08268430083990097]","[0.4491276144981384, 0.5508723258972168]",0.5508723258972168
00067903.npy,1,1,"[-0.11828944832086563, 0.07948058098554611]","[0.4507180154323578, 0.5492819547653198]",0.5492819547653198
00067904.npy,0,1,"[-0.17250430583953857, 0.10472644120454788]","[0.43113282322883606, 0.5688671469688416]",0.5688671469688416
00067905.npy,0,1,"[0.08050047606229782, 0.18130004405975342]","[0.47482141852378845, 0.5251785516738892]",0.5251785516738892
00067906.npy,1,1,"[0.11780469864606857, 0.2288738489151001]","[0.4722612202167511, 0.5277388095855713]",0.5277388095855713
00067907.npy,1,1,"[0.07482702285051346, 0.33276256918907166]","[0.4358712434768677, 0.5641287565231323]",0.5641287565231323
00067908.npy,1,1,"[-0.00027792155742645264, 0.3059191405773163]","[0.42404329776763916, 0.5759567022323608]",0.5759567022323608
00067909.npy,0,1,"[0.015101946890354156, 0.3171405494213104]","[0.42505916953086853, 0.5749408006668091]",0.5749408006668091
00067910.npy,1,1,"[-0.19225838780403137, 0.07850167900323868]","[0.4327205419540405, 0.5672795176506042]",0.5672795176506042
00067911.npy,1,1,"[-0.042069241404533386, 0.3100569248199463]","[0.4128669202327728, 0.5871330499649048]",0.5871330499649048
00067912.npy,1,1,"[-0.03266415372490883, 0.36154767870903015]","[0.40270382165908813, 0.5972961783409119]",0.5972961783409119
00067913.npy,1,1,"[-0.11045844107866287, 0.062176838517189026]","[0.45694804191589355, 0.5430519580841064]",0.5430519580841064
00067914.npy,1,1,"[-0.05586922913789749, 0.17331939935684204]","[0.44295233488082886, 0.5570476055145264]",0.5570476055145264
00067915.npy,1,1,"[-0.4107358157634735, -0.06907077133655548]","[0.4154050648212433, 0.5845949053764343]",0.5845949053764343
00067916.npy,1,1,"[-0.18982142210006714, 0.15384724736213684]","[0.41491860151290894, 0.5850813984870911]",0.5850813984870911
00067917.npy,1,1,"[-0.09914329648017883, 0.23053109645843506]","[0.41831985116004944, 0.5816801190376282]",0.5816801190376282
00067918.npy,1,1,"[-0.03392282873392105, 0.3504490852355957]","[0.4050728678703308, 0.5949271321296692]",0.5949271321296692
00067919.npy,1,1,"[-0.2310539186000824, 0.09061864763498306]","[0.420268177986145, 0.579731822013855]",0.579731822013855
00067920.npy,1,1,"[0.0457092821598053, 0.2872285544872284]","[0.43991199135780334, 0.560088038444519]",0.560088038444519
00067921.npy,0,1,"[-0.07854728400707245, 0.1644127070903778]","[0.4395570158958435, 0.5604429244995117]",0.5604429244995117
00067922.npy,1,1,"[-0.06223443150520325, 0.20086181163787842]","[0.4346027374267578, 0.5653972625732422]",0.5653972625732422
00067923.npy,1,1,"[-0.1610502451658249, 0.1807439923286438]","[0.41537371277809143, 0.584626317024231]",0.584626317024231
00067924.npy,1,1,"[-0.08028092980384827, 0.13806113600730896]","[0.44563034176826477, 0.5543696880340576]",0.5543696880340576
00067925.npy,1,1,"[-0.030634379014372826, 0.2570648193359375]","[0.4285672605037689, 0.5714327692985535]",0.5714327692985535
00067926.npy,1,1,"[-0.04082808643579483, 0.2889493405818939]","[0.4182947874069214, 0.5817052125930786]",0.5817052125930786
00067927.npy,0,1,"[-0.044182728976011276, 0.18257617950439453]","[0.4435519576072693, 0.5564480423927307]",0.5564480423927307
00067928.npy,1,1,"[-0.10413472354412079, 0.01654151827096939]","[0.4698674976825714, 0.530132532119751]",0.530132532119751
00067929.npy,0,1,"[-0.34521862864494324, 0.13995453715324402]","[0.3810313045978546, 0.6189687252044678]",0.6189687252044678
00067930.npy,1,1,"[-0.04163704067468643, 0.22601103782653809]","[0.43348458409309387, 0.5665154457092285]",0.5665154457092285
00067931.npy,1,1,"[0.004140015691518784, 0.22350040078163147]","[0.44537875056266785, 0.5546212196350098]",0.5546212196350098
00067932.npy,1,1,"[0.19714614748954773, 0.37021082639694214]","[0.45684149861335754, 0.5431584715843201]",0.5431584715843201
00067933.npy,0,1,"[-0.3068000078201294, -0.03543783724308014]","[0.43257269263267517, 0.5674272775650024]",0.5674272775650024
00067934.npy,1,1,"[0.03245754539966583, 0.35488057136535645]","[0.4200853407382965, 0.5799146294593811]",0.5799146294593811
00067935.npy,0,1,"[-0.3357279896736145, 0.0283244326710701]","[0.4099789261817932, 0.5900210738182068]",0.5900210738182068
00067936.npy,0,1,"[-0.17391371726989746, -0.03820507973432541]","[0.46612483263015747, 0.5338752269744873]",0.5338752269744873
00067937.npy,0,1,"[0.20924049615859985, 0.5753844976425171]","[0.40947309136390686, 0.5905268788337708]",0.5905268788337708
00067938.npy,1,1,"[0.09343374520540237, 0.34704381227493286]","[0.4369351267814636, 0.5630648732185364]",0.5630648732185364
00067939.npy,0,1,"[-0.35198625922203064, 0.06438356637954712]","[0.39738574624061584, 0.6026142835617065]",0.6026142835617065
00067940.npy,0,1,"[-0.17117220163345337, 0.16503921151161194]","[0.4167300760746002, 0.5832699537277222]",0.5832699537277222
00067941.npy,1,1,"[-0.1598643660545349, -0.08989424258470535]","[0.4825145900249481, 0.5174853801727295]",0.5174853801727295
00067942.npy,0,1,"[0.01600734144449234, 0.365471214056015]","[0.4135124683380127, 0.5864875912666321]",0.5864875912666321
00067943.npy,1,1,"[0.09703687578439713, 0.5111321210861206]","[0.3979305624961853, 0.6020694375038147]",0.6020694375038147
00067944.npy,1,1,"[0.11364858597517014, 0.5859995484352112]","[0.38405993580818176, 0.6159400343894958]",0.6159400343894958
00067945.npy,1,1,"[-0.09515012055635452, -0.04588066041469574]","[0.4876851439476013, 0.5123148560523987]",0.5123148560523987
00067946.npy,1,1,"[-0.11248074471950531, 0.1571471095085144]","[0.4329984486103058, 0.5670015215873718]",0.5670015215873718
00067947.npy,0,1,"[-0.07045086473226547, 0.1366361677646637]","[0.4484124481678009, 0.5515875220298767]",0.5515875220298767
00067948.npy,1,1,"[0.0010989904403686523, 0.1377413272857666]","[0.4658924639225006, 0.534107506275177]",0.534107506275177
00067949.npy,1,1,"[-0.10263271629810333, 0.5246995687484741]","[0.3481157124042511, 0.6518843173980713]",0.6518843173980713
00067950.npy,0,1,"[0.023047640919685364, 0.27022647857666016]","[0.4385179877281189, 0.5614820122718811]",0.5614820122718811
00067951.npy,1,1,"[-0.18606403470039368, 0.052946433424949646]","[0.4405302405357361, 0.5594697594642639]",0.5594697594642639
00067952.npy,1,1,"[-0.12663689255714417, 0.20038548111915588]","[0.41896530985832214, 0.5810346603393555]",0.5810346603393555
00067953.npy,1,1,"[0.25696155428886414, 0.4594447910785675]","[0.44955146312713623, 0.5504485368728638]",0.5504485368728638
00067954.npy,1,1,"[-0.04381347447633743, 0.01890314370393753]","[0.48432597517967224, 0.5156739950180054]",0.5156739950180054
00067955.npy,0,1,"[-0.14856743812561035, 0.13879379630088806]","[0.42865002155303955, 0.5713499784469604]",0.5713499784469604
00067956.npy,0,1,"[-0.18131953477859497, 0.13317734003067017]","[0.42201748490333557, 0.577982485294342]",0.577982485294342
00067957.npy,1,1,"[-0.1900915801525116, 0.18106937408447266]","[0.4082605242729187, 0.5917394757270813]",0.5917394757270813
00067958.npy,1,1,"[-0.051258549094200134, 0.17771992087364197]","[0.44300419092178345, 0.5569958090782166]",0.5569958090782166
00067959.npy,1,1,"[-0.10462717711925507, 0.21855375170707703]","[0.4199007451534271, 0.5800992846488953]",0.5800992846488953
00067960.npy,1,1,"[-0.15763923525810242, 0.11638488620519638]","[0.4319194555282593, 0.5680805444717407]",0.5680805444717407
00067961.npy,0,1,"[-0.014192774891853333, 0.5484063029289246]","[0.3629462718963623, 0.6370537281036377]",0.6370537281036377
00067962.npy,1,1,"[-0.29477354884147644, 0.09246707707643509]","[0.40438175201416016, 0.5956182479858398]",0.5956182479858398
00067963.npy,0,1,"[0.07235588133335114, 0.30819258093833923]","[0.44131261110305786, 0.5586874485015869]",0.5586874485015869
00067964.npy,1,1,"[-0.10364048182964325, 0.34245923161506653]","[0.39028850197792053, 0.6097114682197571]",0.6097114682197571
00067965.npy,1,1,"[-0.251584529876709, -0.02587301656603813]","[0.44381046295166016, 0.5561895370483398]",0.5561895370483398
00067966.npy,1,1,"[0.07895413786172867, 0.4166733920574188]","[0.4163636267185211, 0.5836364030838013]",0.5836364030838013
00067967.npy,1,1,"[0.07831529527902603, 0.3804738521575928]","[0.4250298738479614, 0.5749701261520386]",0.5749701261520386
00067968.npy,1,1,"[-0.03450532257556915, 0.1537693738937378]","[0.45306986570358276, 0.5469301342964172]",0.5469301342964172
00067969.npy,0,1,"[-0.23857146501541138, 0.03264004737138748]","[0.4326097071170807, 0.5673903226852417]",0.5673903226852417
00067970.npy,1,1,"[-0.03255128115415573, 0.09082656353712082]","[0.46919459104537964, 0.5308054089546204]",0.5308054089546204
00067971.npy,1,1,"[-0.23140615224838257, 0.09963760524988174]","[0.4179867208003998, 0.5820133090019226]",0.5820133090019226
00067972.npy,1,1,"[-0.09343697130680084, 0.1633179485797882]","[0.4361615777015686, 0.5638384222984314]",0.5638384222984314
00067973.npy,1,1,"[-0.017042964696884155, 0.13866212964057922]","[0.46115216612815857, 0.538847804069519]",0.538847804069519
00067974.npy,1,1,"[0.1261393129825592, 0.3394942283630371]","[0.44686266779899597, 0.5531373023986816]",0.5531373023986816
00067975.npy,0,1,"[0.10943836718797684, 0.6226475238800049]","[0.374441534280777, 0.6255584955215454]",0.6255584955215454
00067976.npy,1,1,"[0.061704427003860474, 0.2879734933376312]","[0.44367286562919617, 0.5563271641731262]",0.5563271641731262
00067977.npy,1,1,"[-0.05482414364814758, 0.4218987822532654]","[0.38302627205848694, 0.6169736981391907]",0.6169736981391907
00067978.npy,1,1,"[0.0012903772294521332, 0.1787133514881134]","[0.45576027035713196, 0.5442397594451904]",0.5442397594451904
00067979.npy,1,1,"[0.03060135245323181, 0.26275789737701416]","[0.44222015142440796, 0.557779848575592]",0.557779848575592
00067980.npy,1,1,"[0.006545674055814743, 0.30528607964515686]","[0.42586544156074524, 0.5741345882415771]",0.5741345882415771
00067981.npy,0,1,"[0.15380293130874634, 0.4859338700771332]","[0.41772225499153137, 0.582277774810791]",0.582277774810791
00067982.npy,1,1,"[-0.16499128937721252, -0.06558499485254288]","[0.4751688838005066, 0.5248311161994934]",0.5248311161994934
00067983.npy,1,1,"[-0.12584397196769714, 0.12540468573570251]","[0.4375161826610565, 0.5624837875366211]",0.5624837875366211
00067984.npy,1,1,"[-0.029679713770747185, 0.28681784868240356]","[0.4215295612812042, 0.5784704089164734]",0.5784704089164734
00067985.npy,1,1,"[0.11182034760713577, 0.3496438264846802]","[0.4408228099346161, 0.5591772198677063]",0.5591772198677063
00067986.npy,1,1,"[-0.01334536075592041, 0.1430511176586151]","[0.4609803855419159, 0.5390195846557617]",0.5390195846557617
00067987.npy,1,1,"[-0.03461252897977829, 0.40028879046440125]","[0.39295655488967896, 0.607043445110321]",0.607043445110321
00067988.npy,1,1,"[-0.08182558417320251, 0.22028478980064392]","[0.42504167556762695, 0.574958324432373]",0.574958324432373
00067989.npy,1,1,"[-0.137253075838089, 0.04110715538263321]","[0.45552778244018555, 0.5444722175598145]",0.5444722175598145
00067990.npy,0,1,"[-0.16252443194389343, 0.35700321197509766]","[0.37296268343925476, 0.6270372867584229]",0.6270372867584229
00067991.npy,1,1,"[-0.153281569480896, 0.22359654307365417]","[0.40688011050224304, 0.5931199193000793]",0.5931199193000793
00067992.npy,0,1,"[-0.24598342180252075, 0.08739785104990005]","[0.41741815209388733, 0.5825818777084351]",0.5825818777084351
00067993.npy,0,1,"[0.01109452173113823, 0.4945323169231415]","[0.381440669298172, 0.6185593605041504]",0.6185593605041504
00067994.npy,0,1,"[0.10800421983003616, 0.2540682256221771]","[0.46354877948760986, 0.5364512205123901]",0.5364512205123901
00067995.npy,1,1,"[-0.33371424674987793, 0.03334064781665802]","[0.4092528522014618, 0.5907471179962158]",0.5907471179962158
00067996.npy,0,1,"[-0.056862618774175644, 0.20863816142082214]","[0.4340119957923889, 0.5659880042076111]",0.5659880042076111
00067997.npy,0,1,"[-0.20052286982536316, 0.20084130764007568]","[0.40098464488983154, 0.5990154147148132]",0.5990154147148132
00067998.npy,1,1,"[0.3751496970653534, 0.859532356262207]","[0.38121771812438965, 0.6187822222709656]",0.6187822222709656
00067999.npy,1,1,"[-0.036328017711639404, 0.025810815393924713]","[0.48447030782699585, 0.5155297517776489]",0.5155297517776489
00068000.npy,0,1,"[0.21442773938179016, 0.5900864601135254]","[0.40717440843582153, 0.5928255915641785]",0.5928255915641785
00068001.npy,0,1,"[-0.17310413718223572, 0.30416640639305115]","[0.38289687037467957, 0.617103099822998]",0.617103099822998
00068002.npy,0,1,"[0.035570986568927765, 0.35955482721328735]","[0.4197051525115967, 0.5802948474884033]",0.5802948474884033
00068003.npy,1,1,"[-0.14145413041114807, 0.09991965442895889]","[0.43994781374931335, 0.5600521564483643]",0.5600521564483643
00068004.npy,0,1,"[-0.1356530785560608, 0.16296052932739258]","[0.42589643597602844, 0.574103593826294]",0.574103593826294
00068005.npy,0,1,"[0.07912526279687881, 0.40324169397354126]","[0.4196728765964508, 0.5803271532058716]",0.5803271532058716
00068006.npy,0,1,"[-0.07280238717794418, 0.12915495038032532]","[0.4496815502643585, 0.5503184199333191]",0.5503184199333191
00068007.npy,0,1,"[-0.03016679920256138, 0.37779587507247925]","[0.3994007110595703, 0.6005992889404297]",0.6005992889404297
00068008.npy,0,1,"[-0.26018089056015015, 0.1143612489104271]","[0.40744394063949585, 0.5925560593605042]",0.5925560593605042
00068009.npy,0,1,"[-0.03643467277288437, 0.30663052201271057]","[0.41506510972976685, 0.5849349498748779]",0.5849349498748779
00068010.npy,0,1,"[-0.04062904790043831, 0.24498605728149414]","[0.42907771468162537, 0.570922315120697]",0.570922315120697
00068011.npy,0,1,"[-0.11373966932296753, 0.40487104654312134]","[0.3731771409511566, 0.6268228888511658]",0.6268228888511658
00068012.npy,1,1,"[0.12846913933753967, 0.4235130846500397]","[0.4267694652080536, 0.573230504989624]",0.573230504989624
00068013.npy,1,1,"[0.018294744193553925, 0.17619925737380981]","[0.4606056809425354, 0.5393943190574646]",0.5393943190574646
00068014.npy,0,1,"[-0.557998776435852, -0.03996216133236885]","[0.37331143021583557, 0.626688539981842]",0.626688539981842
00068015.npy,1,1,"[-0.19275811314582825, -0.01595989242196083]","[0.455915242433548, 0.5440847873687744]",0.5440847873687744
00068016.npy,1,1,"[-0.1958315074443817, 0.3011702299118042]","[0.3782455325126648, 0.6217544674873352]",0.6217544674873352
00068017.npy,1,1,"[0.027311503887176514, 0.2762530446052551]","[0.43808403611183167, 0.561915934085846]",0.561915934085846
00068018.npy,0,1,"[-0.018911462277173996, 0.43259474635124207]","[0.3890027403831482, 0.6109973192214966]",0.6109973192214966
00068019.npy,0,1,"[-0.20197737216949463, -0.024951357394456863]","[0.4558587074279785, 0.5441412925720215]",0.5441412925720215
00068020.npy,0,1,"[-0.3643448054790497, 0.10008317977190018]","[0.38593590259552, 0.61406409740448]",0.61406409740448
00068021.npy,0,1,"[-0.1174817681312561, 0.13406023383140564]","[0.4374440312385559, 0.5625560283660889]",0.5625560283660889
00068022.npy,1,1,"[-0.1032855436205864, 0.2174927294254303]","[0.42048609256744385, 0.5795139074325562]",0.5795139074325562
00068023.npy,0,1,"[-0.1001083105802536, 0.18675002455711365]","[0.4287731945514679, 0.5712268352508545]",0.5712268352508545
00068024.npy,0,1,"[-0.1505003273487091, 0.172406405210495]","[0.41996750235557556, 0.580032467842102]",0.580032467842102
00068025.npy,1,1,"[-0.2533930838108063, 0.007594846189022064]","[0.4351208806037903, 0.5648791193962097]",0.5648791193962097
00068026.npy,1,1,"[-0.18501785397529602, 0.06674961000680923]","[0.43738850951194763, 0.56261146068573]",0.56261146068573
00068027.npy,1,0,"[0.05492808669805527, 0.04430938512086868]","[0.5026546716690063, 0.49734535813331604]",0.49734535813331604
00068028.npy,1,1,"[-0.1219024807214737, 0.12284209579229355]","[0.4391174614429474, 0.560882568359375]",0.560882568359375
00068029.npy,1,1,"[-0.07873570173978806, 0.14248216152191162]","[0.44491997361183167, 0.555079996585846]",0.555079996585846
00068030.npy,1,1,"[0.3063332140445709, 0.6489638090133667]","[0.4151706397533417, 0.5848293900489807]",0.5848293900489807
00068031.npy,1,1,"[-0.15013349056243896, 0.24093011021614075]","[0.4034612774848938, 0.5965386629104614]",0.5965386629104614
00068032.npy,1,1,"[-0.17253583669662476, 0.022785909473896027]","[0.4513242244720459, 0.5486757755279541]",0.5486757755279541
00068033.npy,0,1,"[-0.11797336488962173, 0.380010724067688]","[0.37801453471183777, 0.6219854950904846]",0.6219854950904846
00068034.npy,1,1,"[-0.31651294231414795, 0.15915769338607788]","[0.38327497243881226, 0.6167250871658325]",0.6167250871658325
00068035.npy,0,1,"[-0.17407065629959106, 0.13599154353141785]","[0.4230995774269104, 0.5769004821777344]",0.5769004821777344
00068036.npy,1,1,"[-0.14638474583625793, 0.267095685005188]","[0.39807790517807007, 0.6019220948219299]",0.6019220948219299
00068037.npy,1,1,"[-0.3185543119907379, 0.1167178675532341]","[0.3928681015968323, 0.6071318984031677]",0.6071318984031677
00068038.npy,1,1,"[-0.18864303827285767, 0.23599368333816528]","[0.3954077661037445, 0.6045922040939331]",0.6045922040939331
00068039.npy,0,1,"[-0.24737843871116638, 0.06342343240976334]","[0.42291903495788574, 0.5770809650421143]",0.5770809650421143
00068040.npy,0,1,"[-0.2477947175502777, 0.026873856782913208]","[0.43176132440567017, 0.5682386755943298]",0.5682386755943298
00068041.npy,0,1,"[-0.10895869135856628, 0.19537800550460815]","[0.42449769377708435, 0.575502336025238]",0.575502336025238
00068042.npy,1,1,"[-0.34966233372688293, 0.08515524119138718]","[0.3929765522480011, 0.6070234775543213]",0.6070234775543213
00068043.npy,1,1,"[-0.052881330251693726, 0.1106083020567894]","[0.4592183828353882, 0.5407816171646118]",0.5407816171646118
00068044.npy,0,1,"[-0.2062034010887146, 0.26500535011291504]","[0.3843301832675934, 0.6156697869300842]",0.6156697869300842
00068045.npy,0,1,"[-0.20273369550704956, 0.10649839788675308]","[0.42330217361450195, 0.5766977667808533]",0.5766977667808533
00068046.npy,0,1,"[-0.1116923987865448, 0.23174920678138733]","[0.41497373580932617, 0.5850263237953186]",0.5850263237953186
00068047.npy,1,1,"[0.016967356204986572, 0.38140201568603516]","[0.4098864793777466, 0.5901135206222534]",0.5901135206222534
00068048.npy,1,1,"[0.01774407923221588, 0.3103221356868744]","[0.42737284302711487, 0.5726271867752075]",0.5726271867752075
00068049.npy,1,1,"[-0.2829779386520386, -0.031059160828590393]","[0.4373512864112854, 0.5626487135887146]",0.5626487135887146
00068050.npy,1,1,"[-0.21295541524887085, 0.0977923646569252]","[0.4229322373867035, 0.5770677924156189]",0.5770677924156189
00068051.npy,0,1,"[-0.21670812368392944, 0.24407035112380981]","[0.386801153421402, 0.6131988167762756]",0.6131988167762756
00068052.npy,1,1,"[-0.06428282707929611, 0.14646756649017334]","[0.44750654697418213, 0.5524933934211731]",0.5524933934211731
00068053.npy,1,1,"[0.0831688866019249, 0.48318174481391907]","[0.4013092517852783, 0.5986907482147217]",0.5986907482147217
00068054.npy,0,1,"[-0.08791252970695496, 0.015681758522987366]","[0.47412458062171936, 0.525875449180603]",0.525875449180603
00068055.npy,0,1,"[-0.18604546785354614, 0.07262744754552841]","[0.4356899559497833, 0.5643100142478943]",0.5643100142478943
00068056.npy,1,1,"[-0.026385601609945297, 0.06781018525362015]","[0.4764684736728668, 0.5235315561294556]",0.5235315561294556
00068057.npy,0,1,"[-0.06894227862358093, 0.2742486596107483]","[0.41503456234931946, 0.5849654674530029]",0.5849654674530029
00068058.npy,0,1,"[-0.006363067775964737, 0.25972574949264526]","[0.43386754393577576, 0.5661324858665466]",0.5661324858665466
00068059.npy,1,1,"[-0.29548749327659607, 0.001082729548215866]","[0.4263961613178253, 0.5736038684844971]",0.5736038684844971
00068060.npy,1,1,"[-0.14010661840438843, 0.18519020080566406]","[0.4193854033946991, 0.5806145668029785]",0.5806145668029785
00068061.npy,1,1,"[-0.1621204912662506, 0.11170952767133713]","[0.4319670796394348, 0.5680329203605652]",0.5680329203605652
00068062.npy,1,1,"[0.13133245706558228, 0.4863886535167694]","[0.4121568500995636, 0.5878431797027588]",0.5878431797027588
00068063.npy,0,1,"[0.043736532330513, 0.08027081936597824]","[0.4908674359321594, 0.5091325640678406]",0.5091325640678406
00068064.npy,1,1,"[-0.16619715094566345, 0.07639386504888535]","[0.439647912979126, 0.5603520274162292]",0.5603520274162292
00068065.npy,0,1,"[0.09893027693033218, 0.6333507299423218]","[0.3694864809513092, 0.6305135488510132]",0.6305135488510132
00068066.npy,0,1,"[-0.29878637194633484, 0.06446266174316406]","[0.41017329692840576, 0.5898267030715942]",0.5898267030715942
00068067.npy,0,1,"[-0.03792150691151619, 0.4584762752056122]","[0.37838757038116455, 0.6216124296188354]",0.6216124296188354
00068068.npy,0,1,"[-0.11388304084539413, 0.05050916224718094]","[0.4589942693710327, 0.5410057306289673]",0.5410057306289673
00068069.npy,1,1,"[-0.1484224945306778, 0.25662264227867126]","[0.40010082721710205, 0.5998992323875427]",0.5998992323875427
00068070.npy,1,1,"[0.028359413146972656, 0.48458632826805115]","[0.3878812789916992, 0.6121187210083008]",0.6121187210083008
00068071.npy,1,1,"[-0.18956631422042847, 0.2530335783958435]","[0.39112162590026855, 0.6088783144950867]",0.6088783144950867
00068072.npy,0,1,"[-0.01990998350083828, 0.18785887956619263]","[0.4482438564300537, 0.5517561435699463]",0.5517561435699463
00068073.npy,1,1,"[-0.19124948978424072, 0.2118861973285675]","[0.4005592167377472, 0.5994408130645752]",0.5994408130645752
00068074.npy,0,1,"[0.0020939037203788757, 0.1985933780670166]","[0.4510325789451599, 0.5489674210548401]",0.5489674210548401
00068075.npy,0,1,"[-0.030105115845799446, 0.22293207049369812]","[0.4370760917663574, 0.5629239082336426]",0.5629239082336426
00068076.npy,1,1,"[-0.2744516432285309, 0.017296455800533295]","[0.4275759756565094, 0.572424054145813]",0.572424054145813
00068077.npy,1,1,"[-0.21140152215957642, 0.11616791039705276]","[0.41883212327957153, 0.5811678171157837]",0.5811678171157837
00068078.npy,1,1,"[0.008823078125715256, 0.11694272607564926]","[0.47299638390541077, 0.5270035862922668]",0.5270035862922668
00068079.npy,1,1,"[0.038418419659137726, 0.32899847626686096]","[0.42786186933517456, 0.5721381306648254]",0.5721381306648254
00068080.npy,1,1,"[-0.25056248903274536, 0.07056225091218948]","[0.4204016923904419, 0.5795983672142029]",0.5795983672142029
00068081.npy,0,1,"[-0.12835931777954102, 0.13729780912399292]","[0.43397361040115356, 0.5660264492034912]",0.5660264492034912
00068082.npy,1,1,"[-0.05460001155734062, 0.08783600479364395]","[0.4644510746002197, 0.5355489253997803]",0.5355489253997803
00068083.npy,1,1,"[-0.10427193343639374, 0.23519709706306458]","[0.41593846678733826, 0.5840615034103394]",0.5840615034103394
00068084.npy,1,1,"[-0.2092381715774536, 0.14379668235778809]","[0.41264665126800537, 0.5873533487319946]",0.5873533487319946
00068085.npy,1,1,"[0.04419037699699402, 0.4010660946369171]","[0.4117160737514496, 0.5882839560508728]",0.5882839560508728
00068086.npy,1,1,"[-0.13812562823295593, 0.09558536857366562]","[0.44183674454689026, 0.5581632256507874]",0.5581632256507874
00068087.npy,1,1,"[0.031339049339294434, 0.506945013999939]","[0.38329026103019714, 0.6167097687721252]",0.6167097687721252
00068088.npy,1,1,"[0.11134716123342514, 0.2157500982284546]","[0.4739229381084442, 0.5260770320892334]",0.5260770320892334
00068089.npy,1,1,"[-0.0957852229475975, 0.20334196090698242]","[0.4257708489894867, 0.5742291212081909]",0.5742291212081909
00068090.npy,1,1,"[-0.26205435395240784, 0.11405462771654129]","[0.4070656895637512, 0.5929343104362488]",0.5929343104362488
00068091.npy,1,1,"[-0.06892233341932297, 0.18590572476387024]","[0.4366355240345001, 0.5633645057678223]",0.5633645057678223
00068092.npy,1,1,"[0.06798150390386581, 0.4281609058380127]","[0.41091611981391907, 0.5890838503837585]",0.5890838503837585
00068093.npy,1,1,"[-0.004141084849834442, 0.34192413091659546]","[0.4143369197845459, 0.5856630802154541]",0.5856630802154541
00068094.npy,0,1,"[0.044576868414878845, 0.3400022089481354]","[0.4266761541366577, 0.5733237862586975]",0.5733237862586975
00068095.npy,1,1,"[-0.10530824959278107, 0.1228330209851265]","[0.44321078062057495, 0.556789219379425]",0.556789219379425
00068096.npy,0,1,"[-0.17145073413848877, 0.12403205782175064]","[0.4266621172428131, 0.5733378529548645]",0.5733378529548645
00068097.npy,0,1,"[0.02954280376434326, 0.05599488317966461]","[0.493387371301651, 0.5066126585006714]",0.5066126585006714
00068098.npy,1,1,"[0.06392969191074371, 0.4196237325668335]","[0.4120023250579834, 0.5879976749420166]",0.5879976749420166
00068099.npy,1,1,"[-0.0004247128963470459, 0.36244237422943115]","[0.4102656841278076, 0.5897343158721924]",0.5897343158721924
00068100.npy,1,1,"[0.024136431515216827, 0.22576889395713806]","[0.4497619867324829, 0.5502380132675171]",0.5502380132675171
00068101.npy,0,1,"[-0.23376938700675964, 0.00540943443775177]","[0.44048872590065, 0.5595112442970276]",0.5595112442970276
00068102.npy,1,1,"[-0.14638638496398926, 0.03479165583848953]","[0.45482897758483887, 0.5451710224151611]",0.5451710224151611
00068103.npy,1,1,"[-0.012423291802406311, 0.18909615278244019]","[0.44978994131088257, 0.5502100586891174]",0.5502100586891174
00068104.npy,1,1,"[-0.24169421195983887, -0.20550590753555298]","[0.4909539222717285, 0.5090460777282715]",0.5090460777282715
00068105.npy,0,1,"[-0.11621210724115372, 0.3718257248401642]","[0.38035592436790466, 0.6196441054344177]",0.6196441054344177
00068106.npy,1,1,"[-0.11004837602376938, 0.47296038269996643]","[0.35824054479599, 0.6417593955993652]",0.6417593955993652
00068107.npy,0,1,"[0.04103635251522064, 0.4167037010192871]","[0.407172292470932, 0.5928276777267456]",0.5928276777267456
00068108.npy,1,1,"[-0.143771693110466, 0.16993442177772522]","[0.42221036553382874, 0.5777896046638489]",0.5777896046638489
00068109.npy,1,1,"[-0.21250420808792114, 0.11444108933210373]","[0.4189840853214264, 0.581015944480896]",0.581015944480896
00068110.npy,1,1,"[-0.3059517443180084, 0.061215609312057495]","[0.4092256724834442, 0.5907743573188782]",0.5907743573188782
00068111.npy,1,1,"[-0.07783783972263336, 0.28693458437919617]","[0.4098047912120819, 0.5901952385902405]",0.5901952385902405
00068112.npy,1,1,"[-0.1640588492155075, 0.15066108107566833]","[0.42196306586265564, 0.578036904335022]",0.578036904335022
00068113.npy,0,1,"[-0.020846055820584297, 0.2598382532596588]","[0.4302860200405121, 0.5697140097618103]",0.5697140097618103
00068114.npy,1,1,"[-0.13742701709270477, 0.32532981038093567]","[0.38633206486701965, 0.6136679649353027]",0.6136679649353027
00068115.npy,1,1,"[0.21400204300880432, 0.464338093996048]","[0.4377407729625702, 0.5622591972351074]",0.5622591972351074
00068116.npy,1,1,"[-0.1546052247285843, 0.047185368835926056]","[0.44972285628318787, 0.5502771735191345]",0.5502771735191345
00068117.npy,1,1,"[-0.1423923671245575, 0.2374008297920227]","[0.40617677569389343, 0.5938231945037842]",0.5938231945037842
00068118.npy,1,1,"[-0.08681619167327881, 0.25755831599235535]","[0.4147472679615021, 0.5852527618408203]",0.5852527618408203
00068119.npy,0,1,"[-0.3553507328033447, -0.09487888216972351]","[0.4352477490901947, 0.5647522807121277]",0.5647522807121277
00068120.npy,1,1,"[-0.005718424916267395, 0.22534003853797913]","[0.4424910247325897, 0.5575090050697327]",0.5575090050697327
00068121.npy,1,1,"[-0.02763422019779682, 0.11915221065282822]","[0.46336913108825684, 0.5366308689117432]",0.5366308689117432
00068122.npy,1,1,"[-0.015022322535514832, 0.3579012155532837]","[0.4078347980976105, 0.5921652317047119]",0.5921652317047119
00068123.npy,1,1,"[-0.32659676671028137, 0.08747606724500656]","[0.3979359269142151, 0.6020640730857849]",0.6020640730857849
00068124.npy,1,1,"[-0.17375774681568146, 0.010073885321617126]","[0.4541710913181305, 0.5458289384841919]",0.5458289384841919
00068125.npy,1,1,"[-0.048268090933561325, 0.2962956428527832]","[0.41470131278038025, 0.5852986574172974]",0.5852986574172974
00068126.npy,1,1,"[0.07501211017370224, 0.22778797149658203]","[0.4618801474571228, 0.5381198525428772]",0.5381198525428772
00068127.npy,1,1,"[0.04073716700077057, 0.22638264298439026]","[0.45372146368026733, 0.5462785363197327]",0.5462785363197327
00068128.npy,1,1,"[-0.22810494899749756, 0.15941324830055237]","[0.40431490540504456, 0.5956851243972778]",0.5956851243972778
00068129.npy,0,1,"[-0.24039247632026672, 0.13247433304786682]","[0.4078485071659088, 0.5921515226364136]",0.5921515226364136
00068130.npy,1,1,"[-0.008097894489765167, 0.3091675043106079]","[0.4213423728942871, 0.5786576867103577]",0.5786576867103577
00068131.npy,1,1,"[-0.12123779952526093, 0.36426690220832825]","[0.3809531331062317, 0.6190469264984131]",0.6190469264984131
00068132.npy,1,1,"[0.28812992572784424, 0.6278067231178284]","[0.4158880114555359, 0.5841120481491089]",0.5841120481491089
00068133.npy,1,1,"[-0.4038403332233429, 0.06136336922645569]","[0.3857520818710327, 0.6142479181289673]",0.6142479181289673
00068134.npy,1,1,"[-0.0727505087852478, 0.20215845108032227]","[0.4317023456096649, 0.5682976245880127]",0.5682976245880127
00068135.npy,1,1,"[-0.11122922599315643, 0.10597226768732071]","[0.44591209292411804, 0.5540878772735596]",0.5540878772735596
00068136.npy,1,1,"[-0.1684572994709015, 0.3489319086074829]","[0.3734629154205322, 0.626537024974823]",0.626537024974823
00068137.npy,1,1,"[-0.1094992533326149, 0.08025888353586197]","[0.4527023136615753, 0.5472977161407471]",0.5472977161407471
00068138.npy,1,1,"[-0.10645462572574615, 0.2600485682487488]","[0.4093862473964691, 0.5906137824058533]",0.5906137824058533
00068139.npy,1,1,"[-0.12751266360282898, 0.2129760980606079]","[0.4156907796859741, 0.5843092203140259]",0.5843092203140259
00068140.npy,1,1,"[-0.17895179986953735, 0.1883542835712433]","[0.40919211506843567, 0.5908078551292419]",0.5908078551292419
00068141.npy,1,1,"[-0.11702869832515717, 0.296668142080307]","[0.3980260193347931, 0.6019739508628845]",0.6019739508628845
00068142.npy,1,1,"[-0.11705652624368668, 0.04163806885480881]","[0.46040940284729004, 0.53959059715271]",0.53959059715271
00068143.npy,1,1,"[-0.12812571227550507, 0.23830893635749817]","[0.4094028174877167, 0.5905972123146057]",0.5905972123146057
00068144.npy,1,1,"[-0.016498882323503494, 0.2122836709022522]","[0.4430525600910187, 0.5569474697113037]",0.5569474697113037
00068145.npy,1,1,"[-0.24185088276863098, 0.10770151764154434]","[0.41349098086357117, 0.5865089893341064]",0.5865089893341064
00068146.npy,1,1,"[-0.2666119635105133, -0.03946330398321152]","[0.4434557855129242, 0.5565442442893982]",0.5565442442893982
00068147.npy,1,1,"[-0.017982780933380127, 0.009770743548870087]","[0.4930620491504669, 0.5069379210472107]",0.5069379210472107
00068148.npy,1,1,"[0.16848665475845337, 0.4846824109554291]","[0.42160314321517944, 0.5783968567848206]",0.5783968567848206
00068149.npy,1,1,"[-0.054626915603876114, 0.17044371366500854]","[0.44396868348121643, 0.556031346321106]",0.556031346321106
00068150.npy,1,0,"[-0.007976099848747253, -0.025190215557813644]","[0.5043034553527832, 0.4956965744495392]",0.4956965744495392
00068151.npy,1,1,"[-0.03140854835510254, 0.0546046644449234]","[0.47850996255874634, 0.5214900970458984]",0.5214900970458984
00068152.npy,1,1,"[0.18437212705612183, 0.4342697858810425]","[0.43784868717193604, 0.5621512532234192]",0.5621512532234192
00068153.npy,0,1,"[-0.051727574318647385, 0.2887802720069885]","[0.41568613052368164, 0.5843138694763184]",0.5843138694763184
00068154.npy,1,1,"[-0.28421756625175476, 0.06611648947000504]","[0.4133014380931854, 0.586698591709137]",0.586698591709137
00068155.npy,1,1,"[-0.008504092693328857, 0.14320015907287598]","[0.46214649081230164, 0.537853479385376]",0.537853479385376
00068156.npy,1,1,"[0.022764503955841064, 0.22087395191192627]","[0.4506340026855469, 0.5493659973144531]",0.5493659973144531
00068157.npy,1,1,"[-0.17742252349853516, 0.022388070821762085]","[0.45021286606788635, 0.5497871041297913]",0.5497871041297913
00068158.npy,1,1,"[-0.01864216849207878, 0.4829777181148529]","[0.37716007232666016, 0.6228399872779846]",0.6228399872779846
00068159.npy,0,1,"[-0.2727208137512207, -0.02549218386411667]","[0.43850573897361755, 0.5614942312240601]",0.5614942312240601
00068160.npy,0,1,"[0.018368259072303772, 0.29195791482925415]","[0.4320260286331177, 0.5679739117622375]",0.5679739117622375
00068161.npy,1,1,"[-0.13989463448524475, 0.09550512582063675]","[0.4414203464984894, 0.558579683303833]",0.558579683303833
00068162.npy,0,1,"[-0.1500987410545349, 0.2624469995498657]","[0.3983018398284912, 0.601698100566864]",0.601698100566864
00068163.npy,1,1,"[-0.02305290661752224, 0.22364062070846558]","[0.43863749504089355, 0.5613625049591064]",0.5613625049591064
00068164.npy,0,1,"[-0.0979197770357132, 0.31887272000312805]","[0.39728450775146484, 0.6027154326438904]",0.6027154326438904
00068165.npy,1,1,"[-0.04747646674513817, 0.336997926235199]","[0.4050481915473938, 0.594951868057251]",0.594951868057251
00068166.npy,1,1,"[0.14432638883590698, 0.402723491191864]","[0.43575775623321533, 0.5642421841621399]",0.5642421841621399
00068167.npy,1,1,"[-0.17032977938652039, -0.012543514370918274]","[0.46063506603240967, 0.5393649339675903]",0.5393649339675903
00068168.npy,1,1,"[-0.16742399334907532, 0.09375592321157455]","[0.4350736737251282, 0.5649263262748718]",0.5649263262748718
00068169.npy,1,1,"[0.020012930035591125, 0.11603987962007523]","[0.4760116934776306, 0.5239883065223694]",0.5239883065223694
00068170.npy,1,1,"[-0.3688523471355438, 0.006966687738895416]","[0.4071356952190399, 0.5928643345832825]",0.5928643345832825
00068171.npy,1,1,"[-0.13353033363819122, 0.06444907933473587]","[0.4506661891937256, 0.5493338108062744]",0.5493338108062744
00068172.npy,1,1,"[-0.13329902291297913, -0.017158526927232742]","[0.47099748253822327, 0.5290025472640991]",0.5290025472640991
00068173.npy,1,1,"[-0.1875421702861786, 0.24907541275024414]","[0.39254724979400635, 0.6074527502059937]",0.6074527502059937
00068174.npy,0,1,"[-0.000352468341588974, 0.4432756006717682]","[0.390876829624176, 0.609123170375824]",0.609123170375824
00068175.npy,1,1,"[-0.06870538741350174, 0.23343947529792786]","[0.42503324151039124, 0.5749667882919312]",0.5749667882919312
00068176.npy,1,1,"[-0.07349175959825516, 0.20660698413848877]","[0.4304295480251312, 0.5695704221725464]",0.5695704221725464
00068177.npy,1,1,"[-0.03649621829390526, 0.32693395018577576]","[0.41012948751449585, 0.5898705720901489]",0.5898705720901489
00068178.npy,1,1,"[0.00848362222313881, 0.24304547905921936]","[0.4416269063949585, 0.5583730936050415]",0.5583730936050415
00068179.npy,0,1,"[-0.13340047001838684, 0.04549260437488556]","[0.4553956389427185, 0.5446044206619263]",0.5446044206619263
00068180.npy,1,1,"[-0.2829051613807678, 0.10710503906011581]","[0.4037148654460907, 0.5962851643562317]",0.5962851643562317
00068181.npy,1,1,"[-0.0013612210750579834, 0.1696142852306366]","[0.4573599398136139, 0.5426400899887085]",0.5426400899887085
00068182.npy,0,1,"[-0.052643027156591415, 0.13208526372909546]","[0.45394882559776306, 0.5460512042045593]",0.5460512042045593
00068183.npy,0,1,"[-0.21600675582885742, 0.00863417237997055]","[0.44407474994659424, 0.555925190448761]",0.555925190448761
00068184.npy,1,1,"[-0.05383119359612465, 0.10091222077608109]","[0.4613911509513855, 0.5386088490486145]",0.5386088490486145
00068185.npy,1,1,"[-0.4429211914539337, -0.0478411465883255]","[0.40249499678611755, 0.5975049734115601]",0.5975049734115601
00068186.npy,1,1,"[-0.007711794227361679, 0.3006400763988495]","[0.423517107963562, 0.576482892036438]",0.576482892036438
00068187.npy,1,1,"[0.14787080883979797, 0.607375979423523]","[0.38710325956344604, 0.6128968000411987]",0.6128968000411987
00068188.npy,1,1,"[-0.049124352633953094, 0.11867428570985794]","[0.4581485390663147, 0.5418515205383301]",0.5418515205383301
00068189.npy,0,1,"[0.12277019768953323, 0.21203964948654175]","[0.4776974320411682, 0.522302508354187]",0.522302508354187
00068190.npy,1,1,"[-0.22503572702407837, 0.1774187684059143]","[0.40072277188301086, 0.5992771983146667]",0.5992771983146667
00068191.npy,1,1,"[0.058553121984004974, 0.2923394739627838]","[0.4418181777000427, 0.5581818222999573]",0.5581818222999573
00068192.npy,1,1,"[-0.05806291103363037, 0.14806026220321655]","[0.44865089654922485, 0.5513491034507751]",0.5513491034507751
00068193.npy,1,1,"[0.005050715059041977, 0.19701290130615234]","[0.45215627551078796, 0.5478436946868896]",0.5478436946868896
00068194.npy,1,1,"[-0.10208117216825485, 0.09928271919488907]","[0.44982844591140747, 0.5501715540885925]",0.5501715540885925
00068195.npy,1,1,"[-0.13527905941009521, 0.15733420848846436]","[0.4273642301559448, 0.5726357698440552]",0.5726357698440552
00068196.npy,1,1,"[-0.014084752649068832, 0.4090757369995117]","[0.395760715007782, 0.604239284992218]",0.604239284992218
00068197.npy,1,1,"[0.0007191337645053864, 0.20816633105278015]","[0.44832342863082886, 0.5516766309738159]",0.5516766309738159
00068198.npy,1,1,"[0.10859360545873642, 0.33696213364601135]","[0.4431547224521637, 0.5568453073501587]",0.5568453073501587
00068199.npy,1,1,"[-0.07421137392520905, 0.3157292604446411]","[0.4037315845489502, 0.5962684154510498]",0.5962684154510498
00068200.npy,1,1,"[-0.10747012495994568, 0.36574268341064453]","[0.3838560879230499, 0.6161438822746277]",0.6161438822746277
00068201.npy,1,1,"[-0.12032521516084671, 0.16343006491661072]","[0.42953336238861084, 0.5704666376113892]",0.5704666376113892
00068202.npy,0,1,"[0.0801977589726448, 0.6725132465362549]","[0.35610371828079224, 0.643896222114563]",0.643896222114563
00068203.npy,1,1,"[0.01913173496723175, 0.27695703506469727]","[0.4358983635902405, 0.5641016364097595]",0.5641016364097595
00068204.npy,1,1,"[0.004448346793651581, 0.4743253290653229]","[0.38464537262916565, 0.6153546571731567]",0.6153546571731567
00068205.npy,1,1,"[0.06674722582101822, 0.8151599168777466]","[0.3211672604084015, 0.6788327097892761]",0.6788327097892761
00068206.npy,1,1,"[-0.07242114841938019, 0.29481497406959534]","[0.4092090129852295, 0.5907909870147705]",0.5907909870147705
00068207.npy,0,1,"[-0.18080487847328186, 0.1220211312174797]","[0.42486679553985596, 0.575133204460144]",0.575133204460144
00068208.npy,1,1,"[-0.445056676864624, -0.21872401237487793]","[0.44365715980529785, 0.5563428401947021]",0.5563428401947021
00068209.npy,1,1,"[-0.10463792085647583, 0.19312456250190735]","[0.4261045753955841, 0.5738954544067383]",0.5738954544067383
00068210.npy,1,1,"[0.19726833701133728, 0.3116871118545532]","[0.47142648696899414, 0.5285735130310059]",0.5285735130310059
00068211.npy,1,1,"[0.07042739540338516, 0.1931072175502777]","[0.46936845779418945, 0.5306315422058105]",0.5306315422058105
00068212.npy,1,1,"[-0.15635249018669128, -0.07153099775314331]","[0.47880733013153076, 0.5211926698684692]",0.5211926698684692
00068213.npy,1,1,"[-0.022841190919280052, 0.14291149377822876]","[0.4586564600467682, 0.5413435697555542]",0.5413435697555542
00068214.npy,1,1,"[-0.06193595379590988, 0.35838353633880615]","[0.3964402973651886, 0.603559672832489]",0.603559672832489
00068215.npy,1,1,"[-0.1246756836771965, 0.41370436549186707]","[0.3685644865036011, 0.6314355134963989]",0.6314355134963989
00068216.npy,1,1,"[0.2100382149219513, 0.3897383213043213]","[0.45519551634788513, 0.5448045134544373]",0.5448045134544373
00068217.npy,1,1,"[-0.06750901788473129, 0.4113490581512451]","[0.3825218379497528, 0.6174781918525696]",0.6174781918525696
00068218.npy,1,1,"[0.008336592465639114, 0.22072115540504456]","[0.4471025764942169, 0.5528974533081055]",0.5528974533081055
00068219.npy,1,1,"[-0.3033389449119568, 0.027198441326618195]","[0.41810986399650574, 0.5818901062011719]",0.5818901062011719
00068220.npy,0,1,"[-0.24702152609825134, 0.22824451327323914]","[0.38337063789367676, 0.616629421710968]",0.616629421710968
00068221.npy,1,1,"[-0.13702602684497833, 0.05233178287744522]","[0.45280152559280396, 0.5471985340118408]",0.5471985340118408
00068222.npy,0,1,"[0.0373084619641304, 0.13268139958381653]","[0.47617483139038086, 0.5238252282142639]",0.5238252282142639
00068223.npy,1,1,"[0.030287466943264008, 0.3256695866584778]","[0.42668673396110535, 0.5733132362365723]",0.5733132362365723
00068224.npy,1,1,"[0.13143476843833923, 0.45515069365501404]","[0.41977041959762573, 0.5802295804023743]",0.5802295804023743
00068225.npy,0,1,"[0.0058328136801719666, 0.2058391273021698]","[0.45016443729400635, 0.5498355627059937]",0.5498355627059937
00068226.npy,1,1,"[-0.08700668811798096, 0.20448210835456848]","[0.4276393949985504, 0.5723605751991272]",0.5723605751991272
00068227.npy,1,1,"[-0.03028261661529541, 0.11048469692468643]","[0.46486616134643555, 0.5351338386535645]",0.5351338386535645
00068228.npy,1,1,"[-0.3914211094379425, -0.010761518031358719]","[0.4059678316116333, 0.5940321683883667]",0.5940321683883667
00068229.npy,0,1,"[-0.28848162293434143, -0.03159113973379135]","[0.4361282289028168, 0.5638717412948608]",0.5638717412948608
00068230.npy,1,1,"[0.040242962539196014, 0.38832181692123413]","[0.4138484001159668, 0.5861515998840332]",0.5861515998840332
00068231.npy,0,1,"[-0.06054309755563736, 0.7740681171417236]","[0.302670955657959, 0.6973291039466858]",0.6973291039466858
00068232.npy,1,1,"[0.06676560640335083, 0.28065621852874756]","[0.44673028588294983, 0.5532697439193726]",0.5532697439193726
00068233.npy,0,1,"[-0.3407478630542755, 0.08974903076887131]","[0.39400768280029297, 0.605992317199707]",0.605992317199707
00068234.npy,1,1,"[-0.2322624921798706, 0.31522366404533386]","[0.3664478063583374, 0.6335521340370178]",0.6335521340370178
00068235.npy,1,1,"[-0.06467454135417938, 0.3490241467952728]","[0.3980255722999573, 0.6019744277000427]",0.6019744277000427
00068236.npy,1,1,"[-0.11721097677946091, 0.156236469745636]","[0.43206095695495605, 0.567939043045044]",0.567939043045044
00068237.npy,1,1,"[-0.18480083346366882, 0.2045426070690155]","[0.40387535095214844, 0.5961246490478516]",0.5961246490478516
00068238.npy,1,1,"[0.014430589973926544, 0.2522837817668915]","[0.44081544876098633, 0.5591845512390137]",0.5591845512390137
00068239.npy,0,1,"[-0.13116176426410675, 0.23294085264205933]","[0.40996676683425903, 0.5900331735610962]",0.5900331735610962
00068240.npy,1,1,"[0.11819864064455032, 0.4899909794330597]","[0.4081079959869385, 0.5918920040130615]",0.5918920040130615
00068241.npy,0,1,"[-0.22335782647132874, 0.27679380774497986]","[0.37750503420829773, 0.6224949955940247]",0.6224949955940247
00068242.npy,0,1,"[-0.14754095673561096, 0.25584766268730164]","[0.4004984498023987, 0.5995015501976013]",0.5995015501976013
00068243.npy,0,1,"[-0.16814856231212616, 0.045178718864917755]","[0.44686952233314514, 0.5531304478645325]",0.5531304478645325
00068244.npy,0,1,"[-0.019507935270667076, 0.7462722659111023]","[0.31739261746406555, 0.6826073527336121]",0.6826073527336121
00068245.npy,0,1,"[0.010980196297168732, 0.5734828114509583]","[0.3629686236381531, 0.6370314359664917]",0.6370314359664917
00068246.npy,0,1,"[-0.16823142766952515, 0.5720105171203613]","[0.32295122742652893, 0.6770488023757935]",0.6770488023757935
00068247.npy,0,1,"[0.06497938185930252, 0.4182434380054474]","[0.4125911295413971, 0.5874089002609253]",0.5874089002609253
00068248.npy,1,1,"[0.2825067341327667, 0.5416387915611267]","[0.4355770945549011, 0.5644229054450989]",0.5644229054450989
00068249.npy,0,1,"[-0.0032178349792957306, 0.31572017073631287]","[0.4209345877170563, 0.5790654420852661]",0.5790654420852661
00068250.npy,1,1,"[-0.1778174340724945, 0.4153471291065216]","[0.3559090793132782, 0.6440909504890442]",0.6440909504890442
00068251.npy,0,1,"[0.20873808860778809, 0.8540244102478027]","[0.3440525531768799, 0.6559475064277649]",0.6559475064277649
00068252.npy,0,1,"[0.1232408955693245, 0.5822800397872925]","[0.387213796377182, 0.6127861738204956]",0.6127861738204956
00068253.npy,0,1,"[0.14127567410469055, 0.5277376770973206]","[0.4045692980289459, 0.5954307317733765]",0.5954307317733765
00068254.npy,0,1,"[0.08199391514062881, 0.4545880854129791]","[0.40791431069374084, 0.5920856595039368]",0.5920856595039368
00068255.npy,1,1,"[-0.0881793349981308, 0.32451170682907104]","[0.39826706051826477, 0.6017329692840576]",0.6017329692840576
00068256.npy,0,1,"[-0.13384830951690674, 0.17794126272201538]","[0.42267799377441406, 0.5773220062255859]",0.5773220062255859
00068257.npy,1,1,"[-0.10888396203517914, 0.5847602486610413]","[0.333222895860672, 0.6667770743370056]",0.6667770743370056
00068258.npy,0,1,"[-0.2801947593688965, 0.04134804755449295]","[0.42029979825019836, 0.5797001719474792]",0.5797001719474792
00068259.npy,1,1,"[-0.11907213181257248, 0.09423314779996872]","[0.4468749761581421, 0.5531250238418579]",0.5531250238418579
00068260.npy,1,1,"[0.04979602247476578, 0.15808138251304626]","[0.47295504808425903, 0.5270448923110962]",0.5270448923110962
00068261.npy,1,1,"[0.42585498094558716, 0.9333066940307617]","[0.37579110264778137, 0.624208927154541]",0.624208927154541
00068262.npy,0,1,"[0.18985697627067566, 0.45892998576164246]","[0.43313470482826233, 0.5668653249740601]",0.5668653249740601
00068263.npy,1,1,"[0.019989319145679474, 0.04278431832790375]","[0.4943014979362488, 0.5056985020637512]",0.5056985020637512
00068264.npy,1,1,"[0.013571761548519135, 0.12535658478736877]","[0.47208285331726074, 0.5279171466827393]",0.5279171466827393
00068265.npy,1,1,"[0.15859168767929077, 0.4621906578540802]","[0.42467790842056274, 0.5753220915794373]",0.5753220915794373
00068266.npy,1,1,"[-0.046760037541389465, 0.18491971492767334]","[0.4423377513885498, 0.5576622486114502]",0.5576622486114502
00068267.npy,1,1,"[-0.051218435168266296, 0.35017454624176025]","[0.4009777009487152, 0.5990223288536072]",0.5990223288536072
00068268.npy,1,1,"[-0.06033964827656746, 0.08762887865304947]","[0.4630752503871918, 0.5369247794151306]",0.5369247794151306
00068269.npy,1,1,"[-0.020613837987184525, 0.5040892958641052]","[0.37175312638282776, 0.6282469034194946]",0.6282469034194946
00068270.npy,0,1,"[-0.014891106635332108, 0.23454689979553223]","[0.4379618167877197, 0.5620381832122803]",0.5620381832122803
00068271.npy,1,1,"[-0.0861777737736702, 0.110105000436306]","[0.45108625292778015, 0.5489137172698975]",0.5489137172698975
00068272.npy,1,1,"[0.05051188915967941, 0.33479803800582886]","[0.42940327525138855, 0.5705966949462891]",0.5705966949462891
00068273.npy,0,1,"[0.09064071625471115, 0.4972839057445526]","[0.3997173011302948, 0.6002827286720276]",0.6002827286720276
00068274.npy,0,1,"[-0.00536554679274559, 0.7796759009361267]","[0.3132343590259552, 0.6867656111717224]",0.6867656111717224
00068275.npy,1,1,"[0.09798900038003922, 0.34254878759384155]","[0.439162939786911, 0.5608370304107666]",0.5608370304107666
00068276.npy,0,1,"[-0.18808302283287048, 0.3092239201068878]","[0.3781737685203552, 0.6218262910842896]",0.6218262910842896
00068277.npy,0,1,"[0.20106106996536255, 0.2931229770183563]","[0.47700077295303345, 0.5229992270469666]",0.5229992270469666
00068278.npy,0,1,"[0.03994777798652649, 0.2878396511077881]","[0.438342422246933, 0.5616575479507446]",0.5616575479507446
00068279.npy,1,1,"[0.15217533707618713, 0.917011559009552]","[0.3175971806049347, 0.6824027895927429]",0.6824027895927429
00068280.npy,0,1,"[-0.10435307025909424, 0.453115850687027]","[0.3641333281993866, 0.6358667016029358]",0.6358667016029358
00068281.npy,1,1,"[-0.2553154528141022, 0.2216896116733551]","[0.38295960426330566, 0.6170403957366943]",0.6170403957366943
00068282.npy,0,1,"[0.06657412648200989, 0.44975003600120544]","[0.4053611159324646, 0.5946388840675354]",0.5946388840675354
00068283.npy,0,1,"[0.009630493819713593, 0.3991221785545349]","[0.40383967757225037, 0.596160352230072]",0.596160352230072
00068284.npy,1,1,"[0.3026568591594696, 0.8844586610794067]","[0.358518123626709, 0.641481876373291]",0.641481876373291
00068285.npy,1,1,"[-0.03738807141780853, 0.059483908116817474]","[0.47580093145370483, 0.5241990685462952]",0.5241990685462952
00068286.npy,0,1,"[-0.4603472948074341, -0.06246092915534973]","[0.40182027220726013, 0.5981796979904175]",0.5981796979904175
00068287.npy,1,1,"[-0.24074026942253113, -0.01121864840388298]","[0.44287019968032837, 0.5571298003196716]",0.5571298003196716
00068288.npy,0,1,"[-0.2868102788925171, 0.23817455768585205]","[0.3716873526573181, 0.6283126473426819]",0.6283126473426819
00068289.npy,1,1,"[-0.057570502161979675, 0.10357903689146042]","[0.45979955792427063, 0.540200412273407]",0.540200412273407
00068290.npy,1,1,"[0.252510666847229, 0.37319836020469666]","[0.4698646366596222, 0.5301353335380554]",0.5301353335380554
00068291.npy,1,1,"[0.002821069210767746, 0.25965285301208496]","[0.4361426830291748, 0.5638573169708252]",0.5638573169708252
00068292.npy,1,1,"[0.1698683202266693, 0.5636748671531677]","[0.4028013050556183, 0.5971987247467041]",0.5971987247467041
00068293.npy,1,1,"[0.03906990587711334, 0.2977115511894226]","[0.43569764494895935, 0.5643023252487183]",0.5643023252487183
00068294.npy,1,1,"[0.0989237055182457, 0.3386693298816681]","[0.4403490424156189, 0.5596509575843811]",0.5596509575843811
00068295.npy,1,1,"[-0.1450260728597641, 0.5256854891777039]","[0.3383375108242035, 0.6616624593734741]",0.6616624593734741
00068296.npy,0,1,"[-0.14826485514640808, 0.15265372395515442]","[0.4253329634666443, 0.5746670365333557]",0.5746670365333557
00068297.npy,1,1,"[-0.24096819758415222, 0.011759571731090546]","[0.437152236700058, 0.5628477931022644]",0.5628477931022644
00068298.npy,1,1,"[-0.06651513278484344, 0.1753881573677063]","[0.4398173689842224, 0.5601826310157776]",0.5601826310157776
00068299.npy,0,1,"[0.0869847759604454, 0.2874724864959717]","[0.45004528760910034, 0.5499547123908997]",0.5499547123908997
00068300.npy,1,1,"[-0.03931228816509247, 0.4428550899028778]","[0.3817404508590698, 0.6182595491409302]",0.6182595491409302
00068301.npy,1,1,"[0.0542532354593277, 0.4671535789966583]","[0.3982169032096863, 0.6017830967903137]",0.6017830967903137
00068302.npy,1,1,"[0.05881121754646301, 0.27381572127342224]","[0.4464549720287323, 0.5535449981689453]",0.5535449981689453
00068303.npy,1,1,"[0.049761660397052765, 0.38489264249801636]","[0.4169926941394806, 0.5830073356628418]",0.5830073356628418
00068304.npy,0,1,"[-0.012446247041225433, 0.47464433312416077]","[0.3805791735649109, 0.6194208264350891]",0.6194208264350891
00068305.npy,1,1,"[0.029357269406318665, 0.46038898825645447]","[0.3938800096511841, 0.6061200499534607]",0.6061200499534607
00068306.npy,0,1,"[-0.25761106610298157, 0.14148148894309998]","[0.401530385017395, 0.5984695553779602]",0.5984695553779602
00068307.npy,0,1,"[0.07870516926050186, 0.5881531238555908]","[0.37532293796539307, 0.6246770620346069]",0.6246770620346069
00068308.npy,0,1,"[-0.16116513311862946, 0.08767158538103104]","[0.4381098449230194, 0.561890184879303]",0.561890184879303
00068309.npy,1,1,"[0.14994433522224426, 0.3718807101249695]","[0.4447425603866577, 0.5552574396133423]",0.5552574396133423
00068310.npy,1,1,"[0.09875268489122391, 0.4284091889858246]","[0.41832420229911804, 0.5816757678985596]",0.5816757678985596
00068311.npy,1,1,"[0.2148360013961792, 0.7442445755004883]","[0.370654821395874, 0.6293451189994812]",0.6293451189994812
00068312.npy,1,1,"[0.1188259944319725, 0.5606079697608948]","[0.3913164734840393, 0.6086835861206055]",0.6086835861206055
00068313.npy,1,1,"[-0.02955646999180317, 0.231349915266037]","[0.4351409375667572, 0.5648590922355652]",0.5648590922355652
00068314.npy,0,1,"[0.17500004172325134, 0.6462568044662476]","[0.38431882858276367, 0.6156811714172363]",0.6156811714172363
00068315.npy,0,1,"[-0.3462543189525604, 0.08899707347154617]","[0.39287304878234863, 0.6071269512176514]",0.6071269512176514
00068316.npy,0,1,"[0.010214351117610931, 0.20461106300354004]","[0.4515532851219177, 0.5484467148780823]",0.5484467148780823
00068317.npy,1,0,"[-0.053827088326215744, -0.06096958741545677]","[0.5017856359481812, 0.49821439385414124]",0.49821439385414124
00068318.npy,1,1,"[-0.06745176017284393, 0.2660960257053375]","[0.41737768054008484, 0.5826223492622375]",0.5826223492622375
00068319.npy,1,1,"[-0.19592538475990295, 0.07059428840875626]","[0.43376171588897705, 0.566238284111023]",0.566238284111023
00068320.npy,1,1,"[-0.1848546266555786, 0.22726577520370483]","[0.3984037935733795, 0.6015961766242981]",0.6015961766242981
00068321.npy,0,1,"[-0.09989023208618164, -0.057764049619436264]","[0.4894700050354004, 0.5105299949645996]",0.5105299949645996
00068322.npy,1,1,"[-0.2839503586292267, -0.02830972895026207]","[0.43643561005592346, 0.5635643601417542]",0.5635643601417542
00068323.npy,1,1,"[-0.051092930138111115, 0.12300867587327957]","[0.45658421516418457, 0.5434157848358154]",0.5434157848358154
00068324.npy,1,1,"[-0.11109855771064758, 0.1097339317202568]","[0.44501516222953796, 0.5549848079681396]",0.5549848079681396
00068325.npy,1,1,"[0.04695585370063782, 0.4631064832210541]","[0.39743825793266296, 0.6025617718696594]",0.6025617718696594
00068326.npy,1,1,"[-0.17701095342636108, 0.0017868764698505402]","[0.45541924238204956, 0.5445807576179504]",0.5445807576179504
00068327.npy,1,1,"[0.16227194666862488, 0.3156796395778656]","[0.46172311902046204, 0.5382768511772156]",0.5382768511772156
00068328.npy,1,1,"[-0.004697103053331375, 0.24560627341270447]","[0.43774884939193726, 0.5622511506080627]",0.5622511506080627
00068329.npy,1,1,"[-0.1531059741973877, 0.15008747577667236]","[0.42477700114250183, 0.5752229690551758]",0.5752229690551758
00068330.npy,1,1,"[-0.15743757784366608, 0.13609004020690918]","[0.4271405041217804, 0.572859525680542]",0.572859525680542
00068331.npy,1,1,"[-0.17011456191539764, -0.03399620205163956]","[0.46602287888526917, 0.5339771509170532]",0.5339771509170532
00068332.npy,1,1,"[-0.21824109554290771, 0.2236984670162201]","[0.3912789225578308, 0.608721137046814]",0.608721137046814
00068333.npy,1,1,"[-0.1706317961215973, 0.1950322687625885]","[0.40958917140960693, 0.5904108285903931]",0.5904108285903931
00068334.npy,0,1,"[0.05584639310836792, 0.09861818701028824]","[0.4893086850643158, 0.5106912851333618]",0.5106912851333618
00068335.npy,1,1,"[0.10115932673215866, 0.4019097089767456]","[0.4253740906715393, 0.5746259689331055]",0.5746259689331055
00068336.npy,1,1,"[0.07777003198862076, 0.43351733684539795]","[0.41198939085006714, 0.5880106091499329]",0.5880106091499329
00068337.npy,1,1,"[0.1299881935119629, 0.24775463342666626]","[0.47059234976768494, 0.5294076204299927]",0.5294076204299927
00068338.npy,1,1,"[-0.06708656251430511, 0.3233247697353363]","[0.40361830592155457, 0.596381664276123]",0.596381664276123
00068339.npy,1,1,"[-0.06761129200458527, 0.27934569120407104]","[0.41412055492401123, 0.5858794450759888]",0.5858794450759888
00068340.npy,1,1,"[-0.31670236587524414, -0.009849827736616135]","[0.42388319969177246, 0.5761168003082275]",0.5761168003082275
00068341.npy,1,1,"[0.025647751986980438, 0.10976823419332504]","[0.47898226976394653, 0.5210177302360535]",0.5210177302360535
00068342.npy,1,1,"[-0.10607290267944336, 0.5373322367668152]","[0.34447720646858215, 0.6555227637290955]",0.6555227637290955
00068343.npy,0,1,"[0.1694035828113556, 0.5324636697769165]","[0.4102190136909485, 0.5897809863090515]",0.5897809863090515
00068344.npy,0,1,"[0.07281407713890076, 0.5023670792579651]","[0.3942330479621887, 0.6057668924331665]",0.6057668924331665
00068345.npy,0,1,"[-0.397210031747818, -0.017924275249242783]","[0.4062991738319397, 0.5937008261680603]",0.5937008261680603
00068346.npy,0,1,"[-0.29888269305229187, 0.05459931492805481]","[0.4125383198261261, 0.5874617099761963]",0.5874617099761963
00068347.npy,1,1,"[0.09616350382566452, 0.4176885783672333]","[0.4203041195869446, 0.5796958804130554]",0.5796958804130554
00068348.npy,1,1,"[-0.15095080435276031, 0.36510324478149414]","[0.3737753927707672, 0.6262245774269104]",0.6262245774269104
00068349.npy,1,1,"[-0.34369224309921265, 0.08972986787557602]","[0.39330944418907166, 0.606690526008606]",0.606690526008606
00068350.npy,1,1,"[0.021828167140483856, 0.16045838594436646]","[0.4653978645801544, 0.534602165222168]",0.534602165222168
00068351.npy,1,1,"[0.2158578634262085, 0.6182029247283936]","[0.4007490277290344, 0.5992509722709656]",0.5992509722709656
00068352.npy,1,1,"[0.06962621212005615, 0.4049642086029053]","[0.41694238781929016, 0.5830576419830322]",0.5830576419830322
00068353.npy,0,1,"[-0.0008806101977825165, 0.25079306960105896]","[0.4374115765094757, 0.5625883936882019]",0.5625883936882019
00068354.npy,1,1,"[-0.1364065557718277, 0.5130524039268494]","[0.34311145544052124, 0.656888484954834]",0.656888484954834
00068355.npy,1,1,"[0.04301943629980087, 0.44461312890052795]","[0.4009294807910919, 0.5990704894065857]",0.5990704894065857
00068356.npy,0,1,"[0.027952320873737335, 0.5764079689979553]","[0.3662227988243103, 0.6337772011756897]",0.6337772011756897
00068357.npy,1,1,"[0.1500694751739502, 0.4260921776294708]","[0.4314291179180145, 0.5685708522796631]",0.5685708522796631
00068358.npy,1,1,"[-0.20608732104301453, 0.3941430151462555]","[0.35429099202156067, 0.6457089781761169]",0.6457089781761169
00068359.npy,0,1,"[-0.12181108444929123, 0.22426462173461914]","[0.41433435678482056, 0.5856655836105347]",0.5856655836105347
00068360.npy,0,1,"[-0.2714817225933075, 0.21556130051612854]","[0.38059040904045105, 0.6194095611572266]",0.6194095611572266
00068361.npy,0,1,"[-0.09526804089546204, 0.27952948212623596]","[0.4073822796344757, 0.5926176905632019]",0.5926176905632019
00068362.npy,0,1,"[0.03386155515909195, 0.4955795705318451]","[0.38657835125923157, 0.6134216785430908]",0.6134216785430908
00068363.npy,0,1,"[-0.024475691840052605, 0.3033781051635742]","[0.4187629520893097, 0.5812370777130127]",0.5812370777130127
00068364.npy,0,1,"[-0.18834730982780457, 0.00018149986863136292]","[0.45300689339637756, 0.5469930768013]",0.5469930768013
00068365.npy,1,1,"[-0.10193784534931183, 0.28696468472480774]","[0.4039815068244934, 0.5960184931755066]",0.5960184931755066
00068366.npy,0,1,"[0.10840802639722824, 0.65677809715271]","[0.3662426471710205, 0.6337573528289795]",0.6337573528289795
00068367.npy,1,1,"[0.2226409614086151, 0.35998108983039856]","[0.4657188355922699, 0.5342811346054077]",0.5342811346054077
00068368.npy,0,1,"[-0.13207602500915527, -0.08778862655162811]","[0.48892995715141296, 0.5110700130462646]",0.5110700130462646
00068369.npy,0,1,"[0.046695806086063385, 0.20569291710853577]","[0.46033424139022827, 0.5396657586097717]",0.5396657586097717
00068370.npy,1,1,"[-0.28901663422584534, -0.037895068526268005]","[0.4375474452972412, 0.5624525547027588]",0.5624525547027588
00068371.npy,0,1,"[-0.24156984686851501, 0.16580423712730408]","[0.3995419442653656, 0.6004580855369568]",0.6004580855369568
00068372.npy,0,1,"[-0.06772897392511368, -0.030362727120518684]","[0.49065953493118286, 0.5093404650688171]",0.5093404650688171
00068373.npy,1,1,"[-0.14237934350967407, -0.03987046331167221]","[0.47439518570899963, 0.525604784488678]",0.525604784488678
00068374.npy,1,1,"[0.034877270460128784, 0.2757098972797394]","[0.4400811791419983, 0.5599188804626465]",0.5599188804626465
00068375.npy,1,1,"[-0.18753430247306824, 0.17136675119400024]","[0.4112255871295929, 0.5887743830680847]",0.5887743830680847
00068376.npy,1,1,"[0.03859902173280716, 0.05288727581501007]","[0.496427983045578, 0.5035719871520996]",0.5035719871520996
00068377.npy,1,1,"[-0.2651466429233551, 0.2235015630722046]","[0.38021209836006165, 0.6197879314422607]",0.6197879314422607
00068378.npy,1,1,"[-0.026597358286380768, 0.2631288170814514]","[0.42807090282440186, 0.5719290971755981]",0.5719290971755981
00068379.npy,1,1,"[-0.050769366323947906, 0.3471614718437195]","[0.40180957317352295, 0.5981903672218323]",0.5981903672218323
00068380.npy,1,1,"[0.03538934886455536, 0.3289130926132202]","[0.4271414279937744, 0.5728586316108704]",0.5728586316108704
00068381.npy,0,1,"[-0.060371413826942444, 0.3020898699760437]","[0.4103638827800751, 0.5896361470222473]",0.5896361470222473
00068382.npy,0,1,"[0.04916638880968094, 0.6755630970001221]","[0.34832799434661865, 0.6516720056533813]",0.6516720056533813
00068383.npy,1,1,"[0.04162391275167465, 0.49008288979530334]","[0.3897272050380707, 0.6102727651596069]",0.6102727651596069
00068384.npy,1,1,"[-0.1995156705379486, 0.15067145228385925]","[0.4133370518684387, 0.5866629481315613]",0.5866629481315613
00068385.npy,1,1,"[-0.061282820999622345, 0.3128332495689392]","[0.4075468182563782, 0.5924531817436218]",0.5924531817436218
00068386.npy,1,1,"[0.034102700650691986, 0.43212538957595825]","[0.40178748965263367, 0.598212480545044]",0.598212480545044
00068387.npy,1,1,"[0.06089634448289871, 0.33854809403419495]","[0.4310295879840851, 0.5689704418182373]",0.5689704418182373
00068388.npy,1,1,"[-0.06771364063024521, 0.4417118728160858]","[0.3753282129764557, 0.6246717572212219]",0.6246717572212219
00068389.npy,0,1,"[0.014369912445545197, 0.33148279786109924]","[0.4213795065879822, 0.578620433807373]",0.578620433807373
00068390.npy,1,1,"[0.15396946668624878, 0.7452210187911987]","[0.3563477396965027, 0.6436522603034973]",0.6436522603034973
00068391.npy,1,0,"[0.17630299925804138, 0.16801366209983826]","[0.5020723342895508, 0.4979276657104492]",0.4979276657104492
00068392.npy,0,1,"[0.23535707592964172, 0.40047967433929443]","[0.4588129222393036, 0.5411871075630188]",0.5411871075630188
00068393.npy,1,1,"[-0.24351641535758972, 0.12571820616722107]","[0.4087259769439697, 0.5912740230560303]",0.5912740230560303
00068394.npy,1,1,"[-0.09812846779823303, 0.16381588578224182]","[0.43488579988479614, 0.5651142001152039]",0.5651142001152039
00068395.npy,1,1,"[-0.18173468112945557, 0.18060526251792908]","[0.41039326786994934, 0.589606761932373]",0.589606761932373
00068396.npy,0,1,"[-0.005486942827701569, 0.557797372341156]","[0.3627878725528717, 0.6372120976448059]",0.6372120976448059
00068397.npy,1,1,"[-0.17113569378852844, 0.11809476464986801]","[0.42819228768348694, 0.5718077421188354]",0.5718077421188354
00068398.npy,1,1,"[-0.14734762907028198, 0.449389785528183]","[0.35509049892425537, 0.6449095606803894]",0.6449095606803894
00068399.npy,1,1,"[0.23975691199302673, 0.49899640679359436]","[0.4355506896972656, 0.5644493699073792]",0.5644493699073792
00068400.npy,0,1,"[-0.3581923246383667, 0.05760551244020462]","[0.3975227475166321, 0.6024772524833679]",0.6024772524833679
00068401.npy,1,1,"[0.028902389109134674, 0.1432192325592041]","[0.47145187854766846, 0.5285481214523315]",0.5285481214523315
00068402.npy,1,1,"[0.2539421319961548, 0.7466119527816772]","[0.37926483154296875, 0.6207351684570312]",0.6207351684570312
00068403.npy,1,1,"[0.00984296202659607, 0.17741212248802185]","[0.4582054615020752, 0.5417945384979248]",0.5417945384979248
00068404.npy,1,1,"[-0.1885741651058197, 0.5663227438926697]","[0.3197552263736725, 0.6802448034286499]",0.6802448034286499
00068405.npy,0,1,"[-0.012656092643737793, 0.2834344506263733]","[0.4265134930610657, 0.5734865665435791]",0.5734865665435791
00068406.npy,1,0,"[0.15193217992782593, 0.08227670937776566]","[0.5174068212509155, 0.4825931489467621]",0.4825931489467621
00068407.npy,1,1,"[0.02330128848552704, 0.27436524629592896]","[0.43756163120269775, 0.5624383091926575]",0.5624383091926575
00068408.npy,1,0,"[-0.001935962587594986, -0.0273001529276371]","[0.5063406825065613, 0.49365928769111633]",0.49365928769111633
00068409.npy,1,1,"[0.0800124928355217, 0.3675884008407593]","[0.42859742045402527, 0.5714025497436523]",0.5714025497436523
00068410.npy,0,1,"[-0.11229482293128967, 0.18388310074806213]","[0.4264920949935913, 0.5735079050064087]",0.5735079050064087
00068411.npy,0,1,"[-0.0862409919500351, 0.08750630170106888]","[0.45667213201522827, 0.5433278679847717]",0.5433278679847717
00068412.npy,1,1,"[-0.43997156620025635, 0.284326434135437]","[0.3264472484588623, 0.6735527515411377]",0.6735527515411377
00068413.npy,1,1,"[-0.0527779683470726, 0.20919597148895264]","[0.43487855792045593, 0.5651214718818665]",0.5651214718818665
00068414.npy,1,1,"[0.2175399661064148, 0.43168962001800537]","[0.44666624069213867, 0.5533337593078613]",0.5533337593078613
00068415.npy,1,1,"[0.08327948302030563, 0.2856767475605011]","[0.44957271218299866, 0.5504273176193237]",0.5504273176193237
00068416.npy,1,1,"[-0.44652578234672546, 0.16488194465637207]","[0.3517381250858307, 0.6482618451118469]",0.6482618451118469
00068417.npy,1,1,"[0.20538091659545898, 0.36711448431015015]","[0.4596545100212097, 0.5403454899787903]",0.5403454899787903
00068418.npy,1,1,"[-0.06430931389331818, 0.21603599190711975]","[0.43036913871765137, 0.5696308612823486]",0.5696308612823486
00068419.npy,1,1,"[-0.07960198819637299, -0.0036598071455955505]","[0.48102355003356934, 0.5189763903617859]",0.5189763903617859
00068420.npy,1,1,"[-0.08304495364427567, 0.2691337764263153]","[0.4128541946411133, 0.5871458053588867]",0.5871458053588867
00068421.npy,1,1,"[0.008633699268102646, 0.5389178395271301]","[0.37045061588287354, 0.6295493841171265]",0.6295493841171265
00068422.npy,1,1,"[0.009778950363397598, 0.31298506259918213]","[0.4247739017009735, 0.5752260684967041]",0.5752260684967041
00068423.npy,1,1,"[-0.018575869500637054, 0.25065726041793823]","[0.43309536576271057, 0.566904604434967]",0.566904604434967
00068424.npy,1,1,"[-0.16898012161254883, 0.3769591450691223]","[0.3668070435523987, 0.6331929564476013]",0.6331929564476013
00068425.npy,1,1,"[-0.10944601893424988, 0.15884873270988464]","[0.43332579731941223, 0.5666742324829102]",0.5666742324829102
00068426.npy,1,1,"[-0.20479190349578857, 0.1033790186047554]","[0.4235612750053406, 0.5764387249946594]",0.5764387249946594
00068427.npy,1,1,"[-0.03275163471698761, 0.19645744562149048]","[0.44294729828834534, 0.557052731513977]",0.557052731513977
00068428.npy,0,1,"[-0.07337464392185211, 0.2896104156970978]","[0.4102371633052826, 0.5897628664970398]",0.5897628664970398
00068429.npy,1,1,"[0.12504658102989197, 0.26184043288230896]","[0.46585479378700256, 0.5341452360153198]",0.5341452360153198
00068430.npy,0,1,"[-0.0902981162071228, 0.09789716452360153]","[0.45308956503868103, 0.5469104647636414]",0.5469104647636414
00068431.npy,1,1,"[0.04987551271915436, 0.48691001534461975]","[0.392447829246521, 0.607552170753479]",0.607552170753479
00068432.npy,1,1,"[0.0022001750767230988, 0.3851652443408966]","[0.405411958694458, 0.594588041305542]",0.594588041305542
00068433.npy,1,1,"[-0.27933162450790405, 0.06754956394433975]","[0.41413891315460205, 0.585861086845398]",0.585861086845398
00068434.npy,1,1,"[-0.08804700523614883, 0.08064191788434982]","[0.45792749524116516, 0.5420725345611572]",0.5420725345611572
00068435.npy,0,1,"[-0.05261845886707306, 0.2905110716819763]","[0.4150494933128357, 0.5849505066871643]",0.5849505066871643
00068436.npy,1,1,"[-0.39506909251213074, -0.03917689621448517]","[0.41195428371429443, 0.5880456566810608]",0.5880456566810608
00068437.npy,1,1,"[-0.1735052764415741, 0.07323264330625534]","[0.43862658739089966, 0.5613734722137451]",0.5613734722137451
00068438.npy,1,1,"[0.013537727296352386, 0.13553810119628906]","[0.4695376455783844, 0.5304623246192932]",0.5304623246192932
00068439.npy,0,1,"[-0.09518969804048538, 0.3173503577709198]","[0.39830321073532104, 0.601696789264679]",0.601696789264679
00068440.npy,0,1,"[-0.16936981678009033, 0.12125169485807419]","[0.42785167694091797, 0.5721482634544373]",0.5721482634544373
00068441.npy,1,1,"[-0.03558889403939247, 0.12585437297821045]","[0.45972663164138794, 0.5402733683586121]",0.5402733683586121
00068442.npy,0,1,"[-0.46758556365966797, 0.1208735778927803]","[0.35698848962783813, 0.6430115103721619]",0.6430115103721619
00068443.npy,1,1,"[-0.061160020530223846, 0.1431685984134674]","[0.44909483194351196, 0.550905168056488]",0.550905168056488
00068444.npy,1,0,"[0.21221840381622314, 0.21221455931663513]","[0.5000009536743164, 0.4999990165233612]",0.4999990165233612
00068445.npy,1,1,"[-0.28096893429756165, -0.01109209656715393]","[0.4329373240470886, 0.5670626759529114]",0.5670626759529114
00068446.npy,1,1,"[0.0561954528093338, 0.196624755859375]","[0.46495023369789124, 0.5350497364997864]",0.5350497364997864
00068447.npy,1,1,"[-0.020666372030973434, 0.3726262152194977]","[0.40292492508888245, 0.5970750451087952]",0.5970750451087952
00068448.npy,0,1,"[-0.24994748830795288, 0.06565595418214798]","[0.4217475950717926, 0.578252375125885]",0.578252375125885
00068449.npy,1,1,"[0.06439614295959473, 0.6135098338127136]","[0.36607006192207336, 0.6339299082756042]",0.6339299082756042
00068450.npy,1,1,"[-0.41239264607429504, -0.006617560982704163]","[0.3999255895614624, 0.6000744104385376]",0.6000744104385376
00068451.npy,0,1,"[-0.348869651556015, 0.4308062493801117]","[0.31438976526260376, 0.6856102347373962]",0.6856102347373962
00068452.npy,1,1,"[-0.016841478645801544, 0.3251078128814697]","[0.4153360426425934, 0.5846639275550842]",0.5846639275550842
00068453.npy,1,1,"[0.18814238905906677, 0.3071587383747101]","[0.4702809751033783, 0.5297189950942993]",0.5297189950942993
00068454.npy,0,1,"[0.019636012613773346, 0.15057653188705444]","[0.4673115611076355, 0.5326884388923645]",0.5326884388923645
00068455.npy,1,1,"[0.0474318265914917, 0.42776739597320557]","[0.40604597330093384, 0.5939540863037109]",0.5939540863037109
00068456.npy,1,1,"[0.07582586258649826, 0.4046044945716858]","[0.41853785514831543, 0.5814621448516846]",0.5814621448516846
00068457.npy,1,1,"[-0.2743266522884369, 0.055124059319496155]","[0.41837427020072937, 0.5816256999969482]",0.5816256999969482
00068458.npy,1,1,"[-0.17044731974601746, 0.05237613618373871]","[0.44452348351478577, 0.5554764866828918]",0.5554764866828918
00068459.npy,1,1,"[-0.07642646133899689, 0.03584195673465729]","[0.4719623625278473, 0.5280376672744751]",0.5280376672744751
00068460.npy,1,1,"[-0.11591243743896484, 0.15068596601486206]","[0.43374237418174744, 0.5662575960159302]",0.5662575960159302
00068461.npy,1,1,"[0.060845211148262024, 0.4741930067539215]","[0.39810964465141296, 0.6018903255462646]",0.6018903255462646
00068462.npy,0,1,"[-0.3352395296096802, 0.29032373428344727]","[0.3485172390937805, 0.6514827609062195]",0.6514827609062195
00068463.npy,1,1,"[-0.0931457132101059, 0.20069092512130737]","[0.4270648658275604, 0.572935163974762]",0.572935163974762
00068464.npy,0,1,"[0.17973080277442932, 0.24697712063789368]","[0.4831947386264801, 0.5168052315711975]",0.5168052315711975
00068465.npy,1,1,"[-0.11398156732320786, 0.2870818078517914]","[0.40105685591697693, 0.5989431142807007]",0.5989431142807007
00068466.npy,1,1,"[-0.0366419218480587, 0.2535285949707031]","[0.4279620945453644, 0.5720378756523132]",0.5720378756523132
00068467.npy,1,1,"[-0.2062772810459137, -0.07255256921052933]","[0.46661853790283203, 0.5333814024925232]",0.5333814024925232
00068468.npy,1,1,"[-0.11583445221185684, 0.40044039487838745]","[0.37372371554374695, 0.6262763142585754]",0.6262763142585754
00068469.npy,1,1,"[-0.08118339627981186, 0.2612726092338562]","[0.41521304845809937, 0.5847870111465454]",0.5847870111465454
00068470.npy,0,1,"[0.0943162813782692, 0.39128780364990234]","[0.42629799246788025, 0.5737020373344421]",0.5737020373344421
00068471.npy,0,1,"[-0.26493942737579346, 0.038496360182762146]","[0.4247177839279175, 0.5752822160720825]",0.5752822160720825
00068472.npy,1,1,"[-0.46240389347076416, -0.023865465074777603]","[0.39208927750587463, 0.607910692691803]",0.607910692691803
00068473.npy,1,1,"[-0.3129151463508606, -0.05340685695409775]","[0.4354845881462097, 0.5645154118537903]",0.5645154118537903
00068474.npy,1,1,"[0.002795957028865814, 0.462009996175766]","[0.38717231154441833, 0.612827718257904]",0.612827718257904
00068475.npy,0,1,"[-0.050569649785757065, 0.2722587585449219]","[0.4199866056442261, 0.5800133943557739]",0.5800133943557739
00068476.npy,0,1,"[-0.5453857779502869, 0.07028184086084366]","[0.35076743364334106, 0.6492325663566589]",0.6492325663566589
00068477.npy,1,1,"[0.03957562893629074, 0.3427221179008484]","[0.4247884750366211, 0.5752115249633789]",0.5752115249633789
00068478.npy,1,1,"[-0.027296461164951324, 0.11185944825410843]","[0.4652670621871948, 0.5347329378128052]",0.5347329378128052
00068479.npy,0,1,"[-0.013425227254629135, 0.2361297607421875]","[0.4379330575466156, 0.5620669722557068]",0.5620669722557068
00068480.npy,1,1,"[-0.014108236879110336, 0.25116899609565735]","[0.43406692147254944, 0.565933108329773]",0.565933108329773
00068481.npy,1,1,"[-0.05088631063699722, 0.19896343350410461]","[0.43786051869392395, 0.5621395111083984]",0.5621395111083984
00068482.npy,0,1,"[0.3212704062461853, 0.6024693250656128]","[0.43015986680984497, 0.569840133190155]",0.569840133190155
00068483.npy,0,1,"[0.14000451564788818, 0.4647251069545746]","[0.41952574253082275, 0.5804742574691772]",0.5804742574691772
00068484.npy,1,1,"[-0.3651003837585449, -0.07026496529579163]","[0.4268205165863037, 0.5731794834136963]",0.5731794834136963
00068485.npy,0,1,"[0.12257886677980423, 0.2631969153881073]","[0.4649032950401306, 0.5350967049598694]",0.5350967049598694
00068486.npy,1,1,"[-0.07287153601646423, 0.32524219155311584]","[0.4017656147480011, 0.5982344150543213]",0.5982344150543213
00068487.npy,1,1,"[0.023588135838508606, 0.5356164574623108]","[0.37471815943717957, 0.6252818703651428]",0.6252818703651428
00068488.npy,0,1,"[-0.11210909485816956, 0.21238800883293152]","[0.4195801913738251, 0.5804198384284973]",0.5804198384284973
00068489.npy,1,1,"[-0.32356390357017517, -0.11183641105890274]","[0.44726496934890747, 0.5527349710464478]",0.5527349710464478
00068490.npy,0,1,"[0.2093397080898285, 1.0044304132461548]","[0.31107667088508606, 0.6889233589172363]",0.6889233589172363
00068491.npy,0,1,"[0.20204481482505798, 0.5709537863731384]","[0.40880468487739563, 0.5911953449249268]",0.5911953449249268
00068492.npy,1,1,"[-0.1612716019153595, 0.2904747724533081]","[0.388945609331131, 0.6110543608665466]",0.6110543608665466
00068493.npy,0,1,"[-0.24122333526611328, 0.3325868248939514]","[0.3603581488132477, 0.6396418809890747]",0.6396418809890747
00068494.npy,1,1,"[-0.045996181666851044, 0.34253042936325073]","[0.4040720462799072, 0.5959279537200928]",0.5959279537200928
00068495.npy,0,1,"[0.035498231649398804, 0.3583439886569977]","[0.419982373714447, 0.580017626285553]",0.580017626285553
00068496.npy,1,1,"[0.11211472004652023, 0.48162057995796204]","[0.4086604118347168, 0.5913395285606384]",0.5913395285606384
00068497.npy,0,1,"[0.40251484513282776, 0.8734669089317322]","[0.3843909502029419, 0.6156090497970581]",0.6156090497970581
00068498.npy,0,1,"[0.05083226412534714, 0.49873170256614685]","[0.3898603022098541, 0.6101396679878235]",0.6101396679878235
00068499.npy,0,1,"[-0.1435202807188034, 0.30000433325767517]","[0.39090144634246826, 0.6090985536575317]",0.6090985536575317
00068500.npy,1,1,"[0.223533034324646, 0.5646562576293945]","[0.41553664207458496, 0.5844632983207703]",0.5844632983207703
00068501.npy,1,1,"[0.22216689586639404, 0.47030922770500183]","[0.43828079104423523, 0.5617192387580872]",0.5617192387580872
00068502.npy,1,1,"[0.16804111003875732, 0.3891693949699402]","[0.4449421167373657, 0.5550578832626343]",0.5550578832626343
00068503.npy,0,1,"[0.021914586424827576, 0.16380086541175842]","[0.46458783745765686, 0.5354121923446655]",0.5354121923446655
00068504.npy,1,1,"[0.13374188542366028, 0.3733821213245392]","[0.4403750002384186, 0.559624969959259]",0.559624969959259
00068505.npy,0,1,"[0.03325849026441574, 0.3596208691596985]","[0.4191259741783142, 0.5808740258216858]",0.5808740258216858
00068506.npy,0,1,"[-0.2975744307041168, 0.24252799153327942]","[0.3681637644767761, 0.6318362355232239]",0.6318362355232239
00068507.npy,1,1,"[-0.12804333865642548, 0.18359503149986267]","[0.42271488904953003, 0.57728511095047]",0.57728511095047
00068508.npy,0,1,"[-0.1646643877029419, 0.13693153858184814]","[0.42516741156578064, 0.5748326182365417]",0.5748326182365417
00068509.npy,1,1,"[-0.1639602929353714, 0.18766146898269653]","[0.41298919916152954, 0.5870107412338257]",0.5870107412338257
00068510.npy,0,1,"[-0.24384284019470215, 0.21468350291252136]","[0.38733547925949097, 0.612664520740509]",0.612664520740509
00068511.npy,0,1,"[-0.06399895995855331, 0.44143250584602356]","[0.3762650787830353, 0.6237348914146423]",0.6237348914146423
00068512.npy,0,1,"[0.22772791981697083, 0.727860152721405]","[0.37750959396362305, 0.6224903464317322]",0.6224903464317322
00068513.npy,1,1,"[-0.07986833155155182, 0.34696537256240845]","[0.3948826789855957, 0.6051173210144043]",0.6051173210144043
00068514.npy,1,1,"[0.1112854853272438, 0.2862604856491089]","[0.45636752247810364, 0.5436325073242188]",0.5436325073242188
00068515.npy,1,1,"[0.24363458156585693, 0.5965576171875]","[0.4126737713813782, 0.5873262286186218]",0.5873262286186218
00068516.npy,1,1,"[-0.027212180197238922, 0.4744904339313507]","[0.3771406412124634, 0.6228594183921814]",0.6228594183921814
00068517.npy,0,1,"[-0.11887729912996292, 0.4436875283718109]","[0.36295419931411743, 0.6370458006858826]",0.6370458006858826
00068518.npy,0,1,"[0.0373540073633194, 0.5884328484535217]","[0.3656141459941864, 0.634385883808136]",0.634385883808136
00068519.npy,1,1,"[-0.0864495187997818, 0.21742284297943115]","[0.4246111512184143, 0.5753888487815857]",0.5753888487815857
00068520.npy,1,1,"[-0.05528535693883896, 0.4099937677383423]","[0.3857342302799225, 0.6142657995223999]",0.6142657995223999
00068521.npy,0,1,"[-0.0646495521068573, 0.17419996857643127]","[0.4405699074268341, 0.5594301223754883]",0.5594301223754883
00068522.npy,1,1,"[-0.20141258835792542, 0.04184095561504364]","[0.43948474526405334, 0.560515284538269]",0.560515284538269
00068523.npy,1,1,"[-0.15565046668052673, 0.018091291189193726]","[0.4566735029220581, 0.5433264970779419]",0.5433264970779419
00068524.npy,0,1,"[-0.10218670964241028, 0.3035285770893097]","[0.39993998408317566, 0.6000600457191467]",0.6000600457191467
00068525.npy,1,1,"[0.05827248841524124, 0.14693498611450195]","[0.4778488576412201, 0.5221511125564575]",0.5221511125564575
00068526.npy,1,1,"[0.21304771304130554, 0.6447723507881165]","[0.39371457695961, 0.6062854528427124]",0.6062854528427124
00068527.npy,0,1,"[-0.34322959184646606, -0.1205839067697525]","[0.44456741213798523, 0.5554326176643372]",0.5554326176643372
00068528.npy,1,1,"[-0.1666584461927414, 0.1888751983642578]","[0.41204115748405457, 0.587958812713623]",0.587958812713623
00068529.npy,0,1,"[-0.09972216188907623, 0.32868263125419617]","[0.3945072889328003, 0.6054926514625549]",0.6054926514625549
00068530.npy,1,1,"[0.25610461831092834, 0.6030495166778564]","[0.41412344574928284, 0.5858765244483948]",0.5858765244483948
00068531.npy,0,1,"[-0.21341511607170105, 0.1838652789592743]","[0.4019659161567688, 0.5980340242385864]",0.5980340242385864
00068532.npy,1,1,"[-0.10636575520038605, 0.02259371429681778]","[0.4678047299385071, 0.5321952700614929]",0.5321952700614929
00068533.npy,1,1,"[-0.052498746663331985, 0.2431468665599823]","[0.42662230134010315, 0.5733777284622192]",0.5733777284622192
00068534.npy,1,1,"[-0.07327676564455032, 0.3924233913421631]","[0.3856344521045685, 0.6143655180931091]",0.6143655180931091
00068535.npy,1,1,"[-0.059987928718328476, 0.22029808163642883]","[0.43038368225097656, 0.5696163177490234]",0.5696163177490234
00068536.npy,0,1,"[0.020556576550006866, 0.282930463552475]","[0.4347802400588989, 0.5652197003364563]",0.5652197003364563
00068537.npy,1,1,"[-0.37779828906059265, -0.09141550958156586]","[0.4288896322250366, 0.5711103677749634]",0.5711103677749634
00068538.npy,1,1,"[0.14608114957809448, 0.3928765058517456]","[0.4386124312877655, 0.5613875985145569]",0.5613875985145569
00068539.npy,0,1,"[-0.2452625334262848, 0.18879881501197815]","[0.3931569457054138, 0.606843113899231]",0.606843113899231
00068540.npy,1,1,"[-0.18070542812347412, -0.04304720461368561]","[0.4656396806240082, 0.5343602895736694]",0.5343602895736694
00068541.npy,1,1,"[-0.17897531390190125, 0.10496806353330612]","[0.42948728799819946, 0.5705127120018005]",0.5705127120018005
00068542.npy,1,1,"[-0.10576559603214264, 0.3096439838409424]","[0.3976157307624817, 0.6023842692375183]",0.6023842692375183
00068543.npy,1,1,"[-0.07809250056743622, 0.25272440910339355]","[0.4180418848991394, 0.5819581151008606]",0.5819581151008606
00068544.npy,1,1,"[-0.2680492103099823, 0.30786266922950745]","[0.35987380146980286, 0.6401261687278748]",0.6401261687278748
00068545.npy,0,1,"[0.07960990816354752, 0.6409886479377747]","[0.3632284998893738, 0.6367715001106262]",0.6367715001106262
00068546.npy,0,1,"[-0.19409015774726868, 0.25129368901252747]","[0.390458881855011, 0.609541118144989]",0.609541118144989
00068547.npy,1,1,"[0.1195748969912529, 0.46469834446907043]","[0.41456544399261475, 0.5854344964027405]",0.5854344964027405
00068548.npy,0,1,"[-0.05798845738172531, 0.18266746401786804]","[0.4401247203350067, 0.5598753094673157]",0.5598753094673157
00068549.npy,0,1,"[-0.05222591757774353, 0.33649858832359314]","[0.4040243625640869, 0.5959755778312683]",0.5959755778312683
00068550.npy,1,1,"[-0.12078572809696198, 0.4450973570346832]","[0.36218732595443726, 0.6378126740455627]",0.6378126740455627
00068551.npy,0,1,"[-0.1431281715631485, 0.1507892906665802]","[0.4270451068878174, 0.5729549527168274]",0.5729549527168274
00068552.npy,0,1,"[0.037793830037117004, 0.3946317136287689]","[0.411725252866745, 0.5882747769355774]",0.5882747769355774
00068553.npy,1,1,"[0.005267228931188583, 0.142568439245224]","[0.4657285511493683, 0.5342714786529541]",0.5342714786529541
00068554.npy,1,1,"[-0.19423040747642517, 0.01267397403717041]","[0.44845762848854065, 0.551542341709137]",0.551542341709137
00068555.npy,1,1,"[0.08955907076597214, 0.23217830061912537]","[0.46440550684928894, 0.5355944633483887]",0.5355944633483887
00068556.npy,0,1,"[0.06998620927333832, 0.29083678126335144]","[0.4450106918811798, 0.5549893379211426]",0.5549893379211426
00068557.npy,1,1,"[-0.000437665730714798, 0.4088173508644104]","[0.3990907669067383, 0.6009092926979065]",0.6009092926979065
00068558.npy,1,1,"[-0.14923393726348877, 0.13145840167999268]","[0.4302840232849121, 0.5697159171104431]",0.5697159171104431
00068559.npy,1,1,"[0.060250937938690186, 0.3948526978492737]","[0.41712138056755066, 0.5828786492347717]",0.5828786492347717
00068560.npy,1,1,"[-0.0887758806347847, 0.216374009847641]","[0.42429906129837036, 0.5757009983062744]",0.5757009983062744
00068561.npy,0,1,"[0.04093019664287567, 0.32884687185287476]","[0.4285140037536621, 0.5714860558509827]",0.5714860558509827
00068562.npy,1,1,"[0.015469379723072052, 0.15131667256355286]","[0.4660903215408325, 0.5339096784591675]",0.5339096784591675
00068563.npy,0,1,"[-0.23537057638168335, 0.2795383334159851]","[0.37404346466064453, 0.6259565949440002]",0.6259565949440002
00068564.npy,1,1,"[0.128226637840271, 0.2061188817024231]","[0.4805367887020111, 0.5194632411003113]",0.5194632411003113
00068565.npy,1,1,"[0.17666366696357727, 0.21632727980613708]","[0.4900854229927063, 0.5099145770072937]",0.5099145770072937
00068566.npy,1,1,"[-0.2784133553504944, 0.43764814734458923]","[0.3282608687877655, 0.6717391610145569]",0.6717391610145569
00068567.npy,1,1,"[-0.28648966550827026, 0.08011538535356522]","[0.4093616306781769, 0.5906383991241455]",0.5906383991241455
00068568.npy,1,1,"[-0.08133505284786224, 0.17099687457084656]","[0.43724963068962097, 0.5627503991127014]",0.5627503991127014
00068569.npy,1,1,"[-0.20642811059951782, 0.08285210281610489]","[0.428180068731308, 0.5718199014663696]",0.5718199014663696
00068570.npy,0,0,"[0.06264229863882065, -0.01115933433175087]","[0.5184420347213745, 0.4815579652786255]",0.4815579652786255
00068571.npy,1,1,"[0.14791268110275269, 0.32760754227638245]","[0.4551967978477478, 0.5448032021522522]",0.5448032021522522
00068572.npy,1,1,"[-0.08598418533802032, 0.03246397525072098]","[0.47042253613471985, 0.5295774936676025]",0.5295774936676025
00068573.npy,1,1,"[0.015954039990901947, 0.2085474133491516]","[0.4519999325275421, 0.5480000376701355]",0.5480000376701355
00068574.npy,1,1,"[-0.09908019751310349, 0.2853204309940338]","[0.40506595373153687, 0.5949340462684631]",0.5949340462684631
00068575.npy,1,1,"[-0.32303205132484436, -0.18457242846488953]","[0.4654402732849121, 0.5345597267150879]",0.5345597267150879
00068576.npy,1,1,"[-0.16915223002433777, 0.009647779166698456]","[0.4554186761379242, 0.5445812940597534]",0.5445812940597534
00068577.npy,1,1,"[-0.18119549751281738, -0.03897310048341751]","[0.464504212141037, 0.5354958176612854]",0.5354958176612854
00068578.npy,1,1,"[0.12054342776536942, 0.4676875174045563]","[0.41407516598701477, 0.5859248638153076]",0.5859248638153076
00068579.npy,0,1,"[0.07900606840848923, 0.5794917345046997]","[0.37742653489112854, 0.6225734353065491]",0.6225734353065491
00068580.npy,1,1,"[-0.12136588245630264, 0.17069318890571594]","[0.4274998605251312, 0.5725001096725464]",0.5725001096725464
00068581.npy,1,1,"[0.30578842759132385, 0.7213202714920044]","[0.3975864350795746, 0.6024135947227478]",0.6024135947227478
00068582.npy,0,1,"[-0.10561814159154892, 0.2135862112045288]","[0.42086970806121826, 0.5791303515434265]",0.5791303515434265
00068583.npy,1,1,"[-0.1898120939731598, 0.16818949580192566]","[0.41144341230392456, 0.5885565876960754]",0.5885565876960754
00068584.npy,1,0,"[-0.03932173550128937, -0.0417507141828537]","[0.5006071925163269, 0.4993927478790283]",0.4993927478790283
00068585.npy,1,1,"[-0.038082171231508255, 0.41726675629615784]","[0.38808977603912354, 0.6119102835655212]",0.6119102835655212
00068586.npy,1,1,"[-0.05473317950963974, 0.058217793703079224]","[0.4717922806739807, 0.5282077789306641]",0.5282077789306641
00068587.npy,1,1,"[-0.035848308354616165, 0.2502462565898895]","[0.42896023392677307, 0.5710397362709045]",0.5710397362709045
00068588.npy,1,1,"[-0.11916249990463257, -0.10034094750881195]","[0.4952947497367859, 0.5047052502632141]",0.5047052502632141
00068589.npy,0,1,"[0.03247056156396866, 0.2724485993385315]","[0.44029176235198975, 0.5597082376480103]",0.5597082376480103
00068590.npy,1,1,"[-0.05816146358847618, 0.17454928159713745]","[0.442083477973938, 0.5579165816307068]",0.5579165816307068
00068591.npy,0,1,"[-0.026660574600100517, 0.31001749634742737]","[0.41661664843559265, 0.583383321762085]",0.583383321762085
00068592.npy,1,1,"[0.08825496584177017, 0.4002062976360321]","[0.42263850569725037, 0.5773614645004272]",0.5773614645004272
00068593.npy,0,1,"[0.12120979279279709, 0.3308216333389282]","[0.4477880597114563, 0.5522118806838989]",0.5522118806838989
00068594.npy,1,1,"[0.01797948032617569, 0.3423347771167755]","[0.41961467266082764, 0.5803852677345276]",0.5803852677345276
00068595.npy,1,1,"[-0.034963734447956085, 0.32003629207611084]","[0.4121704697608948, 0.5878295302391052]",0.5878295302391052
00068596.npy,1,1,"[-0.06808142364025116, 0.15166312456130981]","[0.4452838897705078, 0.5547161102294922]",0.5547161102294922
00068597.npy,1,1,"[0.0725712850689888, 0.48734578490257263]","[0.3977678418159485, 0.6022321581840515]",0.6022321581840515
00068598.npy,0,1,"[-0.058396678417921066, 0.11153937131166458]","[0.45761793851852417, 0.5423820614814758]",0.5423820614814758
00068599.npy,0,1,"[-0.13467970490455627, 0.03438488394021988]","[0.45783424377441406, 0.5421657562255859]",0.5421657562255859
00068600.npy,1,1,"[-0.24952930212020874, -0.11429775506258011]","[0.46624353528022766, 0.53375643491745]",0.53375643491745
00068601.npy,1,1,"[0.16146624088287354, 0.5577942728996277]","[0.40219488739967346, 0.5978050827980042]",0.5978050827980042
00068602.npy,1,1,"[-0.028287820518016815, 0.28696250915527344]","[0.42183372378349304, 0.5781663060188293]",0.5781663060188293
00068603.npy,1,1,"[-0.15380848944187164, 0.006306059658527374]","[0.4600566625595093, 0.5399433374404907]",0.5399433374404907
00068604.npy,1,1,"[-0.03529980406165123, 0.21825987100601196]","[0.4369475543498993, 0.5630524754524231]",0.5630524754524231
00068605.npy,0,1,"[-0.20732885599136353, 0.07422143965959549]","[0.4300737679004669, 0.5699262619018555]",0.5699262619018555
00068606.npy,0,1,"[-0.011081434786319733, 0.41408994793891907]","[0.3952799439430237, 0.6047200560569763]",0.6047200560569763
00068607.npy,0,1,"[0.18192893266677856, 0.6783170700073242]","[0.3783898651599884, 0.621610164642334]",0.621610164642334
00068608.npy,1,1,"[-0.008850526064634323, 0.1480729877948761]","[0.460849404335022, 0.5391505360603333]",0.5391505360603333
00068609.npy,1,1,"[-0.2695126235485077, 0.1582220196723938]","[0.394667387008667, 0.6053325533866882]",0.6053325533866882
00068610.npy,1,1,"[-0.02829631045460701, 0.2414548695087433]","[0.4329681992530823, 0.5670318007469177]",0.5670318007469177
00068611.npy,1,1,"[0.02619156241416931, 0.24757134914398193]","[0.4448799788951874, 0.5551199913024902]",0.5551199913024902
00068612.npy,0,1,"[-0.06360217928886414, 0.2674177885055542]","[0.4179924726486206, 0.5820075273513794]",0.5820075273513794
00068613.npy,0,1,"[0.20340922474861145, 0.5515355467796326]","[0.41383686661720276, 0.5861631631851196]",0.5861631631851196
00068614.npy,0,1,"[-0.03711415082216263, 0.26150283217430115]","[0.4258956015110016, 0.5741044282913208]",0.5741044282913208
00068615.npy,1,1,"[-0.07823164016008377, 0.19464221596717834]","[0.43220171332359314, 0.5677983164787292]",0.5677983164787292
00068616.npy,1,1,"[0.15348505973815918, 0.4775231182575226]","[0.41969195008277893, 0.5803080201148987]",0.5803080201148987
00068617.npy,1,1,"[0.0045930929481983185, 0.21977907419204712]","[0.4464101195335388, 0.5535898804664612]",0.5535898804664612
00068618.npy,1,1,"[0.13504895567893982, 0.3516215682029724]","[0.4460675120353699, 0.5539325475692749]",0.5539325475692749
00068619.npy,0,1,"[-0.168798565864563, 0.0736713632941246]","[0.43967774510383606, 0.5603222250938416]",0.5603222250938416
00068620.npy,0,1,"[0.0026910044252872467, 0.4593866169452667]","[0.38777002692222595, 0.6122300028800964]",0.6122300028800964
00068621.npy,1,1,"[-0.31408438086509705, -0.02362114191055298]","[0.42789047956466675, 0.5721095204353333]",0.5721095204353333
00068622.npy,0,1,"[0.2478978931903839, 0.7289118766784668]","[0.3820127248764038, 0.6179872751235962]",0.6179872751235962
00068623.npy,0,1,"[0.14844420552253723, 0.5446856021881104]","[0.40221571922302246, 0.5977842807769775]",0.5977842807769775
00068624.npy,1,1,"[-0.0009257830679416656, 0.23994901776313782]","[0.440070778131485, 0.5599291920661926]",0.5599291920661926
00068625.npy,1,1,"[0.054870642721652985, 0.197381854057312]","[0.46443238854408264, 0.5355676412582397]",0.5355676412582397
00068626.npy,0,1,"[-0.12593600153923035, 0.3607073426246643]","[0.38068464398384094, 0.6193153858184814]",0.6193153858184814
00068627.npy,1,1,"[-0.13484682142734528, 0.3844892084598541]","[0.37300750613212585, 0.6269925236701965]",0.6269925236701965
00068628.npy,0,1,"[-0.3285236656665802, 0.20494595170021057]","[0.36970803141593933, 0.6302919983863831]",0.6302919983863831
00068629.npy,1,1,"[0.11868604272603989, 0.41115033626556396]","[0.427400678396225, 0.5725992918014526]",0.5725992918014526
00068630.npy,1,1,"[-0.1302289217710495, 0.3856091797351837]","[0.37382593750953674, 0.6261740922927856]",0.6261740922927856
00068631.npy,1,1,"[0.3246211111545563, 0.6639466285705566]","[0.41597333550453186, 0.5840266942977905]",0.5840266942977905
00068632.npy,1,1,"[-0.03140342980623245, 0.1566460132598877]","[0.4531257152557373, 0.5468743443489075]",0.5468743443489075
00068633.npy,1,1,"[-0.09216529130935669, 0.16498354077339172]","[0.4360647201538086, 0.5639352798461914]",0.5639352798461914
00068634.npy,0,1,"[-0.19505611062049866, 0.5925361514091492]","[0.31268587708473206, 0.6873140931129456]",0.6873140931129456
00068635.npy,1,1,"[-0.007390286773443222, 0.39437565207481384]","[0.4008881449699402, 0.5991118550300598]",0.5991118550300598
00068636.npy,1,1,"[-0.08057456463575363, 0.251278281211853]","[0.41778987646102905, 0.582210123538971]",0.582210123538971
00068637.npy,1,1,"[-0.22625762224197388, 0.10359133034944534]","[0.41827741265296936, 0.581722617149353]",0.581722617149353
00068638.npy,1,1,"[-0.2195425033569336, 0.025541000068187714]","[0.43903398513793945, 0.5609660148620605]",0.5609660148620605
00068639.npy,1,1,"[-0.1178298220038414, 0.1868632733821869]","[0.4244106113910675, 0.5755893588066101]",0.5755893588066101
00068640.npy,1,1,"[0.1491771936416626, 0.337209552526474]","[0.45312991738319397, 0.5468700528144836]",0.5468700528144836
00068641.npy,1,1,"[0.06839226186275482, 0.3973516523838043]","[0.4184938669204712, 0.5815061926841736]",0.5815061926841736
00068642.npy,1,1,"[-0.07857747375965118, 0.3954656422138214]","[0.3836597204208374, 0.6163402795791626]",0.6163402795791626
00068643.npy,1,1,"[0.27342689037323, 0.5411499738693237]","[0.4334661662578583, 0.5665338039398193]",0.5665338039398193
00068644.npy,1,1,"[-0.008090294897556305, 0.3802501857280731]","[0.40411683917045593, 0.5958831310272217]",0.5958831310272217
00068645.npy,1,1,"[-0.25835174322128296, 0.35511311888694763]","[0.3512692153453827, 0.6487307548522949]",0.6487307548522949
00068646.npy,1,1,"[0.03284136950969696, 0.3883403539657593]","[0.4120495617389679, 0.5879504084587097]",0.5879504084587097
00068647.npy,0,1,"[0.18010163307189941, 0.4215763509273529]","[0.439922958612442, 0.5600770115852356]",0.5600770115852356
00068648.npy,0,1,"[0.178089439868927, 0.6969093680381775]","[0.3731282353401184, 0.6268717646598816]",0.6268717646598816
00068649.npy,1,1,"[0.22091105580329895, 0.3728758692741394]","[0.46208176016807556, 0.5379182696342468]",0.5379182696342468
00068650.npy,1,1,"[-0.09940151870250702, 0.009059280157089233]","[0.47291135787963867, 0.5270886421203613]",0.5270886421203613
00068651.npy,0,1,"[-0.2272627353668213, -0.1108972579240799]","[0.470941424369812, 0.529058575630188]",0.529058575630188
00068652.npy,1,1,"[-0.23080229759216309, 0.37052595615386963]","[0.35403987765312195, 0.6459601521492004]",0.6459601521492004
00068653.npy,0,1,"[-0.3137255609035492, -0.006474662572145462]","[0.423785924911499, 0.5762141346931458]",0.5762141346931458
00068654.npy,0,1,"[0.11650707572698593, 0.6545902490615845]","[0.36863356828689575, 0.6313663721084595]",0.6313663721084595
00068655.npy,1,1,"[-0.23474934697151184, 0.12120898813009262]","[0.41193827986717224, 0.5880616903305054]",0.5880616903305054
00068656.npy,1,1,"[-0.14046981930732727, 0.1768663227558136]","[0.42132508754730225, 0.5786749124526978]",0.5786749124526978
00068657.npy,1,1,"[0.1001865342259407, 0.5891652703285217]","[0.3801341950893402, 0.6198658347129822]",0.6198658347129822
00068658.npy,1,1,"[-0.15592119097709656, 0.09913522750139236]","[0.4365793466567993, 0.5634206533432007]",0.5634206533432007
00068659.npy,1,1,"[0.11824982613325119, 0.2972610592842102]","[0.455366313457489, 0.544633686542511]",0.544633686542511
00068660.npy,0,1,"[0.09363599866628647, 0.24538254737854004]","[0.46213600039482117, 0.5378640294075012]",0.5378640294075012
00068661.npy,0,1,"[-0.01141856238245964, 0.36842435598373413]","[0.4061647951602936, 0.593835175037384]",0.593835175037384
00068662.npy,0,1,"[0.1977696716785431, 0.6605384349822998]","[0.38632920384407043, 0.613670825958252]",0.613670825958252
00068663.npy,1,1,"[0.09142636507749557, 0.2670731246471405]","[0.45620086789131165, 0.5437991619110107]",0.5437991619110107
00068664.npy,1,1,"[-0.004895009100437164, 0.3007894456386566]","[0.42416849732398987, 0.5758315324783325]",0.5758315324783325
00068665.npy,0,1,"[-0.12861037254333496, 0.3349582254886627]","[0.3861396014690399, 0.6138604283332825]",0.6138604283332825
00068666.npy,0,1,"[-0.24739870429039001, 0.26591426134109497]","[0.3744172155857086, 0.6255828142166138]",0.6255828142166138
00068667.npy,1,1,"[0.0007058568298816681, 0.35581210255622864]","[0.4121447503566742, 0.5878552794456482]",0.5878552794456482
00068668.npy,0,1,"[-0.48325109481811523, 0.23625367879867554]","[0.3275020718574524, 0.6724979877471924]",0.6724979877471924
00068669.npy,0,1,"[-0.04455270618200302, 0.6161500215530396]","[0.3405817449092865, 0.6594182252883911]",0.6594182252883911
00068670.npy,0,1,"[-0.006927758455276489, 0.3609369695186615]","[0.409057080745697, 0.5909428596496582]",0.5909428596496582
00068671.npy,1,1,"[-0.20457786321640015, -0.0401013009250164]","[0.45897331833839417, 0.5410267114639282]",0.5410267114639282
00068672.npy,1,1,"[0.034950271248817444, 0.29715484380722046]","[0.43482184410095215, 0.5651781558990479]",0.5651781558990479
00068673.npy,1,1,"[0.125910222530365, 0.3324951231479645]","[0.4485366642475128, 0.5514633655548096]",0.5514633655548096
00068674.npy,1,1,"[0.13219892978668213, 0.22864076495170593]","[0.47590821981430054, 0.5240917801856995]",0.5240917801856995
00068675.npy,1,1,"[-0.261107861995697, -0.15337973833084106]","[0.4730939567089081, 0.5269060134887695]",0.5269060134887695
00068676.npy,0,1,"[0.031926579773426056, 0.2808857858181]","[0.43807968497276306, 0.5619202852249146]",0.5619202852249146
00068677.npy,1,1,"[0.07516380399465561, 0.6321383714675903]","[0.36424773931503296, 0.6357522010803223]",0.6357522010803223
00068678.npy,1,1,"[-0.019904332235455513, 0.2695917785167694]","[0.4281272292137146, 0.5718727707862854]",0.5718727707862854
00068679.npy,1,1,"[-0.0938132107257843, -0.04855554178357124]","[0.48868751525878906, 0.5113124847412109]",0.5113124847412109
00068680.npy,1,1,"[-0.07825938612222672, 0.2779741585254669]","[0.41187161207199097, 0.588128387928009]",0.588128387928009
00068681.npy,1,1,"[0.16626355051994324, 0.38419434428215027]","[0.44573190808296204, 0.5542680621147156]",0.5542680621147156
00068682.npy,0,1,"[-0.07803874462842941, 0.09877557307481766]","[0.45591121912002563, 0.5440887212753296]",0.5440887212753296
00068683.npy,1,1,"[0.02021365612745285, 0.13697388768196106]","[0.4708430767059326, 0.5291569232940674]",0.5291569232940674
00068684.npy,1,1,"[-0.05866193026304245, 0.1729733943939209]","[0.4423487186431885, 0.5576512813568115]",0.5576512813568115
00068685.npy,1,1,"[-0.09796532988548279, 0.3412337303161621]","[0.39193183183670044, 0.6080681681632996]",0.6080681681632996
00068686.npy,1,1,"[-0.002477634698152542, 0.3759947419166565]","[0.4064953923225403, 0.5935046076774597]",0.5935046076774597
00068687.npy,1,1,"[-0.15274451673030853, 0.18928584456443787]","[0.4153163731098175, 0.5846835970878601]",0.5846835970878601
00068688.npy,1,1,"[0.0380515530705452, 0.34315937757492065]","[0.4243093430995941, 0.5756906867027283]",0.5756906867027283
00068689.npy,1,1,"[-0.03829659894108772, 0.22876471281051636]","[0.4336286783218384, 0.5663713216781616]",0.5663713216781616
00068690.npy,1,1,"[-0.05374671518802643, -0.038045451045036316]","[0.49607476592063904, 0.5039252042770386]",0.5039252042770386
00068691.npy,1,1,"[-0.035220917314291, 0.2198648750782013]","[0.4365721046924591, 0.5634278655052185]",0.5634278655052185
00068692.npy,0,1,"[-0.17577269673347473, 0.2284461259841919]","[0.4002991318702698, 0.5997008085250854]",0.5997008085250854
00068693.npy,0,1,"[-0.025963194668293, 0.5515210628509521]","[0.35951167345046997, 0.64048832654953]",0.64048832654953
00068694.npy,0,1,"[-0.034515686333179474, 0.4801473915576935]","[0.37410101294517517, 0.6258989572525024]",0.6258989572525024
00068695.npy,1,1,"[-0.10081478208303452, 0.20202341675758362]","[0.4248638153076172, 0.5751362442970276]",0.5751362442970276
00068696.npy,1,1,"[0.18157914280891418, 0.3769463002681732]","[0.45131298899650574, 0.5486870408058167]",0.5486870408058167
00068697.npy,1,1,"[0.03754100948572159, 0.3529374897480011]","[0.42179808020591736, 0.578201949596405]",0.578201949596405
00068698.npy,1,1,"[0.23219504952430725, 0.8859274387359619]","[0.34214892983436584, 0.6578510999679565]",0.6578510999679565
00068699.npy,1,1,"[-0.1944657266139984, 0.4407629668712616]","[0.34632590413093567, 0.6536741256713867]",0.6536741256713867
00068700.npy,0,1,"[0.08482418209314346, 0.646873414516449]","[0.3630734384059906, 0.636926531791687]",0.636926531791687
00068701.npy,1,1,"[0.08870290964841843, 0.38467633724212646]","[0.42654210329055786, 0.5734578967094421]",0.5734578967094421
00068702.npy,0,1,"[0.08474155515432358, 0.3328826129436493]","[0.4382810890674591, 0.5617189407348633]",0.5617189407348633
00068703.npy,1,1,"[-0.15627384185791016, 0.0027137473225593567]","[0.4603366255760193, 0.5396633744239807]",0.5396633744239807
00068704.npy,0,1,"[0.023594699800014496, 0.3354186713695526]","[0.42266958951950073, 0.5773303508758545]",0.5773303508758545
00068705.npy,0,1,"[0.021190263330936432, 0.41408810019493103]","[0.40301990509033203, 0.596980094909668]",0.596980094909668
00068706.npy,0,1,"[0.0819479301571846, 0.4979332983493805]","[0.39747780561447144, 0.6025221943855286]",0.6025221943855286
00068707.npy,0,1,"[-0.03515130653977394, 0.34714165329933167]","[0.4055739939212799, 0.5944260358810425]",0.5944260358810425
00068708.npy,1,1,"[-0.046061210334300995, 0.4365929961204529]","[0.38162556290626526, 0.6183744668960571]",0.6183744668960571
00068709.npy,0,1,"[-0.20834019780158997, 0.014498554170131683]","[0.4445197284221649, 0.5554803013801575]",0.5554803013801575
00068710.npy,1,1,"[0.20371884107589722, 0.38175129890441895]","[0.4556090831756592, 0.5443909168243408]",0.5443909168243408
00068711.npy,1,1,"[-0.04395555332303047, 0.07538532465696335]","[0.4702001214027405, 0.5297998785972595]",0.5297998785972595
00068712.npy,1,1,"[-0.12952569127082825, 0.24129855632781982]","[0.4083418548107147, 0.5916581153869629]",0.5916581153869629
00068713.npy,1,1,"[-0.1166611760854721, 0.38268524408340454]","[0.3776942789554596, 0.6223057508468628]",0.6223057508468628
00068714.npy,0,1,"[0.05488870292901993, 0.4356173574924469]","[0.4059511721134186, 0.594048798084259]",0.594048798084259
00068715.npy,1,1,"[-0.029042918235063553, 0.4120732247829437]","[0.39147505164146423, 0.6085249781608582]",0.6085249781608582
00068716.npy,1,1,"[-0.15822044014930725, 0.5928534269332886]","[0.3205873668193817, 0.6794126629829407]",0.6794126629829407
00068717.npy,1,1,"[0.04839971661567688, 0.25004974007606506]","[0.4497576057910919, 0.5502423644065857]",0.5502423644065857
00068718.npy,1,1,"[-0.20527279376983643, 0.17476153373718262]","[0.40611863136291504, 0.593881368637085]",0.593881368637085
00068719.npy,1,1,"[-0.1722964346408844, 0.25357741117477417]","[0.3951120674610138, 0.6048879623413086]",0.6048879623413086
00068720.npy,0,1,"[-0.20234161615371704, 0.22474929690361023]","[0.3948211967945099, 0.6051787734031677]",0.6051787734031677
00068721.npy,1,1,"[-0.2485235631465912, 0.11286643892526627]","[0.41062313318252563, 0.5893768668174744]",0.5893768668174744
00068722.npy,1,1,"[-0.21028515696525574, 0.33055010437965393]","[0.3679932951927185, 0.6320067048072815]",0.6320067048072815
00068723.npy,1,1,"[-0.046013109385967255, -0.026245351880788803]","[0.49505820870399475, 0.5049417614936829]",0.5049417614936829
00068724.npy,0,1,"[0.11059290915727615, 0.5474532842636108]","[0.39248934388160706, 0.6075106859207153]",0.6075106859207153
00068725.npy,1,1,"[-0.060689184814691544, 0.4020775854587555]","[0.38632965087890625, 0.613670289516449]",0.613670289516449
00068726.npy,1,1,"[-0.07240727543830872, 0.3674392104148865]","[0.39177757501602173, 0.608222484588623]",0.608222484588623
00068727.npy,0,1,"[-0.0609683021903038, 0.30849161744117737]","[0.4086715281009674, 0.5913284420967102]",0.5913284420967102
00068728.npy,0,1,"[-0.07750341296195984, 0.4449821412563324]","[0.37227120995521545, 0.6277288198471069]",0.6277288198471069
00068729.npy,0,1,"[0.06502526253461838, 0.5093687176704407]","[0.39070653915405273, 0.609293520450592]",0.609293520450592
00068730.npy,1,1,"[-0.006956491619348526, 0.9852563142776489]","[0.27047520875930786, 0.7295247316360474]",0.7295247316360474
00068731.npy,1,1,"[0.00968935713171959, 0.34797435998916626]","[0.4162261486053467, 0.5837738513946533]",0.5837738513946533
00068732.npy,0,1,"[-0.2300700843334198, -0.009867087006568909]","[0.4451706111431122, 0.5548293590545654]",0.5548293590545654
00068733.npy,0,1,"[-0.026550933718681335, 0.31751444935798645]","[0.4148223102092743, 0.5851777195930481]",0.5851777195930481
00068734.npy,0,1,"[-0.04233221337199211, 0.18204623460769653]","[0.4441395699977875, 0.5558604598045349]",0.5558604598045349
00068735.npy,1,1,"[0.3649170398712158, 0.7760608792304993]","[0.3986378610134125, 0.6013621091842651]",0.6013621091842651
00068736.npy,1,1,"[0.2017568051815033, 0.5892568230628967]","[0.40431925654411316, 0.5956807136535645]",0.5956807136535645
00068737.npy,0,1,"[-0.13359379768371582, 0.17593103647232056]","[0.42323070764541626, 0.5767692923545837]",0.5767692923545837
00068738.npy,1,1,"[-0.1257694661617279, 0.09772460907697678]","[0.44435790181159973, 0.5556421279907227]",0.5556421279907227
00068739.npy,0,1,"[0.09504356235265732, 0.35036522150039673]","[0.43651407957077026, 0.5634859204292297]",0.5634859204292297
00068740.npy,0,1,"[-0.09743773192167282, 0.10784222930669785]","[0.44885948300361633, 0.551140546798706]",0.551140546798706
00068741.npy,0,1,"[-0.06042345613241196, 0.07572058588266373]","[0.4660165011882782, 0.5339835286140442]",0.5339835286140442
00068742.npy,1,1,"[0.032180048525333405, 0.436836838722229]","[0.400193989276886, 0.5998059511184692]",0.5998059511184692
00068743.npy,0,1,"[0.1613105833530426, 0.6481817960739136]","[0.3806309103965759, 0.6193690896034241]",0.6193690896034241
00068744.npy,1,1,"[-0.1231018528342247, 0.5501428842544556]","[0.3377706706523895, 0.6622293591499329]",0.6622293591499329
00068745.npy,1,1,"[-0.15220552682876587, 0.19141972064971924]","[0.4149291217327118, 0.5850708484649658]",0.5850708484649658
00068746.npy,1,1,"[0.12981659173965454, 0.506240963935852]","[0.40698957443237305, 0.593010425567627]",0.593010425567627
00068747.npy,0,1,"[0.07384131848812103, 0.42549943923950195]","[0.41298040747642517, 0.5870195627212524]",0.5870195627212524
00068748.npy,1,1,"[-0.11040987074375153, 0.10561128705739975]","[0.4462037682533264, 0.5537962913513184]",0.5537962913513184
00068749.npy,0,1,"[-0.13647308945655823, 0.45297321677207947]","[0.3567619323730469, 0.6432380676269531]",0.6432380676269531
00068750.npy,1,1,"[-0.061911385506391525, 0.16018721461296082]","[0.44470247626304626, 0.5552975535392761]",0.5552975535392761
00068751.npy,1,1,"[-0.22971025109291077, 0.08518674224615097]","[0.42191988229751587, 0.5780801177024841]",0.5780801177024841
00068752.npy,1,1,"[-0.1684412956237793, 0.17996233701705933]","[0.41376960277557373, 0.5862303972244263]",0.5862303972244263
00068753.npy,0,1,"[-0.08643916249275208, 0.31430596113204956]","[0.40113332867622375, 0.5988666415214539]",0.5988666415214539
00068754.npy,0,1,"[0.10888858884572983, 0.518346905708313]","[0.399042010307312, 0.600957989692688]",0.600957989692688
00068755.npy,0,1,"[-0.08174223452806473, 0.3423892557621002]","[0.39552852511405945, 0.6044714450836182]",0.6044714450836182
00068756.npy,0,1,"[-0.027544213458895683, 0.4811990559101105]","[0.37548819184303284, 0.6245118379592896]",0.6245118379592896
00068757.npy,1,1,"[0.06028875708580017, 0.4081941843032837]","[0.41389045119285583, 0.5861095786094666]",0.5861095786094666
00068758.npy,1,1,"[-0.10610431432723999, 0.2868031859397888]","[0.4030175805091858, 0.5969824194908142]",0.5969824194908142
00068759.npy,0,1,"[-0.09036648273468018, 0.15552470088005066]","[0.438835084438324, 0.561164915561676]",0.561164915561676
00068760.npy,1,1,"[-0.06610165536403656, 0.3990999758243561]","[0.3857525885105133, 0.6142474412918091]",0.6142474412918091
00068761.npy,0,1,"[-0.06696145981550217, 0.5064223408699036]","[0.3604563772678375, 0.6395435929298401]",0.6395435929298401
00068762.npy,1,1,"[-0.20099273324012756, 0.23779484629631042]","[0.39202991127967834, 0.6079700589179993]",0.6079700589179993
00068763.npy,1,1,"[0.05565568059682846, 0.208516925573349]","[0.46185892820358276, 0.5381410717964172]",0.5381410717964172
00068764.npy,1,1,"[0.1076960638165474, 0.4659765064716339]","[0.41137588024139404, 0.588624119758606]",0.588624119758606
00068765.npy,0,1,"[-0.1186869665980339, 0.21185216307640076]","[0.4181094467639923, 0.5818905234336853]",0.5818905234336853
00068766.npy,1,1,"[-0.0529942624270916, -0.04843638837337494]","[0.49886053800582886, 0.5011394619941711]",0.5011394619941711
00068767.npy,1,1,"[0.0076711177825927734, 0.31988105177879333]","[0.4225754141807556, 0.5774245858192444]",0.5774245858192444
00068768.npy,1,1,"[0.20125553011894226, 0.5218672752380371]","[0.4205266833305359, 0.5794733762741089]",0.5794733762741089
00068769.npy,1,1,"[-0.010594494640827179, 0.29298412799835205]","[0.4246829152107239, 0.5753171443939209]",0.5753171443939209
00068770.npy,1,1,"[-0.3041459918022156, 0.019727155566215515]","[0.41973215341567993, 0.5802679061889648]",0.5802679061889648
00068771.npy,0,1,"[-0.10002875328063965, 0.24121147394180298]","[0.4155082106590271, 0.5844917297363281]",0.5844917297363281
00068772.npy,1,1,"[0.05686517059803009, 0.2983676493167877]","[0.43991613388061523, 0.5600838661193848]",0.5600838661193848
00068773.npy,1,1,"[0.08597425371408463, 0.22297737002372742]","[0.4658026695251465, 0.5341972708702087]",0.5341972708702087
00068774.npy,1,1,"[0.028766177594661713, 0.1914590299129486]","[0.4594162702560425, 0.5405837297439575]",0.5405837297439575
00068775.npy,0,1,"[-0.25840866565704346, 0.45086005330085754]","[0.32976043224334717, 0.6702395081520081]",0.6702395081520081
00068776.npy,0,1,"[0.12730658054351807, 0.7906154990196228]","[0.33999669551849365, 0.6600033044815063]",0.6600033044815063
00068777.npy,0,1,"[0.05860348790884018, 0.8566028475761414]","[0.3104536235332489, 0.6895463466644287]",0.6895463466644287
00068778.npy,0,1,"[-0.10991550981998444, 0.4604089558124542]","[0.3611619472503662, 0.6388380527496338]",0.6388380527496338
00068779.npy,1,1,"[-0.15781071782112122, 0.6042388677597046]","[0.3182014524936676, 0.6817985773086548]",0.6817985773086548
00068780.npy,0,1,"[-0.14958608150482178, 0.136459618806839]","[0.4289722442626953, 0.5710277557373047]",0.5710277557373047
00068781.npy,1,1,"[-0.03445545211434364, 0.5698062777519226]","[0.35336926579475403, 0.6466307044029236]",0.6466307044029236
00068782.npy,0,1,"[-0.08910781145095825, 0.21211948990821838]","[0.42525747418403625, 0.5747424960136414]",0.5747424960136414
00068783.npy,0,1,"[-0.022174514830112457, 0.4314097464084625]","[0.3885089159011841, 0.6114910840988159]",0.6114910840988159
00068784.npy,0,1,"[-0.12503838539123535, 0.18789684772491455]","[0.4223984479904175, 0.5776015520095825]",0.5776015520095825
00068785.npy,0,1,"[-0.018126748502254486, 0.34403494000434875]","[0.41043636202812195, 0.5895636677742004]",0.5895636677742004
00068786.npy,0,1,"[-0.32236623764038086, 0.12311982363462448]","[0.39043453335762024, 0.6095654368400574]",0.6095654368400574
00068787.npy,0,1,"[-0.20503011345863342, 0.15537619590759277]","[0.41086119413375854, 0.5891388058662415]",0.5891388058662415
00068788.npy,0,1,"[0.006862863898277283, 0.5418243408203125]","[0.36936041712760925, 0.6306395530700684]",0.6306395530700684
00068789.npy,0,1,"[-0.07257696986198425, 0.22560569643974304]","[0.42600181698799133, 0.5739981532096863]",0.5739981532096863
00068790.npy,0,1,"[-0.28382399678230286, 0.19839376211166382]","[0.38172855973243713, 0.6182714700698853]",0.6182714700698853
00068791.npy,1,1,"[0.011266481131315231, 0.5943663120269775]","[0.35821962356567383, 0.6417803764343262]",0.6417803764343262
00068792.npy,0,1,"[0.13004475831985474, 0.5396948456764221]","[0.3989960253238678, 0.6010040044784546]",0.6010040044784546
00068793.npy,0,1,"[0.22010162472724915, 0.5242227911949158]","[0.4245503544807434, 0.5754496455192566]",0.5754496455192566
00068794.npy,0,1,"[0.05105872452259064, 0.5359635949134827]","[0.3810945451259613, 0.6189054250717163]",0.6189054250717163
00068795.npy,0,1,"[-0.07519803941249847, 0.5294681787490845]","[0.3532768487930298, 0.6467230916023254]",0.6467230916023254
00068796.npy,1,1,"[0.09050261229276657, 0.5341824293136597]","[0.3908644914627075, 0.6091354489326477]",0.6091354489326477
00068797.npy,0,1,"[-0.10983837395906448, 0.1949290931224823]","[0.4243924617767334, 0.5756075382232666]",0.5756075382232666
00068798.npy,1,1,"[-0.06059045344591141, 0.12059246748685837]","[0.45482778549194336, 0.5451722741127014]",0.5451722741127014
00068799.npy,0,1,"[0.03811527043581009, 0.2454499900341034]","[0.4483512341976166, 0.5516487956047058]",0.5516487956047058
00068800.npy,1,1,"[-0.11666307598352432, 0.17699208855628967]","[0.4271092712879181, 0.5728907585144043]",0.5728907585144043
00068801.npy,1,1,"[0.20467323064804077, 0.5102682709693909]","[0.42419031262397766, 0.5758097171783447]",0.5758097171783447
00068802.npy,1,1,"[-0.1189674362540245, 0.17998740077018738]","[0.4258130192756653, 0.5741869807243347]",0.5741869807243347
00068803.npy,1,1,"[-0.3677617609500885, 0.16352000832557678]","[0.3702179789543152, 0.6297820210456848]",0.6297820210456848
00068804.npy,0,1,"[-0.2326858937740326, 0.414590984582901]","[0.3436034321784973, 0.6563965678215027]",0.6563965678215027
00068805.npy,1,1,"[-0.04042632505297661, 0.14293059706687927]","[0.4542887806892395, 0.5457112789154053]",0.5457112789154053
00068806.npy,1,1,"[-0.21649828553199768, 0.11775020509958267]","[0.4172073006629944, 0.5827927589416504]",0.5827927589416504
00068807.npy,1,1,"[0.0417940616607666, 0.3066210448741913]","[0.4341775178909302, 0.5658224821090698]",0.5658224821090698
00068808.npy,0,1,"[-0.07744268327951431, 0.023494698107242584]","[0.47478705644607544, 0.5252129435539246]",0.5252129435539246
00068809.npy,1,1,"[-0.19995835423469543, 0.026162147521972656]","[0.4437095522880554, 0.5562905073165894]",0.5562905073165894
00068810.npy,1,1,"[-0.36686137318611145, -0.038325004279613495]","[0.4185968041419983, 0.5814031958580017]",0.5814031958580017
00068811.npy,0,1,"[-0.0257810577750206, 0.48710009455680847]","[0.37451833486557007, 0.6254816055297852]",0.6254816055297852
00068812.npy,0,1,"[0.07399289309978485, 0.5854286551475525]","[0.37485700845718384, 0.6251429915428162]",0.6251429915428162
00068813.npy,0,1,"[0.1285434067249298, 0.44138625264167786]","[0.4224209785461426, 0.5775790214538574]",0.5775790214538574
00068814.npy,1,1,"[-0.4782847464084625, -0.02356582134962082]","[0.38823938369750977, 0.6117606163024902]",0.6117606163024902
00068815.npy,1,1,"[0.08434780687093735, 0.6365584135055542]","[0.36535167694091797, 0.634648323059082]",0.634648323059082
00068816.npy,1,1,"[0.2348487675189972, 0.4181683361530304]","[0.4542980194091797, 0.5457019805908203]",0.5457019805908203
00068817.npy,0,1,"[-0.12156715989112854, 0.34983158111572266]","[0.38428524136543274, 0.6157147884368896]",0.6157147884368896
00068818.npy,0,1,"[-0.20226630568504333, 0.4173799753189087]","[0.34986189007759094, 0.6501380801200867]",0.6501380801200867
00068819.npy,1,1,"[0.2776223421096802, 1.0243340730667114]","[0.3215382397174835, 0.6784617900848389]",0.6784617900848389
00068820.npy,0,1,"[-0.12342750281095505, 0.40735766291618347]","[0.37033379077911377, 0.6296662092208862]",0.6296662092208862
00068821.npy,0,1,"[-0.24257376790046692, 0.15020030736923218]","[0.40304967761039734, 0.596950352191925]",0.596950352191925
00068822.npy,0,1,"[-0.2582671046257019, 0.23903793096542358]","[0.37817418575286865, 0.6218258142471313]",0.6218258142471313
00068823.npy,0,1,"[0.2573311924934387, 0.7330252528190613]","[0.38326942920684814, 0.6167305707931519]",0.6167305707931519
00068824.npy,0,1,"[-0.11658652871847153, 0.5801526308059692]","[0.33253559470176697, 0.6674644351005554]",0.6674644351005554
00068825.npy,1,1,"[-0.09690293669700623, 0.25585246086120605]","[0.412714421749115, 0.5872856378555298]",0.5872856378555298
00068826.npy,1,1,"[-0.029470574110746384, 0.22956961393356323]","[0.435599684715271, 0.5644003748893738]",0.5644003748893738
00068827.npy,0,1,"[-0.5485837459564209, -0.2936210334300995]","[0.436602383852005, 0.5633976459503174]",0.5633976459503174
00068828.npy,0,1,"[0.02063392847776413, 0.35283827781677246]","[0.41770437359809875, 0.5822956562042236]",0.5822956562042236
00068829.npy,0,1,"[-0.014072604477405548, 0.27621981501579285]","[0.4279322922229767, 0.5720677375793457]",0.5720677375793457
00068830.npy,0,1,"[-0.24589207768440247, 0.0563325360417366]","[0.42501378059387207, 0.5749862790107727]",0.5749862790107727
00068831.npy,0,1,"[-0.08184736222028732, 0.2518896162509918]","[0.41733163595199585, 0.5826683640480042]",0.5826683640480042
00068832.npy,0,1,"[-0.10008199512958527, 0.5088855028152466]","[0.35229477286338806, 0.6477052569389343]",0.6477052569389343
00068833.npy,1,1,"[-0.15166893601417542, 0.20070123672485352]","[0.41280779242515564, 0.5871922373771667]",0.5871922373771667
00068834.npy,0,1,"[-0.14096935093402863, 0.08827508240938187]","[0.44293856620788574, 0.5570614337921143]",0.5570614337921143
00068835.npy,1,1,"[-0.31679078936576843, 0.2931550443172455]","[0.3520715832710266, 0.6479284763336182]",0.6479284763336182
00068836.npy,1,1,"[-0.1280483901500702, 0.21953192353248596]","[0.4139693081378937, 0.5860307216644287]",0.5860307216644287
00068837.npy,0,1,"[-0.2483273148536682, 0.19050124287605286]","[0.3920201063156128, 0.6079798340797424]",0.6079798340797424
00068838.npy,0,1,"[0.27277666330337524, 0.7645919322967529]","[0.37946605682373047, 0.6205340027809143]",0.6205340027809143
00068839.npy,0,1,"[-0.21151554584503174, 0.08805833011865616]","[0.42566168308258057, 0.5743383765220642]",0.5743383765220642
00068840.npy,1,1,"[-0.13284814357757568, 0.11231469362974167]","[0.4390144348144531, 0.5609855651855469]",0.5609855651855469
00068841.npy,1,1,"[-0.08068065345287323, 0.2801661193370819]","[0.41075459122657776, 0.5892453789710999]",0.5892453789710999
00068842.npy,1,1,"[-0.03361828252673149, 0.34830746054649353]","[0.40566253662109375, 0.5943374633789062]",0.5943374633789062
00068843.npy,0,1,"[-0.03821087256073952, 0.4168758690357208]","[0.38815203309059143, 0.6118479371070862]",0.6118479371070862
00068844.npy,0,1,"[-0.16730737686157227, 0.1641438603401184]","[0.4178875684738159, 0.5821124315261841]",0.5821124315261841
00068845.npy,0,1,"[-0.2498249113559723, 0.20971673727035522]","[0.38709455728530884, 0.6129054427146912]",0.6129054427146912
00068846.npy,1,1,"[0.002256445586681366, 0.6890068650245667]","[0.33475634455680847, 0.6652436256408691]",0.6652436256408691
00068847.npy,1,1,"[-0.46561723947525024, 0.03136374056339264]","[0.3782504200935364, 0.6217495799064636]",0.6217495799064636
00068848.npy,0,1,"[0.14503887295722961, 0.6906194686889648]","[0.3668903410434723, 0.6331096291542053]",0.6331096291542053
00068849.npy,0,1,"[0.009568557143211365, 0.2325930893421173]","[0.44447383284568787, 0.5555261373519897]",0.5555261373519897
00068850.npy,1,1,"[0.062117308378219604, 0.23637831211090088]","[0.4565446674823761, 0.5434553027153015]",0.5434553027153015
00068851.npy,1,1,"[-0.25505897402763367, 0.14664772152900696]","[0.40090233087539673, 0.5990976095199585]",0.5990976095199585
00068852.npy,1,1,"[0.0852961614727974, 0.416768878698349]","[0.41788235306739807, 0.5821176171302795]",0.5821176171302795
00068853.npy,0,1,"[0.06996328383684158, 0.5473986864089966]","[0.38285791873931885, 0.6171421408653259]",0.6171421408653259
00068854.npy,1,1,"[-0.14950433373451233, 0.14854910969734192]","[0.4260334074497223, 0.5739666223526001]",0.5739666223526001
00068855.npy,1,1,"[-0.07674004137516022, 0.15967541933059692]","[0.4411699175834656, 0.5588300824165344]",0.5588300824165344
00068856.npy,0,1,"[0.16014215350151062, 0.593363881111145]","[0.3933572471141815, 0.6066427230834961]",0.6066427230834961
00068857.npy,1,1,"[-0.2511539161205292, 0.0851096585392952]","[0.41671738028526306, 0.5832825899124146]",0.5832825899124146
00068858.npy,0,1,"[0.005714982748031616, 0.2148805856704712]","[0.44789838790893555, 0.5521015524864197]",0.5521015524864197
00068859.npy,1,1,"[-0.1207464411854744, 0.32706841826438904]","[0.3898804187774658, 0.6101195216178894]",0.6101195216178894
00068860.npy,0,1,"[-0.30729222297668457, 0.09503570944070816]","[0.4007531404495239, 0.5992468595504761]",0.5992468595504761
00068861.npy,1,1,"[0.07180794328451157, 0.14601722359657288]","[0.4814561903476715, 0.5185438394546509]",0.5185438394546509
00068862.npy,1,1,"[-0.08695400506258011, 0.17158058285713196]","[0.4357239902019501, 0.5642760396003723]",0.5642760396003723
00068863.npy,1,1,"[-0.16733592748641968, 0.45009955763816833]","[0.35036495327949524, 0.6496350765228271]",0.6496350765228271
00068864.npy,1,1,"[0.16776815056800842, 0.5262349843978882]","[0.4113307595252991, 0.5886692404747009]",0.5886692404747009
00068865.npy,1,1,"[-0.036698006093502045, 0.5570080876350403]","[0.35578498244285583, 0.6442150473594666]",0.6442150473594666
00068866.npy,1,1,"[0.013970129191875458, 0.23000895977020264]","[0.4461993873119354, 0.553800642490387]",0.553800642490387
00068867.npy,1,1,"[-0.02008022554218769, 0.10886552184820175]","[0.46780815720558167, 0.5321918725967407]",0.5321918725967407
00068868.npy,0,1,"[0.13669821619987488, 0.38140514492988586]","[0.43912672996520996, 0.56087327003479]",0.56087327003479
00068869.npy,0,1,"[0.10923022776842117, 0.5640671849250793]","[0.38821133971214294, 0.6117886304855347]",0.6117886304855347
00068870.npy,1,1,"[-0.0194060280919075, 0.505769670009613]","[0.3716427981853485, 0.6283572316169739]",0.6283572316169739
00068871.npy,0,1,"[-0.3385448157787323, 0.1485171914100647]","[0.3805859088897705, 0.6194140315055847]",0.6194140315055847
00068872.npy,1,1,"[-0.04429289326071739, 0.2906540036201477]","[0.4170374572277069, 0.5829625129699707]",0.5829625129699707
00068873.npy,1,1,"[-0.1811780035495758, 0.021357573568820953]","[0.4495384693145752, 0.5504615306854248]",0.5504615306854248
00068874.npy,1,1,"[-0.3208463788032532, -0.05903872847557068]","[0.4349193871021271, 0.5650805830955505]",0.5650805830955505
00068875.npy,1,0,"[0.028449147939682007, -0.016037609428167343]","[0.5111198425292969, 0.48888012766838074]",0.48888012766838074
00068876.npy,1,1,"[0.052807360887527466, 0.08666003495454788]","[0.4915376603603363, 0.5084623694419861]",0.5084623694419861
00068877.npy,1,1,"[-0.10081709921360016, 0.16720452904701233]","[0.43339285254478455, 0.5666071772575378]",0.5666071772575378
00068878.npy,1,1,"[-0.030557308346033096, 0.39585694670677185]","[0.3949829041957855, 0.6050170660018921]",0.6050170660018921
00068879.npy,0,1,"[0.07118846476078033, 0.3403213918209076]","[0.4331200122833252, 0.5668800473213196]",0.5668800473213196
00068880.npy,1,1,"[-0.03876509889960289, 0.33545100688934326]","[0.40752264857292175, 0.5924773216247559]",0.5924773216247559
00068881.npy,1,1,"[0.03759877383708954, 0.4199765622615814]","[0.40555351972579956, 0.5944464802742004]",0.5944464802742004
00068882.npy,0,1,"[-0.1405329406261444, 0.12688514590263367]","[0.43354108929634094, 0.5664589405059814]",0.5664589405059814
00068883.npy,0,1,"[-0.2020682394504547, 0.263026624917984]","[0.38577786087989807, 0.6142221093177795]",0.6142221093177795
00068884.npy,0,1,"[-0.2354736030101776, 0.2231537401676178]","[0.38731151819229126, 0.6126884818077087]",0.6126884818077087
00068885.npy,0,1,"[-0.15500608086585999, 0.25913625955581665]","[0.39791929721832275, 0.6020807027816772]",0.6020807027816772
00068886.npy,0,1,"[-0.1944168508052826, 0.5144376158714294]","[0.32985198497772217, 0.6701479554176331]",0.6701479554176331
00068887.npy,0,1,"[-0.0857354998588562, 0.5277527570724487]","[0.3512639105319977, 0.6487361192703247]",0.6487361192703247
00068888.npy,1,1,"[0.20338308811187744, 0.5847073793411255]","[0.4058075249195099, 0.5941924452781677]",0.5941924452781677
00068889.npy,1,1,"[0.04429697245359421, 0.4010629951953888]","[0.4117426574230194, 0.588257372379303]",0.588257372379303
00068890.npy,0,1,"[-0.0698949322104454, 0.07489963620901108]","[0.46386444568634033, 0.5361354947090149]",0.5361354947090149
00068891.npy,0,1,"[0.19260528683662415, 1.202485203742981]","[0.2670033574104309, 0.7329966425895691]",0.7329966425895691
00068892.npy,0,1,"[0.17861834168434143, 0.813035249710083]","[0.3465096950531006, 0.6534903049468994]",0.6534903049468994
00068893.npy,0,1,"[0.3364490568637848, 0.9956291913986206]","[0.3409237861633301, 0.6590762138366699]",0.6590762138366699
00068894.npy,0,1,"[-0.1531810611486435, 0.344193696975708]","[0.3781578242778778, 0.6218422055244446]",0.6218422055244446
00068895.npy,0,1,"[0.12707796692848206, 0.48044297099113464]","[0.4125666618347168, 0.5874333381652832]",0.5874333381652832
00068896.npy,0,1,"[-0.40964096784591675, 0.016233272850513458]","[0.39511194825172424, 0.6048880219459534]",0.6048880219459534
00068897.npy,0,1,"[0.05180197209119797, 0.6039661169052124]","[0.3653624653816223, 0.6346375346183777]",0.6346375346183777
00068898.npy,0,1,"[0.36083346605300903, 0.8476520776748657]","[0.3806433081626892, 0.6193566918373108]",0.6193566918373108
00068899.npy,0,1,"[0.10145143419504166, 0.6952345967292786]","[0.35576727986335754, 0.6442326903343201]",0.6442326903343201
00068900.npy,0,1,"[-0.06187128275632858, 0.3673866093158722]","[0.394303560256958, 0.6056964993476868]",0.6056964993476868
00068901.npy,1,1,"[-0.21000215411186218, 0.29339665174484253]","[0.37674230337142944, 0.6232577562332153]",0.6232577562332153
00068902.npy,1,1,"[-0.06818737089633942, 0.30846622586250305]","[0.4069342613220215, 0.5930657386779785]",0.5930657386779785
00068903.npy,1,1,"[0.03484145551919937, 0.6554409265518188]","[0.34964513778686523, 0.6503548622131348]",0.6503548622131348
00068904.npy,0,1,"[0.3161105215549469, 1.0325348377227783]","[0.32818084955215454, 0.6718191504478455]",0.6718191504478455
00068905.npy,0,1,"[-0.1088792160153389, 0.4561399519443512]","[0.36238691210746765, 0.63761305809021]",0.63761305809021
00068906.npy,1,1,"[-0.03676489740610123, -0.01866205781698227]","[0.4954744279384613, 0.5045256018638611]",0.5045256018638611
00068907.npy,0,1,"[-0.19616159796714783, 0.19846698641777039]","[0.4026035666465759, 0.5973964333534241]",0.5973964333534241
00068908.npy,1,1,"[-0.2131269872188568, 0.007939413189888]","[0.4449574053287506, 0.5550426244735718]",0.5550426244735718
00068909.npy,1,1,"[-0.05904300510883331, 0.3008613884449005]","[0.4109826982021332, 0.5890173316001892]",0.5890173316001892
00068910.npy,1,1,"[-0.09577852487564087, 0.2091282308101654]","[0.42435839772224426, 0.5756415724754333]",0.5756415724754333
00068911.npy,0,1,"[0.18437373638153076, 0.8305677175521851]","[0.34384772181510925, 0.6561523079872131]",0.6561523079872131
00068912.npy,1,1,"[0.015945687890052795, 0.16294854879379272]","[0.46331530809402466, 0.5366846919059753]",0.5366846919059753
00068913.npy,1,1,"[-0.15322616696357727, 0.33401569724082947]","[0.3805435597896576, 0.6194564700126648]",0.6194564700126648
00068914.npy,1,1,"[0.05375366657972336, 0.4826429784297943]","[0.39439159631729126, 0.6056084036827087]",0.6056084036827087
00068915.npy,1,1,"[-0.2095785140991211, 0.5340107083320618]","[0.32221975922584534, 0.6777802109718323]",0.6777802109718323
00068916.npy,0,1,"[0.3174492418766022, 0.8747019171714783]","[0.36418336629867554, 0.6358165740966797]",0.6358165740966797
00068917.npy,0,1,"[-0.038902103900909424, 0.2500753104686737]","[0.42825421690940857, 0.571745753288269]",0.571745753288269
00068918.npy,1,1,"[0.03386685997247696, 0.2254084050655365]","[0.45226049423217773, 0.547739565372467]",0.547739565372467
00068919.npy,1,1,"[-0.1980033814907074, -0.1631620228290558]","[0.4912905693054199, 0.5087094306945801]",0.5087094306945801
00068920.npy,0,1,"[0.050121985375881195, 0.21940478682518005]","[0.45778006315231323, 0.5422199368476868]",0.5422199368476868
00068921.npy,1,1,"[-0.17765498161315918, 0.08016432076692581]","[0.4358998239040375, 0.5641001462936401]",0.5641001462936401
00068922.npy,1,1,"[0.011129826307296753, 0.487608402967453]","[0.3830839991569519, 0.6169160008430481]",0.6169160008430481
00068923.npy,1,1,"[0.11643850058317184, 0.31383585929870605]","[0.4508102834224701, 0.5491896867752075]",0.5491896867752075
00068924.npy,1,1,"[-0.45727837085723877, 0.0005942396819591522]","[0.3874906301498413, 0.6125093698501587]",0.6125093698501587
00068925.npy,1,1,"[0.04382426291704178, 0.07591486722230911]","[0.49197807908058167, 0.5080219507217407]",0.5080219507217407
00068926.npy,1,1,"[-0.00493466854095459, 0.2451043725013733]","[0.4378139078617096, 0.562186062335968]",0.562186062335968
00068927.npy,1,1,"[-0.09460659325122833, 0.15922072529792786]","[0.4368817210197449, 0.5631183385848999]",0.5631183385848999
00068928.npy,0,1,"[-0.14178645610809326, 0.47257718443870544]","[0.35106441378593445, 0.6489355564117432]",0.6489355564117432
00068929.npy,1,1,"[0.003285560756921768, 0.38022392988204956]","[0.40686550736427307, 0.5931344628334045]",0.5931344628334045
00068930.npy,1,1,"[0.07164332270622253, 0.18321523070335388]","[0.4721359610557556, 0.5278640985488892]",0.5278640985488892
00068931.npy,1,1,"[-0.07248152792453766, 0.3571590483188629]","[0.39421215653419495, 0.6057878136634827]",0.6057878136634827
00068932.npy,1,1,"[-0.17333447933197021, 0.3345840573310852]","[0.375681608915329, 0.6243184208869934]",0.6243184208869934
00068933.npy,1,1,"[-0.22770312428474426, 0.2214726209640503]","[0.38955676555633545, 0.6104432344436646]",0.6104432344436646
00068934.npy,0,1,"[-0.035421643406152725, 0.33182671666145325]","[0.4092060625553131, 0.5907939076423645]",0.5907939076423645
00068935.npy,0,1,"[0.07999483495950699, 0.7300214767456055]","[0.34298354387283325, 0.6570164561271667]",0.6570164561271667
00068936.npy,0,1,"[-0.06832676380872726, 0.291336327791214]","[0.41104111075401306, 0.5889588594436646]",0.5889588594436646
00068937.npy,0,1,"[-0.10043849796056747, 0.42566436529159546]","[0.3714263141155243, 0.6285737156867981]",0.6285737156867981
00068938.npy,0,1,"[-0.11198130995035172, 0.2755562663078308]","[0.4043101966381073, 0.5956897735595703]",0.5956897735595703
00068939.npy,1,1,"[-0.1524571180343628, 0.06989382952451706]","[0.4446401298046112, 0.5553598403930664]",0.5553598403930664
00068940.npy,1,1,"[0.0006964206695556641, 0.31883934140205383]","[0.42112842202186584, 0.5788716077804565]",0.5788716077804565
00068941.npy,0,1,"[-0.0220632404088974, 0.06526543945074081]","[0.4781816601753235, 0.5218182802200317]",0.5218182802200317
00068942.npy,0,1,"[-0.44841426610946655, -0.04436580836772919]","[0.4003400206565857, 0.5996599197387695]",0.5996599197387695
00068943.npy,1,1,"[-0.09634408354759216, 0.26741984486579895]","[0.4100487232208252, 0.5899512767791748]",0.5899512767791748
00068944.npy,1,1,"[-0.10161023586988449, -0.05367773398756981]","[0.4880191683769226, 0.5119808316230774]",0.5119808316230774
00068945.npy,0,1,"[-0.0714670792222023, 0.5785861611366272]","[0.34297752380371094, 0.6570224761962891]",0.6570224761962891
00068946.npy,0,1,"[-0.11402209103107452, 0.3268950581550598]","[0.39152246713638306, 0.6084775924682617]",0.6084775924682617
00068947.npy,0,1,"[-0.007399249821901321, 0.5647464990615845]","[0.36074185371398926, 0.6392582058906555]",0.6392582058906555
00068948.npy,0,1,"[0.14175951480865479, 0.6625563502311707]","[0.3726659119129181, 0.6273340582847595]",0.6273340582847595
00068949.npy,1,1,"[-0.12446439266204834, -0.002712942659854889]","[0.4695996940135956, 0.5304003357887268]",0.5304003357887268
00068950.npy,1,1,"[-0.052925433963537216, 0.3552674651145935]","[0.3993454873561859, 0.6006544828414917]",0.6006544828414917
00068951.npy,1,1,"[-0.3232326805591583, 0.08264093846082687]","[0.39990195631980896, 0.6000980138778687]",0.6000980138778687
00068952.npy,1,1,"[-0.1156807690858841, 0.10852911323308945]","[0.4441811740398407, 0.5558188557624817]",0.5558188557624817
00068953.npy,1,1,"[0.15933430194854736, 0.41892319917678833]","[0.4354647696018219, 0.5645352602005005]",0.5645352602005005
00068954.npy,1,1,"[-0.07001462578773499, 0.21921348571777344]","[0.4281928539276123, 0.5718072056770325]",0.5718072056770325
00068955.npy,1,1,"[-0.3730783760547638, -0.12003462016582489]","[0.4370744824409485, 0.5629255175590515]",0.5629255175590515
00068956.npy,1,1,"[0.1574154496192932, 0.20839470624923706]","[0.4872579276561737, 0.5127421021461487]",0.5127421021461487
00068957.npy,1,1,"[-0.22398218512535095, 0.2663557529449463]","[0.3798139989376068, 0.6201860308647156]",0.6201860308647156
00068958.npy,0,1,"[0.007948905229568481, 0.3037940263748169]","[0.4265734851360321, 0.5734264850616455]",0.5734264850616455
00068959.npy,1,1,"[-0.056247200816869736, 0.5109323263168335]","[0.3618879020214081, 0.6381121277809143]",0.6381121277809143
00068960.npy,0,1,"[-0.20056647062301636, 0.23288977146148682]","[0.3933013081550598, 0.6066986918449402]",0.6066986918449402
00068961.npy,0,1,"[0.19225388765335083, 0.49462541937828064]","[0.4249778389930725, 0.5750221014022827]",0.5750221014022827
00068962.npy,1,1,"[0.07795991748571396, 0.2506241500377655]","[0.4569408595561981, 0.5430591106414795]",0.5430591106414795
00068963.npy,0,1,"[-0.05092889815568924, 0.14425379037857056]","[0.4513586759567261, 0.5486413836479187]",0.5486413836479187
00068964.npy,0,1,"[-0.20961827039718628, 0.1012454554438591]","[0.4229039251804352, 0.5770960450172424]",0.5770960450172424
00068965.npy,1,1,"[-0.16021358966827393, 0.1973332166671753]","[0.4115535616874695, 0.5884464383125305]",0.5884464383125305
00068966.npy,1,1,"[-0.3357912600040436, 0.02168479561805725]","[0.41157066822052, 0.5884292721748352]",0.5884292721748352
00068967.npy,0,1,"[-0.040152840316295624, 0.2749776244163513]","[0.421862930059433, 0.5781370401382446]",0.5781370401382446
00068968.npy,1,1,"[0.009325232356786728, 0.26778119802474976]","[0.4357433021068573, 0.5642567276954651]",0.5642567276954651
00068969.npy,1,1,"[-0.009449932724237442, 0.1658286154270172]","[0.45629221200942993, 0.5437077879905701]",0.5437077879905701
00068970.npy,1,1,"[-0.04261471703648567, 0.346960186958313]","[0.40381962060928345, 0.5961803197860718]",0.5961803197860718
00068971.npy,0,1,"[-0.1908368468284607, 0.09139265865087509]","[0.42990729212760925, 0.5700927376747131]",0.5700927376747131
00068972.npy,1,1,"[0.26931032538414, 0.6943956017494202]","[0.3953005373477936, 0.6046994924545288]",0.6046994924545288
00068973.npy,1,1,"[-0.10701636224985123, 0.20481735467910767]","[0.4226672053337097, 0.5773327350616455]",0.5773327350616455
00068974.npy,1,1,"[-0.027122043073177338, 0.23961177468299866]","[0.43370911478996277, 0.5662908554077148]",0.5662908554077148
00068975.npy,1,1,"[0.1444011926651001, 0.4198029637336731]","[0.43158143758773804, 0.5684185028076172]",0.5684185028076172
00068976.npy,0,1,"[0.11302270740270615, 0.8685789108276367]","[0.3196118474006653, 0.6803882122039795]",0.6803882122039795
00068977.npy,0,1,"[-0.07476523518562317, 0.41181719303131104]","[0.3806990087032318, 0.6193010210990906]",0.6193010210990906
00068978.npy,1,1,"[0.017954647541046143, 0.26000723242759705]","[0.4397805631160736, 0.560219407081604]",0.560219407081604
00068979.npy,0,1,"[-0.0030186958611011505, 0.5383126139640808]","[0.36787793040275574, 0.6321220397949219]",0.6321220397949219
00068980.npy,0,1,"[-0.10579095780849457, 0.4027595818042755]","[0.37553340196609497, 0.624466598033905]",0.624466598033905
00068981.npy,1,1,"[-0.03023260273039341, 0.23600345849990845]","[0.4338313639163971, 0.5661686062812805]",0.5661686062812805
00068982.npy,1,1,"[-0.022212602198123932, 0.5111875534057617]","[0.36972418427467346, 0.6302757859230042]",0.6302757859230042
00068983.npy,1,1,"[-0.2037922441959381, 0.11986304074525833]","[0.41978520154953003, 0.58021479845047]",0.58021479845047
00068984.npy,1,1,"[-0.10907839238643646, 0.1706053614616394]","[0.4305313229560852, 0.5694686770439148]",0.5694686770439148
00068985.npy,1,1,"[-0.008809246122837067, 0.3825376629829407]","[0.40339308977127075, 0.5966069102287292]",0.5966069102287292
00068986.npy,1,1,"[-0.0502801351249218, 0.1472877860069275]","[0.45076805353164673, 0.5492319464683533]",0.5492319464683533
00068987.npy,1,1,"[0.26111099123954773, 0.4464551508426666]","[0.4537961483001709, 0.5462038516998291]",0.5462038516998291
00068988.npy,1,1,"[-0.23378616571426392, 0.3722374737262726]","[0.3529667854309082, 0.6470332145690918]",0.6470332145690918
00068989.npy,1,1,"[-0.21273529529571533, 0.02353302389383316]","[0.441206157207489, 0.5587937831878662]",0.5587937831878662
00068990.npy,1,1,"[-0.1112503856420517, 0.17527589201927185]","[0.42885449528694153, 0.5711454749107361]",0.5711454749107361
00068991.npy,1,1,"[-0.07030010223388672, 0.1835033893585205]","[0.4368875324726105, 0.5631124377250671]",0.5631124377250671
00068992.npy,1,1,"[0.12186241894960403, 0.6114662885665894]","[0.3799869120121002, 0.6200131177902222]",0.6200131177902222
00068993.npy,1,1,"[-0.24489575624465942, -0.0025645941495895386]","[0.43971195816993713, 0.5602880716323853]",0.5602880716323853
00068994.npy,1,1,"[-0.36547014117240906, 0.11646798998117447]","[0.3817945718765259, 0.6182054281234741]",0.6182054281234741
00068995.npy,1,1,"[0.15341472625732422, 0.4922071397304535]","[0.4161028563976288, 0.5838971734046936]",0.5838971734046936
00068996.npy,1,1,"[0.11141344159841537, 0.34758731722831726]","[0.4412294626235962, 0.5587705373764038]",0.5587705373764038
00068997.npy,0,1,"[0.06722922623157501, 0.5996899604797363]","[0.36994314193725586, 0.6300568580627441]",0.6300568580627441
00068998.npy,1,1,"[-0.02235347218811512, 0.3382590413093567]","[0.41081127524375916, 0.5891886949539185]",0.5891886949539185
00068999.npy,1,1,"[-0.1864832043647766, 0.012510694563388824]","[0.4504150450229645, 0.5495849847793579]",0.5495849847793579
00069000.npy,1,1,"[-0.09116481989622116, 0.24255812168121338]","[0.41733506321907043, 0.582664966583252]",0.582664966583252
00069001.npy,1,1,"[-0.10819540172815323, 0.21352949738502502]","[0.4202554523944855, 0.5797445774078369]",0.5797445774078369
00069002.npy,1,1,"[0.03554101288318634, 0.5168666243553162]","[0.3819391429424286, 0.618060827255249]",0.618060827255249
00069003.npy,1,1,"[0.20657268166542053, 0.207340270280838]","[0.49980810284614563, 0.500191867351532]",0.500191867351532
00069004.npy,1,1,"[0.14676588773727417, 0.23814865946769714]","[0.4771701991558075, 0.5228297710418701]",0.5228297710418701
00069005.npy,1,1,"[0.08132017403841019, 0.3810438811779022]","[0.4256250262260437, 0.5743749737739563]",0.5743749737739563
00069006.npy,1,1,"[-0.24363794922828674, -0.052866458892822266]","[0.452451229095459, 0.547548770904541]",0.547548770904541
00069007.npy,1,1,"[-0.3002851903438568, 0.5290144681930542]","[0.30379319190979004, 0.69620680809021]",0.69620680809021
00069008.npy,1,1,"[-0.1093289703130722, 0.17964252829551697]","[0.42825567722320557, 0.5717443227767944]",0.5717443227767944
00069009.npy,1,1,"[-0.1826217770576477, -0.0699111670255661]","[0.4718521237373352, 0.52814781665802]",0.52814781665802
00069010.npy,1,1,"[0.18305644392967224, 0.47156283259391785]","[0.42836958169937134, 0.5716304183006287]",0.5716304183006287
00069011.npy,1,1,"[0.028328105807304382, 0.33588430285453796]","[0.423711359500885, 0.5762885808944702]",0.5762885808944702
00069012.npy,1,1,"[-0.2641355097293854, -0.03066815249621868]","[0.44189685583114624, 0.5581031441688538]",0.5581031441688538
00069013.npy,1,1,"[0.005708206444978714, 0.2003246247768402]","[0.4514988660812378, 0.5485010743141174]",0.5485010743141174
00069014.npy,1,1,"[0.21165677905082703, 0.3969902992248535]","[0.453798770904541, 0.5462011694908142]",0.5462011694908142
00069015.npy,1,1,"[0.15207934379577637, 0.628993809223175]","[0.3829810321331024, 0.61701899766922]",0.61701899766922
00069016.npy,0,1,"[-0.09316384047269821, 0.18311506509780884]","[0.43136629462242126, 0.5686337351799011]",0.5686337351799011
00069017.npy,0,1,"[-0.16257643699645996, 0.19045346975326538]","[0.41264790296554565, 0.5873521566390991]",0.5873521566390991
00069018.npy,1,1,"[0.04119161516427994, 0.21404561400413513]","[0.45689377188682556, 0.543106198310852]",0.543106198310852
00069019.npy,1,1,"[0.12236768752336502, 0.24734237790107727]","[0.4687969386577606, 0.5312030911445618]",0.5312030911445618
00069020.npy,1,1,"[-0.2026369273662567, 0.2853696644306183]","[0.3803632855415344, 0.6196367144584656]",0.6196367144584656
00069021.npy,1,1,"[-0.024205755442380905, 0.122034452855587]","[0.46350497007369995, 0.5364950299263]",0.5364950299263
00069022.npy,1,1,"[-0.05173744633793831, 0.25155937671661377]","[0.42475172877311707, 0.5752482414245605]",0.5752482414245605
00069023.npy,1,1,"[-0.2323697805404663, 0.14753496646881104]","[0.40614983439445496, 0.5938501358032227]",0.5938501358032227
00069024.npy,1,1,"[-0.11614350229501724, 0.4151870906352997]","[0.3702066242694855, 0.6297934055328369]",0.6297934055328369
00069025.npy,1,1,"[-0.20862078666687012, 0.46844562888145447]","[0.33691635727882385, 0.6630836725234985]",0.6630836725234985
00069026.npy,1,1,"[-0.04724232107400894, 0.291749507188797]","[0.4160543978214264, 0.5839455723762512]",0.5839455723762512
00069027.npy,1,1,"[-0.062005214393138885, 0.22575637698173523]","[0.42855194211006165, 0.571448028087616]",0.571448028087616
00069028.npy,1,1,"[0.1827845573425293, 0.6657631993293762]","[0.38154900074005127, 0.6184509992599487]",0.6184509992599487
00069029.npy,1,1,"[-0.43439164757728577, 0.02811410278081894]","[0.3863915503025055, 0.6136084794998169]",0.6136084794998169
00069030.npy,1,1,"[-0.13829851150512695, -0.016190990805625916]","[0.4695110023021698, 0.5304890275001526]",0.5304890275001526
00069031.npy,0,1,"[-0.26341307163238525, 0.16503053903579712]","[0.3944980204105377, 0.6055019497871399]",0.6055019497871399
00069032.npy,1,1,"[-0.027159985154867172, 0.3057548999786377]","[0.4175315499305725, 0.5824684500694275]",0.5824684500694275
00069033.npy,1,1,"[-0.11963360011577606, 0.04013947397470474]","[0.46014147996902466, 0.5398585200309753]",0.5398585200309753
00069034.npy,1,1,"[-0.12490922212600708, 0.10031122714281082]","[0.4439316987991333, 0.5560683012008667]",0.5560683012008667
00069035.npy,0,1,"[0.16190803050994873, 0.3580339848995209]","[0.4511251151561737, 0.5488749146461487]",0.5488749146461487
00069036.npy,0,1,"[0.08846049755811691, 0.3952260911464691]","[0.4239044189453125, 0.5760955810546875]",0.5760955810546875
00069037.npy,1,1,"[-0.32969561219215393, 0.027750559151172638]","[0.4115779399871826, 0.5884220600128174]",0.5884220600128174
00069038.npy,0,1,"[-0.29002463817596436, 0.11708133667707443]","[0.39960622787475586, 0.6003937721252441]",0.6003937721252441
00069039.npy,0,1,"[-0.04506372660398483, 0.49871131777763367]","[0.3673098385334015, 0.6326901316642761]",0.6326901316642761
00069040.npy,0,1,"[-0.023999076336622238, 0.38612300157546997]","[0.39888283610343933, 0.6011171340942383]",0.6011171340942383
00069041.npy,0,1,"[0.203500896692276, 0.6279090046882629]","[0.39546239376068115, 0.6045375466346741]",0.6045375466346741
00069042.npy,1,1,"[-0.0016501843929290771, 0.34892356395721436]","[0.41324329376220703, 0.586756706237793]",0.586756706237793
00069043.npy,0,1,"[0.08384741097688675, 0.26661384105682373]","[0.4544351398944855, 0.5455648303031921]",0.5455648303031921
00069044.npy,1,1,"[-0.14693212509155273, 0.31682994961738586]","[0.38609373569488525, 0.6139062643051147]",0.6139062643051147
00069045.npy,1,1,"[-0.12381374090909958, 0.099425308406353]","[0.44442084431648254, 0.5555791258811951]",0.5555791258811951
00069046.npy,1,1,"[0.13257405161857605, 0.599399983882904]","[0.3853677809238434, 0.614632248878479]",0.614632248878479
00069047.npy,1,1,"[-0.10890192538499832, 0.20647895336151123]","[0.4218018651008606, 0.5781981348991394]",0.5781981348991394
00069048.npy,0,1,"[-0.15185478329658508, 0.042444176971912384]","[0.4515775144100189, 0.5484225153923035]",0.5484225153923035
00069049.npy,1,1,"[-0.15212541818618774, -0.02099967747926712]","[0.46726545691490173, 0.5327345728874207]",0.5327345728874207
00069050.npy,0,1,"[-0.18630731105804443, 0.5471593737602234]","[0.32443445920944214, 0.6755655407905579]",0.6755655407905579
00069051.npy,0,1,"[-0.3469630777835846, 0.2006421685218811]","[0.3664201498031616, 0.6335797905921936]",0.6335797905921936
00069052.npy,1,1,"[-0.07964327186346054, 0.658949613571167]","[0.3233119249343872, 0.676688015460968]",0.676688015460968
00069053.npy,0,1,"[0.004754889756441116, 0.3474774956703186]","[0.4151482880115509, 0.5848517417907715]",0.5848517417907715
00069054.npy,1,1,"[-0.06365431100130081, 0.4905870854854584]","[0.36488091945648193, 0.6351190805435181]",0.6351190805435181
00069055.npy,0,1,"[0.1916114091873169, 0.7146596312522888]","[0.37213975191116333, 0.6278602480888367]",0.6278602480888367
00069056.npy,1,1,"[-0.03229375556111336, 0.12708964943885803]","[0.4602382779121399, 0.5397617220878601]",0.5397617220878601
00069057.npy,0,1,"[-0.301143616437912, 0.10635601729154587]","[0.39951181411743164, 0.6004881858825684]",0.6004881858825684
00069058.npy,0,1,"[-0.08728599548339844, 0.0326513797044754]","[0.47005152702331543, 0.5299484729766846]",0.5299484729766846
00069059.npy,1,1,"[-0.22163760662078857, 0.08597544580698013]","[0.42369750142097473, 0.5763025283813477]",0.5763025283813477
00069060.npy,1,1,"[-0.13946327567100525, 0.09166409820318222]","[0.44247400760650635, 0.5575259923934937]",0.5575259923934937
00069061.npy,0,1,"[0.025269344449043274, 0.28786683082580566]","[0.4347253143787384, 0.565274715423584]",0.565274715423584
00069062.npy,1,1,"[-0.3496965169906616, -0.06406238675117493]","[0.4290730357170105, 0.5709269642829895]",0.5709269642829895
00069063.npy,1,1,"[-0.12743207812309265, 0.3689924478530884]","[0.37838128209114075, 0.6216187477111816]",0.6216187477111816
00069064.npy,1,1,"[0.13832727074623108, 0.6217250823974609]","[0.3814500868320465, 0.6185498833656311]",0.6185498833656311
00069065.npy,0,1,"[-0.10972240567207336, 0.4475038945674896]","[0.364189475774765, 0.6358104944229126]",0.6358104944229126
00069066.npy,0,1,"[-0.23416656255722046, 0.23020166158676147]","[0.3859500586986542, 0.6140499114990234]",0.6140499114990234
00069067.npy,0,1,"[0.004356160759925842, 0.566698431968689]","[0.363005667924881, 0.6369943618774414]",0.6369943618774414
00069068.npy,0,1,"[-0.004661746323108673, 0.318631112575531]","[0.4198734760284424, 0.5801265835762024]",0.5801265835762024
00069069.npy,1,1,"[-0.04778103902935982, 0.10932710021734238]","[0.4608035683631897, 0.5391964316368103]",0.5391964316368103
00069070.npy,1,1,"[-0.13418899476528168, 0.19954857230186462]","[0.4173314869403839, 0.5826684832572937]",0.5826684832572937
00069071.npy,1,1,"[-0.1614263504743576, 0.11260760575532913]","[0.4319170415401459, 0.5680829882621765]",0.5680829882621765
00069072.npy,1,1,"[0.012166127562522888, 0.5969000458717346]","[0.3578440546989441, 0.6421559453010559]",0.6421559453010559
00069073.npy,1,1,"[-0.07374133169651031, 0.5716699361801147]","[0.34402433037757874, 0.6559756994247437]",0.6559756994247437
00069074.npy,1,1,"[-0.0207584910094738, 0.29804548621177673]","[0.4209672510623932, 0.5790327191352844]",0.5790327191352844
00069075.npy,0,1,"[-0.2386111617088318, 0.011884145438671112]","[0.43770161271095276, 0.5622983574867249]",0.5622983574867249
00069076.npy,0,1,"[0.14855873584747314, 0.6009037494659424]","[0.3888033628463745, 0.6111966371536255]",0.6111966371536255
00069077.npy,0,1,"[-0.1819724440574646, 0.17669114470481873]","[0.41128307580947876, 0.5887168645858765]",0.5887168645858765
00069078.npy,0,1,"[-0.1940954327583313, 0.44934317469596863]","[0.34446966648101807, 0.6555303335189819]",0.6555303335189819
00069079.npy,0,1,"[-0.12753549218177795, 0.3928065001964569]","[0.3727722764015198, 0.627227783203125]",0.627227783203125
00069080.npy,0,1,"[0.0879855677485466, 0.6361229419708252]","[0.366296648979187, 0.633703351020813]",0.633703351020813
00069081.npy,0,1,"[-0.2839549779891968, 0.13617125153541565]","[0.3964865505695343, 0.6035134792327881]",0.6035134792327881
00069082.npy,0,1,"[-0.03998322784900665, 0.3308905065059662]","[0.40832990407943726, 0.5916700959205627]",0.5916700959205627
00069083.npy,0,1,"[-0.1125296801328659, 0.24563837051391602]","[0.4114031195640564, 0.5885969400405884]",0.5885969400405884
00069084.npy,1,1,"[0.068756602704525, 0.29607293009757996]","[0.4434143900871277, 0.5565856099128723]",0.5565856099128723
00069085.npy,1,1,"[-0.036882027983665466, 0.4514279067516327]","[0.38029178977012634, 0.6197081804275513]",0.6197081804275513
00069086.npy,0,1,"[0.07908476144075394, 0.5519313216209412]","[0.38394269347190857, 0.616057276725769]",0.616057276725769
00069087.npy,0,1,"[0.33796846866607666, 0.7635188102722168]","[0.3951893746852875, 0.6048106551170349]",0.6048106551170349
00069088.npy,0,1,"[0.25878071784973145, 0.7625390887260437]","[0.3766578435897827, 0.6233421564102173]",0.6233421564102173
